2.539451208613561217e-01
5.348177531378621730e-01
3.956171106652341951e-01
2.278111628954101742e-01
2.712956287947317358e-01
2.498002743776384094e-01
3.838243034599453929e-01
5.431970839752487956e-01
5.462209321899299530e-01
3.429851310282265864e-01
3.250737447889123777e-01
2.397193696959911413e-01
4.076943498606940275e-01
2.474410284323849962e-01
5.547440563048318118e-01
2.007765431935717160e-01
1.544332098074698290e-01
1.473902250903859901e-01
4.887799119703272188e-01
6.704874334249373569e-02
1.686147380271476870e-01
5.811266035441366995e-01
3.062808072403816473e-01
2.332341356403258292e-01
2.801877247434881868e-01
5.599614795783592891e-01
3.969810649967009941e-01
2.562962051625747861e-01
2.962568486388491018e-01
1.424865436123061435e-01
4.198035811250469540e-01
2.796551673620987777e-01
6.241533265953668197e-01
5.641750209474266642e-01
3.207003726879787964e-01
5.234126971456878330e-01
3.074259177143534028e-01
5.244475349458255220e-01
3.577996672250361443e-01
1.790851999752536838e-01
2.045896587548595436e-01
6.241533265953668197e-01
4.621623420614100475e-01
1.644950800422405046e-01
3.609120309705794449e-01
2.004379304345901835e-01
2.460481683086106763e-01
5.435288720644223526e-01
2.903311225503050763e-01
5.635990815951203992e-01
3.373347175869518821e-01
2.973034113381289867e-01
3.989063200443729307e-01
1.955365998608922240e-01
3.969810649967009941e-01
7.179570447926490739e-02
2.358621796146708194e-01
4.454187131614511519e-01
5.758371546428898702e-01
1.547692998500196093e-01
3.083729601806606269e-01
4.031113737110871842e-01
2.043400938010941914e-01
4.186793230004029476e-01
1.849695170731167904e-01
4.297359256542668260e-01
6.000798854417412065e-02
1.033217046556950958e-01
3.660608677676911449e-01
4.349780946441896279e-01
3.973576214022970787e-01
2.118705470336218477e-01
2.580037744470403682e-01
5.530124079721424613e-01
1.659164770769158415e-01
3.062702049921470770e-01
5.169177985842644540e-01
5.691551737549778167e-01
3.824960601539010852e-01
5.026519451560410578e-01
9.401920854964981866e-02
1.813391443627696553e-01
3.814329924802460359e-01
4.015578586149415319e-01
6.195765329771262264e-01
5.549288173497057830e-01
5.330831503239165103e-01
1.123578861599366513e-01
3.385760788758516715e-01
5.923191657607110860e-01
1.398924331934113252e-01
3.083729601806606269e-01
3.819788483013841218e-01
4.432366333993163487e-01
3.887652981913656269e-01
3.387467804357084389e-01
7.007020219516540971e-02
9.122860938037136158e-02
3.564415638578219414e-01
3.738053438303045595e-01
1.433890691919238458e-01
3.328984096823729977e-01
4.017933501557920395e-01
5.429539309474014086e-01
3.621246644116540847e-01
2.608718822623402045e-01
4.421666426251146254e-01
4.711748218179365733e-01
6.296070666896453893e-01
4.299882376259784866e-01
3.145167233480361535e-01
4.176730531890869846e-01
1.713025229117393078e-01
4.536487922327506750e-01
1.205929596297883460e-01
2.679656882146138064e-01
4.206743041175422526e-01
5.323955464434753093e-01
3.487051105760257674e-01
3.702853854633763597e-01
5.623279971334170790e-01
4.309140661373189185e-01
5.064972871698713019e-01
8.963569070291534102e-02
3.614332436636422674e-01
2.751099236539732984e-01
3.472534189089885315e-01
3.233531054198545140e-01
4.368393800016707740e-01
6.263137502437569060e-01
1.629167760947927979e-01
2.999938918945370681e-01
4.179359074359220161e-01
3.341884913805997503e-01
4.361149956619408963e-01
4.023157813320129561e-01
2.944413660040336445e-01
5.523513848605708931e-01
5.051191701414298185e-01
2.979768325652050742e-01
8.921034674305329537e-02
4.077748085185717297e-01
4.866906221484540995e-01
2.045896587548595436e-01
5.350211428496716159e-01
4.058547153160414478e-01
3.483128312371089330e-01
3.782998882243137073e-01
2.924396993921225540e-01
3.364932616805845211e-01
2.590130472793750749e-01
2.636906396907970351e-01
5.815479686986340102e-01
4.015578586149415319e-01
4.571014077597884140e-01
4.239035299915617783e-01
3.937119191697657783e-01
1.196277544574768925e-01
4.356980332821677182e-01
5.124527756683928958e-02
3.873928412941922694e-01
4.233812571152512638e-01
1.904797950769597237e-01
3.441574982937976035e-01
2.935041669234226269e-01
1.093405354134100865e-01
4.475157893017014943e-01
7.202627884863706254e-02
2.161918404388822879e-01
8.525225621568720269e-02
3.518741969316854790e-01
4.717710191933146557e-01
2.067465672721464920e-01
3.167163010189152361e-01
2.924126935105585967e-01
3.630799255848002893e-01
4.054130088829054346e-01
3.172719142677549176e-01
3.963557253665753177e-01
1.649126744783204201e-01
3.559925778115373696e-01
1.497005370305699579e-01
2.326875610773095626e-01
4.678477309480245649e-01
2.412344567872933832e-01
4.063120261914292541e-01
2.528356299460169376e-01
3.328984096823729977e-01
1.238824912214827600e-01
5.734027553214573469e-01
3.065368621786551673e-01
3.925337230790629794e-01
5.942685178381461597e-01
5.105873126172486565e-01
2.844744690633776441e-01
4.019676268198631441e-01
6.208456077679380680e-01
4.477756238971923319e-01
2.062911249177628581e-01
2.508187207053721446e-01
2.346204684652992700e-01
1.804373858569134903e-01
4.616394316199974868e-01
5.132951112670069982e-01
3.946714526735209394e-01
1.874821376500162839e-01
1.479659226793360038e-01
2.502621847852884440e-01
3.988616659574983903e-01
6.757811206685655769e-02
5.921490522907382203e-01
3.397058680388623797e-01
5.068153697920807499e-01
1.915763113241988891e-01
3.831032456010642906e-01
6.089063423794196517e-01
7.505638068932585227e-02
4.093713143572280111e-01
5.401227213548823736e-01
4.313180687123454038e-01
3.405176554446210924e-01
4.082352705288143646e-01
3.796557095990571451e-01
3.557816018649537781e-01
1.987777710898057937e-01
3.731134398673988106e-01
2.440081495677160761e-01
1.640736004503161316e-01
4.591943046992523203e-01
2.502811961575884814e-01
2.040882281457419289e-01
6.247778394904383026e-01
1.005766691481539271e-01
1.842118709391455111e-01
4.173830626165726532e-01
3.064943358379828564e-01
1.408218817108448095e-01
2.650345247533859028e-01
8.406409835215881976e-02
5.002345747681750110e-01
3.172719142677549176e-01
3.930713146678461167e-01
3.808560107183524557e-01
4.527355871778245833e-01
4.198363101252365892e-01
3.216671384084550112e-01
5.329398077282210267e-01
5.474641367425271410e-01
1.931680258621525370e-01
2.768843523555562514e-01
2.462259728883476051e-01
2.503054435878574457e-01
3.599740111834073275e-01
4.668522995355646188e-01
2.503330074168403918e-01
4.730091340348069329e-01
4.027672689950038132e-01
3.260007985394806074e-01
9.370160124292969961e-02
3.127797670312202905e-01
1.656048764358703795e-01
2.879505131850348953e-01
1.593681396670763306e-01
3.031496454064622759e-01
2.937971093787049015e-01
2.276034276795597111e-01
4.159142293455139749e-01
2.953405547088491234e-01
4.451973398314546526e-01
1.476246012560962773e-01
1.562512332441959584e-01
4.865083321620634060e-01
3.083729601806606269e-01
2.128592048105851509e-01
5.503216301486668627e-01
2.944561797782497270e-01
1.335535215759441063e-01
4.222171873426861510e-01
4.117212853620970670e-01
4.685848982913536354e-01
3.017090249628374132e-01
3.959852015075978615e-01
3.574572079757167842e-01
4.228146729446496388e-01
2.803859085397936157e-01
4.405658848279980777e-01
2.815278260952178702e-01
3.669770205478038450e-01
2.797337016834424706e-01
1.931541205194643451e-01
3.050402232113177403e-01
2.000864030845593278e-01
2.816781970822080372e-01
3.339951661338754207e-01
3.208791293538479361e-01
5.132951112670069982e-01
5.734027553214573469e-01
4.743378340511639757e-01
3.855126278199779155e-01
4.078692879959600059e-01
3.344496814515545702e-01
2.844945152576789926e-01
3.786883797987294908e-01
5.599614795783592891e-01
2.497802710064251086e-01
6.006801040817836279e-01
1.845264762642422618e-01
2.811341456513816173e-01
2.994583965582772733e-01
3.130097891698478407e-01
2.485094139644223321e-01
3.768416647890756588e-01
2.973669433389417582e-01
1.649325429360184725e-01
3.541960253722458152e-01
3.212242625516210648e-01
2.203441843930120381e-01
2.156786776548550721e-01
2.526465830583945471e-01
1.525137587433810782e-01
3.747628767059076882e-01
6.306330680702929570e-01
6.378627229936129073e-01
1.080882580828222833e-01
4.088834469218524115e-01
2.857818007745598354e-01
1.505764301833696084e-01
4.761102436233578539e-01
5.514684168555047394e-01
1.393579450312368018e-01
3.921726095936827194e-01
3.504610051956492667e-01
3.829688858756624126e-01
1.970606795928042665e-01
3.223380938779640270e-01
4.643041045097904274e-01
4.443751298889157542e-01
1.331769898040175704e-01
6.269637040028277486e-01
2.900058383735371059e-01
4.516605218676898459e-01
5.437133449889078873e-01
5.652761214478165819e-01
4.132872268453005038e-01
3.442622783868925507e-01
4.751427964752962252e-01
2.701607459709137737e-01
5.195739683886532179e-01
3.473974782717110243e-01
5.553846859601186958e-01
5.056835765709133401e-01
5.313206116813953273e-01
3.805666378584891540e-01
1.699506254622865642e-01
4.627040744972915620e-01
3.425122169578613263e-01
3.447350475655472923e-01
2.753483979476333832e-01
4.575803606131443879e-01
5.027345236607163592e-01
3.967540786200453584e-01
3.860343146851952234e-01
1.011068202253897763e-01
3.998594827822655184e-01
3.144029841868009600e-01
4.843555768606793710e-01
3.590117161101711307e-01
1.390141333206999785e-01
4.367041384532617254e-01
5.421456890230897940e-01
4.246678969597463826e-01
2.736448374031182906e-01
5.681911511027455397e-01
2.588075844935582293e-01
5.103527094475959203e-01
4.290155370620457043e-01
1.808920183144475391e-01
1.331854501702733062e-01
4.341267731090657778e-01
1.616702699028954304e-01
2.307461253466088213e-01
2.550066246607813891e-01
5.328703260205982506e-01
5.537461204692981642e-01
1.845264762642422618e-01
2.709483473746681637e-01
3.328984096823729977e-01
5.503216301486668627e-01
4.748766367433983060e-01
4.559299134823642241e-01
3.328984096823729977e-01
5.010551326957591867e-01
1.391620132928163001e-01
3.959554203365343028e-01
3.045492340559754485e-01
2.018296747674661051e-01
3.096540793807424641e-01
4.818043817241933757e-01
2.134757808828341152e-01
1.621855852746734994e-01
4.064013699124989776e-01
4.445118174441229919e-01
1.975855285065274691e-01
2.981803833832924466e-01
3.910319361944814553e-01
3.888333445979622605e-01
2.981826941670141506e-01
5.438418886737407254e-01
1.736676227315522569e-01
5.092546136312572358e-01
3.417021797899170155e-01
3.329297870528614700e-01
3.560612476474593890e-01
3.503883237094697622e-01
3.392697159265487539e-01
2.778771495244644063e-01
2.887573624235293401e-01
5.346675370207777389e-01
2.230089240119858818e-01
4.559299134823642241e-01
5.702189724353760036e-01
4.170797512573097832e-01
5.346675370207777389e-01
4.094403275054311342e-01
9.277636071753354863e-02
3.966620813226705566e-01
5.664412210532854264e-01
2.852520646239440349e-01
1.778008298583643454e-01
2.626690426439666215e-01
2.495625514628701802e-01
6.001987648806647035e-01
2.709153838868896269e-01
1.730194807425000092e-01
5.499204960969020783e-01
3.019526976883551428e-01
3.598735904183113510e-01
4.068039680565408989e-01
3.755333453405010902e-01
2.256983433457509514e-01
3.342787061149650740e-01
5.325870487986508195e-01
3.321620632534841300e-01
3.917483613643889528e-01
5.438418886737407254e-01
1.037235238768686590e-01
5.393496313652395013e-01
5.540475845112217135e-01
2.623345831008879747e-01
1.715480944046656742e-01
3.777250884650591445e-01
3.905957305533077628e-01
4.125029576390693009e-01
5.503216301486668627e-01
2.244504724277710528e-01
2.903771729608804475e-01
3.842204179597908387e-01
4.275045689905396240e-01
2.983174800445058117e-01
4.038356788488920990e-01
4.225770440951597817e-01
2.607940086846146643e-01
2.853144341650076243e-01
4.695743305217854324e-01
4.996401742474924218e-02
4.970148219432917736e-01
2.509955285049771945e-01
1.450214372880247182e-01
2.701878897802394985e-01
1.796174880493102699e-01
4.753344440340009358e-01
2.791335054423695894e-01
4.169063057976927777e-01
3.289288545204580583e-01
2.463946705979267737e-01
2.701635389301341172e-01
3.083729601806606269e-01
5.342851463851939764e-01
1.839274887360112243e-01
1.900710029682026736e-01
2.112676744534858764e-01
1.895453510176391410e-01
5.082481970573191621e-01
1.645512785892260799e-01
4.048473146425946578e-01
3.527024924300053987e-01
3.328984096823729977e-01
4.023157813320129561e-01
5.466155479856333876e-01
7.862741910088366648e-02
3.257384226223814516e-01
3.337904041083974427e-01
2.883050150766521269e-01
3.647648281514312418e-01
2.480204006996229726e-01
5.068153697920807499e-01
3.971766824219704062e-01
3.385760788758516715e-01
4.617858088343300138e-01
7.756259474516308261e-02
3.997279300479210651e-01
5.319422441001588897e-01
3.711745890089711564e-01
5.214271874146523267e-01
3.838075454967442846e-01
5.496264291198005303e-01
1.183987267376308689e-01
3.297278970684265897e-01
3.925248631692381807e-01
2.898036551918392600e-01
4.463553736273965233e-01
4.231900131537574827e-01
5.394507973767947995e-01
5.918381466413873832e-02
3.946964102186867884e-01
4.315701175091567476e-01
4.330195289506952872e-01
2.296102151844359729e-01
5.734027553214573469e-01
1.947830750333868766e-01
2.525220557010983136e-01
2.291262075436585055e-01
4.575803606131443879e-01
2.240832978124003283e-01
2.159480049440541949e-01
4.043389017913354699e-01
3.672317912091941916e-01
4.541392311321995057e-01
2.763167606990507563e-01
4.836546460610571252e-01
5.530749748943812882e-01
5.350211428496716159e-01
1.918476742691730130e-01
3.647911154989961768e-01
5.235639241786806952e-01
3.639207863333954740e-01
4.974157319014211875e-01
2.043794496741583866e-01
4.397311642034393286e-01
3.804030278851638358e-01
3.590117161101711307e-01
3.110862182544466559e-01
5.319422441001588897e-01
1.354329648582109080e-01
1.188300257052191389e-01
1.634974742147275450e-01
2.147376756345710791e-01
4.278468028989490524e-01
5.185261077964111731e-01
3.340302633963491696e-01
1.472135665479518962e-01
2.485094139644223321e-01
3.946964102186867884e-01
3.087435460915399221e-01
3.042162890158479627e-01
3.892788198786040210e-01
2.647364920673009880e-01
4.023157813320129561e-01
3.052338621475558789e-01
4.081778786520379732e-01
3.973546745086267706e-01
3.265382571895997232e-01
2.321593524220866289e-01
5.124971252644023867e-01
2.028280749008985195e-01
2.045896587548595436e-01
3.467521272670279764e-01
5.319422441001588897e-01
1.543591714946124238e-01
3.124569935138981069e-01
1.881824388878805820e-01
4.139434235246070015e-01
5.367173425003225473e-01
4.664583097676749390e-01
3.006591683157828765e-01
1.968364875265829206e-01
5.925645574382435443e-01
5.743002569836951343e-01
3.810805984823800174e-01
4.143388427729089440e-01
3.916665423458892126e-01
3.478740375015365593e-01
4.370412484544594633e-01
3.111662066898721601e-01
5.346675370207777389e-01
4.781808476115517181e-01
1.396083121903261837e-01
5.104380571093382057e-01
2.229781557271671433e-01
2.140336489959261679e-01
4.192636635773700493e-01
4.943335476232360581e-01
2.783308522428660781e-01
4.743378340511639757e-01
1.857774163087845543e-01
1.925562304887737108e-01
3.796525609587511618e-01
2.060370602136880058e-01
1.181694605512346868e-01
3.265091119206056658e-01
4.324959714856830839e-01
2.364912726053117198e-01
3.066103284083169789e-01
3.418481668152386632e-01
3.083729601806606269e-01
2.338396551446367544e-01
5.097070277073153521e-01
5.187632537428257251e-01
2.498530244187621707e-01
1.906967590840413784e-01
3.387467804357084389e-01
2.987805593561561612e-01
2.795286969591523896e-01
2.392028874990034526e-01
1.854081183126720378e-01
2.463043605510086831e-01
3.969675011993217817e-01
3.096010689710858022e-01
3.508473443901932165e-01
1.515162737975462581e-01
4.111055547340183303e-01
5.733257268760835190e-01
3.585059038260546838e-01
2.886603689606301870e-01
5.865344309477225071e-01
2.535531647743903272e-01
5.367173425003225473e-01
1.214685941810272063e-01
4.377475362976683271e-01
4.742892261044129865e-01
5.925645574382435443e-01
2.968376455013412296e-01
2.866215638177355696e-01
2.823629432490991631e-01
6.127027731509384623e-01
5.506133857184094538e-01
4.868241667800297656e-01
3.328984096823729977e-01
4.267917032299767821e-01
2.324875619770413460e-01
3.850200059304644679e-02
5.688808462466125038e-01
5.403084752301859917e-01
2.873135032240224374e-01
2.120408775293419201e-01
5.997248733629209072e-01
1.299615767665008859e-01
2.729753450904305323e-01
3.430809027858421345e-01
4.314417617470016064e-01
3.620520022582279229e-01
2.159433481411086875e-01
3.573262855307069996e-01
4.606796075013049885e-01
2.967150199257000409e-01
2.900154373973887201e-01
4.506399201458378134e-01
5.288550054503103892e-01
2.078432844345050323e-01
5.370491305894962153e-01
3.083729601806606269e-01
2.824212399195197287e-01
3.622003388367174836e-01
1.652917788576550306e-01
2.562015432713041774e-01
4.132901342419478818e-01
1.170130712866010586e-01
3.083729601806606269e-01
2.252139159971348614e-01
1.830817494814443447e-01
5.724235736078768788e-01
2.855037369517628987e-01
3.876188795344179816e-01
2.986671333647371585e-01
3.207714473729009197e-01
1.659613485013561318e-01
4.797195900935367630e-01
5.664412210532854264e-01
4.999145270651341733e-01
5.638414848031688686e-01
2.628591162463066455e-01
2.061651961437285518e-01
4.905558228496662010e-01
4.155625563761958796e-01
3.763885650239111591e-01
3.312132282459721022e-01
2.458204651649280315e-01
3.812733680683551007e-01
1.860391844914279502e-01
2.145451353392081872e-01
1.366069850741924163e-01
1.792002751752599932e-01
2.937900756864940122e-01
1.652538453971147681e-01
3.667987812929354163e-01
3.602738511701108481e-01
6.023426426025032532e-01
2.671532465094880182e-01
3.908603601913244741e-01
5.350211428496716159e-01
6.820524683667533727e-02
1.869586818378683735e-01
4.650543764456371298e-01
4.477756238971923319e-01
2.777944710299573017e-01
4.282815006893018195e-01
3.181737923040752758e-01
3.614936584138884190e-01
3.790426707970320774e-01
3.009555117765598808e-01
5.386202903570082023e-01
5.347787005603583665e-01
2.892296470360761762e-01
3.816098475723391226e-01
5.708513734056286371e-01
6.423100649112508664e-01
4.197496106259139825e-01
4.514536333432840332e-01
3.335485991763071367e-01
3.980978112033377592e-01
1.749454038095575037e-01
1.390594117723557288e-01
3.831551781577525184e-01
3.111226152807941014e-01
3.776275317538247966e-01
4.683395066138212881e-01
5.581774142268133287e-01
5.132951112670069982e-01
2.258403892957587533e-01
5.525877811950655749e-01
3.674363094964647747e-01
3.280337992830339444e-01
2.716297806767895007e-01
1.907708452090844664e-01
2.736748648069380896e-01
2.721710291702003071e-01
2.214180131345097335e-01
3.614895127855715096e-01
2.088177090434896466e-01
1.797312129708293349e-01
4.381689969725975353e-01
2.834173595156348480e-01
5.590925045370086499e-01
2.861664010606986275e-01
3.461607526860313033e-01
3.049571571262880143e-01
4.602592395426976513e-01
3.328984096823729977e-01
1.776257590962528887e-01
3.020034704877220255e-01
3.289394428407950710e-01
4.591535578034035003e-01
2.247820500393881982e-01
1.453382582921695088e-01
1.838546681787351367e-01
6.100599597845584032e-01
3.492252945795198404e-01
4.123530519893732205e-01
3.387467804357084389e-01
3.674028314040529986e-01
1.728753594318151732e-01
4.053239108748943331e-01
4.025385575339010535e-01
4.408575285588020032e-01
1.401188387559504644e-01
3.444016490372325823e-01
1.985549255602485075e-01
3.090793233800316897e-01
4.069688321642845330e-01
5.509373440424806256e-01
3.328984096823729977e-01
4.851895942303505183e-01
5.021210186898809047e-01
5.350211428496716159e-01
1.884572083471447446e-01
5.431970839752487956e-01
5.388810783898452250e-01
2.721442389631695269e-01
6.358303234363246181e-01
1.610068394477749132e-01
2.685993957048098402e-01
3.593452568277684667e-01
2.577394880173651814e-01
3.744779119216848362e-01
3.162492777216441286e-01
3.647911154989961768e-01
4.358704753095227202e-01
5.431970839752487956e-01
3.233456932837999731e-01
1.733068084880906579e-01
5.578988783106525462e-01
1.995026319922994507e-01
2.066667297569244610e-01
1.324607202315925825e-01
1.848175147551391895e-01
2.376886664318991760e-01
5.347793499745673307e-01
2.973781090433906260e-01
3.624378949285335105e-01
6.100599597845584032e-01
4.180071822044472141e-01
3.047988186543127420e-01
4.028565282132323122e-01
3.328419910953938077e-01
5.512898641190014937e-01
3.298122454554883176e-01
4.189682967324553364e-01
2.792967823934277560e-01
2.503054435878574457e-01
5.770721815447640290e-01
5.590222879768799169e-01
5.664412210532854264e-01
5.635990815951203992e-01
2.237216148423128437e-01
3.817124279930742548e-01
2.423279596195604402e-01
4.343353504430213508e-01
3.147972308932189267e-01
3.831120555159731600e-01
2.662030701622886686e-01
2.530607633925984756e-01
2.521484010794147190e-01
1.448958969360292781e-01
3.981669607202095729e-01
2.070451910623617164e-01
2.078585252962666663e-01
2.490890342313886174e-01
2.983098854945689937e-01
1.024484923113585105e-01
5.573618589090045816e-01
5.613941817003986756e-01
4.801472453568182419e-01
5.829143806803842587e-01
4.325497161242084498e-01
2.043312241209532254e-01
4.192587994150540620e-01
4.321622331790314075e-01
3.790918548806205268e-01
1.890605870088721552e-01
5.061363171210480072e-01
3.184661594540363905e-01
2.346462250976031338e-01
1.919428254038305359e-01
4.005625279198901101e-01
3.083729601806606269e-01
5.549630650104279139e-01
3.826135915490373463e-01
3.409732525649709634e-01
2.102716148304819288e-01
9.343363919951075403e-02
3.126640651797629733e-01
4.283709632132589595e-01
1.210253234579032888e-01
3.077770310732199643e-01
3.809806633227872941e-01
3.750375313119866938e-01
5.105873126172486565e-01
2.869303585071189544e-01
2.694525959470122634e-01
1.545830341764502514e-01
2.776100752286060347e-01
5.498989966200351631e-01
4.351543705851987909e-01
4.316739181800220426e-01
2.710630732339004423e-01
4.242911820463607930e-01
1.346073232480147486e-01
3.267755233940551896e-01
3.280337992830339444e-01
7.272702546740490714e-02
1.385122615921997036e-01
4.171095551911312982e-01
4.543209249214227308e-01
4.818043817241933757e-01
5.476799858941662213e-01
3.662669795519588045e-01
3.487185614950709667e-01
4.193506000588304028e-01
3.360389108991878593e-01
3.931753987818208396e-01
3.317090816675699050e-01
1.849975699376076033e-01
5.522420149015903057e-01
3.430144996632794041e-01
4.845410424077153388e-01
5.051554649952153531e-01
5.731944484381694682e-01
4.198445740457729114e-01
3.967635628946513671e-01
1.743931242133944792e-01
1.340045269594968003e-01
2.918276316971644135e-01
4.308961380228431004e-01
5.122835122678994768e-01
7.058606210616254206e-02
4.796506734012213058e-01
1.982060695601831068e-01
3.725437682768767411e-01
4.189241243013817062e-01
4.353403305725984107e-01
3.755789970390236987e-01
1.308688464582727085e-01
3.328984096823729977e-01
2.358218516990839009e-01
4.011370399745143867e-01
5.164103048703051480e-01
3.066103284083169789e-01
3.983020434490105455e-01
1.644406599006831005e-01
3.937097437153174173e-01
3.882039486235794867e-01
3.291003605723086256e-01
3.221051391893218208e-01
5.582652799277083577e-01
3.764711368764563360e-01
3.251355687513615700e-01
4.266281969883064518e-01
2.207807230564529377e-01
5.341200014328293388e-01
3.905957305533077628e-01
4.378659592861279259e-01
3.218394608014062408e-01
2.940841585663442337e-01
3.770741930138094555e-01
3.224783666195203402e-01
6.306330680702929570e-01
4.185101454019948819e-01
5.438418886737407254e-01
6.138090568040744932e-01
2.129510133537660943e-01
1.326886992307987068e-01
5.766804617123592047e-01
2.601816799974864258e-01
2.555474364002700005e-01
3.541172495993644698e-01
4.993769709197321549e-01
5.010735077502316281e-01
4.379246069603550673e-01
3.109952361345011962e-01
4.160129968483808338e-01
5.593999225472630066e-01
3.444490656290439268e-01
3.910209994688262358e-01
5.501879666102642563e-01
4.887069792622938391e-01
2.802207909235264194e-01
3.964699295532860268e-01
4.725035854452884765e-01
3.248557638374292567e-01
2.067578162321621338e-01
4.806069735539502119e-01
2.554712463311780146e-01
2.967997871890841188e-01
3.546787696279865010e-01
2.766852668837926355e-01
4.072211817621074759e-01
5.063332822263163502e-01
5.651797993303681045e-01
4.245254623798206950e-01
9.544330520584388966e-02
3.391946518344294836e-01
5.267020489219883528e-01
2.440635899797400366e-01
4.138150334624056126e-01
3.897873600557924534e-01
3.889258819651561505e-01
1.920277948296083559e-01
4.610591690067105120e-01
2.859951337579578756e-01
1.023119928867079892e-01
2.707372947207083991e-01
3.323670832568857425e-01
1.414706224955529223e-01
4.404238724504598301e-01
2.339653945408399771e-01
3.331329650398400788e-01
3.937337089497513487e-01
4.540926317130050682e-01
3.210091887889062190e-01
3.083568559971288647e-01
8.310636133931074976e-02
3.923330483718232009e-01
5.583152829508858384e-01
1.957249581491012913e-01
3.092250145934393180e-01
1.508503236402405079e-01
2.592683495914822611e-01
3.905808577414363048e-01
3.734665873229474076e-01
1.645281188861812682e-01
3.922779963818380788e-01
2.855037369517628987e-01
4.801844502012245774e-01
1.706049507102818941e-01
3.996198660891863153e-01
4.496720644114677312e-01
1.408230593457659718e-01
1.630026500023962210e-01
2.632858059113164506e-01
3.847183661787585418e-01
1.760519035529848619e-01
3.294018524700273454e-01
4.110004970184278905e-01
4.043392151690307079e-01
3.664537526583335758e-01
3.554294388207324684e-01
4.060761501782421679e-01
1.371739847950513291e-01
5.123326241135117698e-01
1.440932469586512776e-01
2.500948299744896186e-01
3.387467804357084389e-01
2.718112452793400302e-01
5.288678814797925787e-01
2.026011393506750857e-01
2.399821660485056962e-01
2.391824490369004741e-01
4.342420734421029160e-01
5.981308328660736029e-01
2.854401045453602292e-01
5.773311148805548854e-01
4.188035881182546882e-01
3.386250782588881014e-01
4.070376070830755144e-01
3.653394401958873217e-01
4.646250548237452760e-01
4.117212853620970670e-01
4.103878295923580888e-01
1.838523984511293841e-01
2.097354582309063076e-01
3.690211289975460218e-01
3.416654471428140494e-01
3.020418671028261559e-01
3.280337992830339444e-01
4.344187960112900204e-01
3.951133913075760562e-01
1.652324992310606477e-01
3.502030896357761214e-01
4.207261917723517097e-01
3.125004953270977825e-01
1.279671041215622862e-01
5.367173425003225473e-01
4.296082018444789541e-01
5.118389637121435465e-01
3.612584834728586602e-01
3.142841238207819687e-01
2.367893668236007998e-01
3.370320064784983471e-01
1.463793263319196625e-01
3.755159333897515328e-01
2.817596144783480749e-01
5.574198641329715098e-01
5.894252642066937220e-01
2.788879844640568262e-01
4.663576137706927360e-01
3.883666612869071111e-01
2.965391899892316774e-01
1.979659116539499164e-01
2.263987068433961636e-01
2.847047428396172197e-01
4.300839110567947765e-01
4.290155370620457043e-01
4.144804447971666694e-01
1.696929373221140458e-01
3.782197336935127496e-01
3.830671195450822131e-01
3.851442743224116061e-01
5.740548653061627871e-01
5.792236556874510445e-01
3.251021100956426602e-01
4.622398721189754367e-01
5.520008089730349399e-01
2.589244353965648449e-01
1.798532795596561873e-01
5.087418574586873854e-01
1.815310253696678644e-01
3.758044044702170683e-01
4.622397339833346219e-01
2.654673193069300718e-01
2.691397795252366554e-01
2.853886538523520144e-01
1.088082863166787567e-01
6.241533265953668197e-01
2.192195519821057703e-01
6.134831359976602450e-01
1.883699246037010278e-01
1.845264762642422618e-01
4.219598562348131909e-01
3.765570965341753507e-01
4.441100167241864849e-01
4.778578453233149892e-01
3.707030649219951735e-01
3.615575582567123192e-01
3.499108420162791999e-01
3.846033506400448054e-01
3.640478819326394277e-01
3.435496417090628252e-01
3.530093746319616366e-01
2.514045288046209969e-01
2.434100367946039067e-01
3.034314204942631932e-01
4.148505197412964418e-01
5.204196574404251763e-01
5.082481970573191621e-01
4.173708961822896746e-01
5.508463468513027372e-01
3.513659793828108335e-01
2.946288310358867735e-01
2.867380216214242550e-01
6.014479332758485564e-01
3.401664502032064052e-01
4.485053633056577116e-01
4.010537259936958754e-01
4.320094144160135929e-01
9.866887895645438944e-02
2.088306867258361565e-01
4.783873416854256821e-01
3.981132659726605572e-01
1.850205497213188999e-01
5.347793499745673307e-01
5.364749002110092979e-01
5.051191701414298185e-01
3.966012243097069012e-01
3.371232574900184797e-01
5.208911367294619676e-01
2.807088024190962927e-01
5.618272378697500846e-01
1.268302432244712008e-01
6.468868585294914597e-01
2.620388597433713218e-01
2.434278699083455566e-01
4.693849462464353972e-01
4.034949650561686640e-01
5.813703895637465369e-01
2.871565141990181647e-01
4.302375530209224808e-01
5.347551607504374971e-01
3.858676127186099758e-01
3.969810649967009941e-01
2.341225119311688418e-01
3.790918548806205268e-01
4.807057940659794637e-01
8.441322605016629566e-02
3.246684957709931596e-01
3.996198660891863153e-01
2.450283319974876362e-01
3.586983189782185777e-01
6.127027731509384623e-01
2.377966789405645542e-01
2.977544093419747795e-01
5.140288237641627012e-01
4.721829849918053879e-01
4.412751553200769949e-01
1.201728270942256788e-01
3.428284005008436219e-01
2.412748615141959985e-01
6.605994181715479918e-02
4.270908601260623438e-01
5.549630650104279139e-01
5.367173425003225473e-01
5.587189766176170469e-01
9.735642822321861900e-02
2.099325545078666588e-01
1.463029197567781714e-01
3.541244625872716489e-01
4.152670465104822406e-01
2.659210601711407551e-01
2.726213889853068006e-01
4.777815975677816018e-01
1.862236083564533795e-01
1.887600524982018801e-01
4.050608193341029839e-01
2.216092635402546751e-01
4.914020852319081478e-01
3.846949839411712424e-01
2.718825706664183550e-01
2.814423090120349302e-01
3.554088169053518098e-01
1.475687923784239908e-01
5.132951112670069982e-01
2.240832978124003283e-01
5.721289242575658962e-01
4.661619002013542845e-01
3.956347930666513912e-01
2.490395595328628864e-01
3.683281489486439075e-01
1.941021019755224675e-01
2.883977625056444172e-01
3.204199525559442430e-01
5.122207119494368716e-02
3.642503376437956630e-01
4.354615313451064007e-01
1.785038978626863893e-01
4.168903793507643396e-01
5.631282982852038321e-01
3.605411607850743660e-01
3.000562115446243072e-01
3.848903455712472943e-01
1.591989948096215468e-01
4.396070525003398788e-01
6.176485630288240936e-01
4.327999885943823455e-01
2.457551261753152250e-01
8.840785506558572482e-02
4.476942721908377942e-01
2.425903478015246639e-01
3.707030649219951735e-01
5.021210186898809047e-01
5.276886758243951592e-01
5.719494846050183767e-01
3.071524099770934768e-01
2.764515044810310629e-01
4.071521954303041757e-01
1.542229445994202641e-01
1.741303486487867369e-01
2.068614062175918311e-01
3.838020746393678295e-01
4.049287022080884646e-01
2.006928983732162164e-01
4.439927968358339250e-01
3.328984096823729977e-01
2.775230418754999206e-01
4.765066203626477925e-01
5.094492770994828446e-01
3.223380938779640270e-01
3.406924010838699446e-01
4.016497154900058320e-01
1.984999379088349947e-01
2.522742138569289971e-01
4.765066203626477925e-01
4.310524104886994112e-01
3.195832646678238853e-01
5.218283104488266044e-01
5.187632537428257251e-01
2.937971093787049015e-01
5.051191701414298185e-01
4.228719332339758719e-01
2.058922326338690767e-01
4.195965099788797614e-01
3.431861146437616417e-01
2.434831225016314271e-01
5.146542850035431549e-01
1.498355781835573053e-01
2.588388214417361444e-01
2.731329477744440792e-01
4.020836248989925754e-01
3.033918276390613067e-01
3.356366131403993869e-01
3.702944331919392207e-01
5.654256218372692988e-01
2.483674510621022569e-01
3.989498374485027088e-01
2.472455696188445851e-01
3.364893345331682606e-01
5.132951112670069982e-01
3.110284633168777235e-01
6.143658662930118197e-01
3.880954886552198668e-01
4.448237457025798758e-01
3.392161626407055874e-01
2.086214035385046128e-01
1.476561806850389957e-01
2.990873798180291865e-01
3.846033506400448054e-01
5.482155014986351826e-01
4.902644158931209195e-01
2.979768325652050742e-01
1.843693814287922783e-01
1.071804778400590324e-01
3.362895263698241766e-01
3.637040860209117543e-01
4.907055604291356565e-01
4.044988259648427120e-01
2.564149873660641621e-01
3.965796546736545247e-01
4.883701444929823277e-01
3.262736848222662633e-01
4.572709559026354453e-01
3.129762315636924752e-01
5.438418886737407254e-01
3.280337992830339444e-01
2.104987277015505365e-01
3.633019704681265671e-01
5.051191701414298185e-01
5.033161395667370419e-01
1.662032785766454357e-01
1.182117386842996137e-01
1.506606370047858523e-01
3.662556903673434561e-01
4.448811216766075383e-01
2.451363450258506882e-01
4.734231607463794678e-01
1.229933588744688416e-01
3.114126773117380925e-02
3.030387807969816549e-01
3.083729601806606269e-01
2.281027776270840857e-01
4.083828223638215627e-01
4.125029576390693009e-01
3.074289618954276215e-01
3.831118228992958508e-01
3.745332378962817899e-01
1.864544702225768014e-01
3.989465515040722110e-01
2.531738631178199750e-01
4.331460616134226171e-01
3.690480862354080793e-01
1.335848179775355193e-01
2.520950506835420990e-01
2.964495270698527807e-01
2.589244353965648449e-01
1.371980694560099301e-01
1.614882075440843556e-01
5.235245100994774248e-01
5.599614795783592891e-01
1.424865436123061435e-01
3.536770673355562611e-01
4.934067146402382198e-01
5.141780792720730409e-01
2.355301404075828275e-01
8.770554966562524313e-02
5.146103201397191906e-01
4.044396690908380609e-01
2.231479659015796202e-01
4.114891289290766863e-01
4.969811249542211984e-01
2.395492799242320003e-01
5.111197595109132630e-01
2.979768325652050742e-01
3.987192902073489753e-01
3.068294433401169696e-01
5.288170039093752495e-01
2.345147952197879637e-01
3.347659419097920308e-01
5.350211428496716159e-01
6.081259795326978690e-01
3.466086317762778757e-01
2.987805593561561612e-01
2.992483099183472772e-01
1.150129504634408717e-01
5.011854942310733224e-02
2.632819479876298829e-01
3.433108936386699561e-01
2.726857380547970111e-01
3.842185435142331795e-01
3.707030649219951735e-01
4.549032981308887558e-01
1.322903425473240524e-01
2.259538930339492491e-01
5.708829668144387026e-02
4.642584068699937005e-01
5.132951112670069982e-01
5.503216301486668627e-01
2.937971093787049015e-01
3.210409694447869389e-01
2.888106717632860088e-01
3.764662584744241647e-01
5.599614795783592891e-01
2.085923093038218046e-01
2.415000721878513557e-01
5.051191701414298185e-01
3.712238767202750700e-01
4.330903180097777638e-01
5.569991124296043150e-01
3.613079111907150365e-01
5.743002569836951343e-01
3.480682318906448969e-01
2.746870847408221517e-01
4.575803606131443879e-01
4.494846718254698059e-01
2.623691406053612063e-01
2.184553805241847835e-01
8.124258132907209717e-02
1.920676140651154939e-01
5.051191701414298185e-01
3.650324229764763118e-01
3.328984096823729977e-01
1.566323242198454924e-01
2.092891180694013975e-01
2.979768325652050742e-01
3.471070435655675968e-01
5.510628899032714578e-01
4.198492300172022018e-01
4.422337628265229914e-01
2.950789569870416185e-01
5.018008965661336918e-01
5.706547624223529125e-01
3.821695733967238051e-01
3.291094911406801105e-01
4.162014289336591344e-01
4.970148219432917736e-01
1.959148573409031369e-01
4.152160057549964534e-01
2.069750519371859054e-01
1.554618325431670334e-01
2.446196060982138154e-01
4.121735393712727125e-01
3.764662584744241647e-01
3.167282659144416423e-01
3.316621788488754996e-01
2.821689868815239199e-01
3.826042408367326120e-01
2.689357636816737673e-01
2.974328537881129608e-01
4.748300837851756051e-01
3.119411321477474908e-01
4.248019956929782182e-01
2.058922326338690767e-01
2.390983500007810569e-01
5.878411271725932918e-01
5.431970839752487956e-01
2.718057488528382026e-01
2.679332586642218517e-01
3.126811590755382286e-01
1.755023738850750581e-01
3.359429471652528587e-01
4.900267716605800072e-01
3.257384226223814516e-01
4.344187960112900204e-01
3.097930185780765067e-01
4.052265440611887981e-01
3.527519315812104872e-01
6.132012211111860234e-01
5.633668584329191154e-01
1.649930131899757790e-01
4.243929496599394002e-01
1.476189801021535464e-01
6.201000794245478120e-01
3.674074012096084640e-01
4.015578586149415319e-01
3.379769034249430204e-01
1.905530337829814125e-01
2.558127945504810596e-01
5.068153697920807499e-01
4.132274393701426130e-01
3.328984096823729977e-01
3.016367957175706827e-01
3.225122508036918356e-01
6.064684233535445612e-01
4.099865923286358238e-01
3.051694285752244440e-01
6.054084942380607570e-01
3.767225655700073284e-01
6.241533265953668197e-01
1.519113069104790770e-01
5.391184160007606030e-01
9.235470733870816684e-02
3.733539837011220497e-01
3.224903433641536643e-01
1.347480125792236971e-01
2.039005036808116955e-01
5.293448229992244736e-01
3.600870337854945591e-01
1.802423376045327041e-01
7.562122647121995167e-02
3.997174402622623579e-01
2.332982729849851222e-01
2.515263555010032182e-01
3.577399369166219811e-01
3.937664685081640470e-01
5.486900717415365003e-01
3.570702536670101179e-01
2.717629858418467714e-01
3.349324533552113237e-01
3.713173458014525363e-01
3.163683983522564969e-01
5.492411443918298053e-01
2.711146432494937475e-01
3.960141954406302678e-01
2.926525960373564939e-01
3.919669379933419240e-01
3.244533449890835697e-01
3.974598675534906644e-01
2.759733569511851892e-01
3.388411359132325607e-01
4.609269042865575816e-01
3.928460438132005406e-01
4.425947371368670891e-01
3.366014701152716393e-01
4.612487455701985706e-01
4.876502014895437997e-01
3.813259032664619297e-01
2.897550291596092675e-01
2.619529147411265857e-01
5.721329815372788730e-01
4.438129387227221501e-01
4.052216647237008029e-01
3.356145569633879333e-01
4.238020026861860079e-01
5.910794720776960665e-01
5.255428551608460896e-01
6.243987182728991669e-01
3.716910317089358595e-01
2.910040358248781045e-01
4.548457777848482486e-01
1.385422296465455283e-01
3.431734371387895610e-01
1.767902769067278834e-01
2.523633020946238759e-01
4.213212251288876442e-01
4.369645920086780433e-01
2.004379304345901835e-01
1.459661021374897838e-01
3.584775171077804190e-01
2.758270555087730114e-01
4.015578586149415319e-01
2.896548229257116525e-01
3.353971320884121532e-01
4.171099665838072235e-01
3.259962486903156820e-01
5.571150012682833941e-01
3.659876033886045321e-01
4.267573265802928062e-01
3.558065171067292254e-01
4.216243172796730887e-01
4.290209422296366037e-01
1.776257590962528887e-01
4.035874768542371815e-01
2.218789722875438852e-01
5.614428064853541622e-01
4.094403275054311342e-01
6.187657739491176923e-01
2.378432941585681415e-01
5.156282577873730899e-01
4.243576420238486802e-01
4.544274824844899974e-01
2.005294883795544492e-01
2.995815539925143489e-01
2.718943523165461840e-01
6.157537039545597501e-01
4.807328895434218596e-01
5.141780792720730409e-01
8.036594396920840322e-02
2.465550092822959283e-01
3.814802715600538185e-01
5.483653712891920495e-01
2.529297212092453950e-01
4.646624471750711027e-01
3.956659206704394860e-01
3.788459842497151064e-01
3.767740479645734220e-01
5.356419335660881353e-01
