5.052101707626124316e-01
4.119487062060051552e-01
2.824922760428746904e-01
4.955672412927065729e-01
3.073051968306743098e-01
5.509101486271762715e-02
3.047988186543127420e-01
1.674436474508738393e-01
1.957249581491012913e-01
5.302377330286045520e-01
1.934254303513365525e-01
3.607132472352832520e-01
4.451405331342551674e-01
4.509678226634088460e-01
1.972473904393981237e-01
2.481140009524924195e-01
2.296504614035491110e-01
3.900462033799467765e-01
3.478962313984306776e-01
6.062865346776949993e-01
5.052227810187058799e-01
1.824237210757287397e-01
5.140288237641627012e-01
1.801260142986011448e-01
4.843876447014927034e-01
3.322089531836763254e-01
1.766432685715443873e-01
5.431970839752487956e-01
5.369629368599463382e-01
5.727543212623142921e-01
5.228650815242982253e-01
2.774847448344694434e-01
1.351409030826009328e-01
1.902065577903674642e-01
4.175357615373076481e-01
1.284659992296855180e-01
5.009209052853842437e-01
4.814935252902119434e-01
1.423648206475789657e-01
4.009963060532453216e-01
4.221103905108113952e-01
4.797195900935367630e-01
3.416833498960435422e-01
3.838020746393678295e-01
2.820884415380747745e-01
1.802364737517778981e-01
4.976778555572711760e-01
5.445722821736940222e-01
5.585135877328090137e-01
5.664412210532854264e-01
1.578538937584234025e-01
2.445194178458555689e-01
2.450899851872823387e-01
1.308691119198427677e-01
2.174976993268665226e-01
3.923635810257181666e-01
3.577195943907089393e-01
2.524159404007485508e-01
1.842379175627494592e-01
3.590521261379899798e-01
3.945897119214903381e-01
3.012429341071265476e-01
4.344916065903708380e-01
1.605334980819850543e-01
3.605056881969430638e-01
2.938498782328843317e-01
3.903723762397311448e-01
4.244387434438051665e-01
3.530256932427521810e-01
3.061453413904580700e-01
3.370087919993191017e-01
4.494005393208204135e-01
3.599111454350080175e-01
1.974321107399747421e-01
5.761230951075191342e-01
2.567048742069234502e-01
3.104202279764807781e-01
3.614936584138884190e-01
4.083377195699784412e-01
2.821591134573023241e-01
2.880270741103844734e-01
4.015578586149415319e-01
2.319016626188815655e-01
5.431970839752487956e-01
2.945901722852777294e-01
3.900395724534304609e-01
2.463674833418757759e-01
2.767054769907392187e-01
1.468056340191417064e-01
5.592287562737494611e-01
3.851410320325854286e-01
1.164003493962153940e-01
1.468056340191417064e-01
3.137606771553130280e-01
3.683703190885329048e-01
4.316739181800220426e-01
1.803644527331219882e-01
5.040740622838084661e-01
5.431970839752487956e-01
5.949681918009223081e-01
1.823099794199447010e-01
2.810789241360164281e-01
4.990974292846396265e-01
2.577911669615902124e-01
3.157014293796376880e-01
5.223540203976501095e-01
3.842915956487911733e-01
5.252073838703426034e-01
3.800181761692920657e-01
2.677243365628316774e-01
1.378314588912316618e-01
4.188008202084620990e-01
3.191021037230059032e-01
4.316739181800220426e-01
3.062702049921470770e-01
3.597567052152585432e-01
4.279691911806338678e-01
1.536106491729429535e-01
4.571014077597884140e-01
1.586653531310125709e-01
3.838020746393678295e-01
1.870292838057894536e-01
3.644184357262026941e-01
4.348724927011987096e-01
2.361682958862004189e-01
1.825848718396776982e-01
1.712248802876585041e-01
3.870356105740472286e-01
3.610170780843374172e-01
4.561876213710481798e-01
5.499461860000249835e-01
1.255602514790896684e-01
2.890883433182813156e-01
2.848739351974390877e-01
6.071598455567098762e-01
4.027201448890413427e-01
1.836716496801500398e-01
2.981433332009127968e-01
4.320163983211877112e-01
4.374640549384759547e-01
5.759578131628484421e-01
2.909188779567249417e-01
3.956347930666513912e-01
3.932916457961344037e-01
4.568549915502685965e-01
3.262499352623655646e-01
2.151094741040550096e-01
3.264612850794532672e-01
2.855037369517628987e-01
5.132951112670069982e-01
4.261734690103405887e-01
4.588997466078522658e-01
3.313326696339866650e-01
1.824237210757287397e-01
4.318091987057564030e-01
4.800367703127113583e-01
1.479165019254284341e-01
2.278818470795027362e-01
1.946719594099314554e-01
4.044028945561028432e-01
5.068153697920807499e-01
2.294589362856156167e-01
4.196155531566772012e-01
4.346096941659539081e-01
3.325650357877278362e-01
2.312122631829890695e-01
4.982978062343731973e-01
3.744452451812760874e-01
4.218592279024676595e-01
6.111396920837129931e-01
4.117212853620970670e-01
3.212204104485484324e-01
4.570255642251030426e-01
3.288190334638996237e-01
4.858591576376795618e-01
1.514466347254689038e-01
3.328781058219666411e-01
8.623952733532630477e-02
3.082724654106163698e-01
2.996795321785593602e-01
4.006807544626302398e-01
4.276487968392468919e-01
5.123326241135117698e-01
5.558727354975580015e-01
2.230910219002555928e-01
5.433319573698280891e-01
4.033106350485424763e-01
1.982060695601831068e-01
1.439120517673730670e-01
3.599740111834073275e-01
4.301382238288134485e-01
3.893953242472040222e-01
2.830220053334812080e-01
2.510982862465575005e-01
3.969810649967009941e-01
2.308770232618885532e-01
3.926761363513842085e-01
3.635196377300958237e-01
2.522742138569289971e-01
9.849411304899638453e-02
5.693439650552858389e-01
5.296266683501503758e-01
2.908182622010630491e-01
5.010735077502316281e-01
2.868499528584035896e-01
3.819788483013841218e-01
1.898082591051528378e-01
3.204983040476475087e-01
2.643042800948453563e-01
3.399429334321379947e-01
3.806678888925834059e-01
2.237607056695651297e-01
4.015578586149415319e-01
3.621931277197218968e-01
3.999855857589589836e-01
3.865527019899031580e-01
5.773311148805548854e-01
4.197597925426727050e-01
1.169874419802264531e-01
2.374588051916703690e-01
1.139601528472694719e-01
5.664412210532854264e-01
3.583337010675071710e-01
2.161918404388822879e-01
3.253817311405391988e-01
2.588787461758703667e-01
2.408379868142414004e-01
5.234982121500800778e-01
3.419931553973958316e-01
2.610936943211100703e-01
4.858136873136438827e-01
5.480952045843155984e-01
2.990878129340676650e-01
2.303848067885278239e-01
4.227177789518846707e-01
2.929969285888985864e-01
1.267745833960907953e-01
4.225316734491372794e-01
5.695701228259757443e-01
2.099325545078666588e-01
3.321396270735360590e-01
2.632593094374089948e-01
4.213357461054362263e-01
5.068153697920807499e-01
3.696174277139698261e-01
4.529059912627347861e-01
6.357481155800278616e-01
4.093713143572280111e-01
5.503216301486668627e-01
2.797922757684794814e-01
2.564627908208213514e-01
5.176454262532158568e-01
5.766987139103022519e-01
5.604715580606520753e-01
3.316531097087686564e-01
5.445079762391105138e-01
4.052575480808707775e-01
2.654025785932754844e-01
2.915978346915676922e-01
3.824646477557896440e-01
3.387467804357084389e-01
4.363859923239968852e-01
5.695701228259757443e-01
2.994387186217452035e-01
1.856375905072247534e-01
2.058922326338690767e-01
2.514844362711494696e-01
3.990286225759421268e-01
1.647261083155580064e-01
3.969580714929711873e-01
2.229165630301812862e-01
1.334977799471503690e-01
5.008133157066829710e-01
9.883747563680642112e-02
3.077314894466638973e-01
4.265085900246141093e-01
1.577422090660188791e-01
4.930118441926762407e-01
3.745009218478610458e-01
3.470489238002339993e-01
7.613817577247380952e-02
4.062257624066334949e-01
3.715356724558260271e-01
3.898028772927752406e-01
4.451160306363695640e-01
3.942522477982999263e-01
6.291522771794753055e-01
4.186817013448217994e-01
2.205302746166478700e-01
4.482561603732895805e-01
2.391247320372614782e-01
4.796506734012213058e-01
3.600837365116548727e-01
5.040740622838084661e-01
2.553400742234073206e-01
2.661563044398397304e-01
4.176265795367287703e-01
4.447176131482674655e-01
4.305899590757744644e-01
5.409533601699981764e-01
1.405108377699438860e-01
4.255599184100496979e-01
5.734027553214573469e-01
3.775217655863700172e-01
3.879352036036503026e-01
2.078537312931361680e-01
1.591612358635589863e-01
3.398930508748805313e-01
2.715736874205519347e-01
2.782678486706445797e-01
3.878252957575809012e-01
2.617089625222017157e-01
3.667726445537554114e-01
3.083729601806606269e-01
4.154597918785458699e-01
1.991085951398008091e-01
2.887942576320636778e-01
4.279086092956169707e-01
3.690657415086068815e-01
4.354615313451064007e-01
4.991212401688654432e-01
5.770721815447640290e-01
1.978066520698236186e-01
1.912916006721369078e-01
1.751222359310135313e-01
1.935352992200806699e-01
6.296070666896453893e-01
3.283514944186604056e-01
3.961597238847274771e-01
5.540594073733748348e-02
1.563567053667088147e-01
3.062702049921470770e-01
3.987920129575234784e-01
2.556745690019880390e-01
2.148933336099018709e-01
2.067331113640036577e-01
2.803427869374096604e-01
2.138013024574979271e-01
3.614306376916437968e-01
4.982305675418959856e-01
4.007353781177954155e-01
4.026475889618190140e-01
2.987805593561561612e-01
4.108004917857271399e-01
5.185310973098052889e-01
4.687768883308230938e-01
3.291512330496886851e-01
6.385181563929508142e-02
5.572986252146545638e-01
4.236176528261088037e-01
4.084505101790256165e-01
3.793739531164329049e-01
5.310368598715352606e-01
4.417100303273353568e-01
4.161748153198967515e-01
3.099109580398235475e-01
6.176485630288240936e-01
3.912106007699233667e-01
2.393235680541433152e-01
5.107761241857657897e-01
2.802688447686212392e-01
2.738096184631741425e-01
4.299001307853643761e-01
4.492810811985408770e-01
3.116031743117702035e-01
2.509895164344467799e-01
5.664412210532854264e-01
2.648671536240802538e-01
4.036277112242434573e-01
2.356639122509799622e-01
1.549596392257483191e-01
5.695701228259757443e-01
1.008415036509923146e-01
4.057371129302034252e-01
5.589965243806273021e-01
5.068153697920807499e-01
2.522742138569289971e-01
5.420073908208624669e-01
5.562528232488246349e-01
2.347282229960410693e-01
2.710630732339004423e-01
3.962366146102187514e-01
3.887046654799165557e-01
1.468628079347151227e-01
5.633357730285819542e-01
4.109857627579553419e-01
5.304443492314311337e-01
3.932059015011299952e-01
4.345526589057189804e-01
3.610599129175469102e-01
2.972971127063031016e-01
2.339515964637509382e-01
3.824461404902299577e-01
3.561340178980010318e-01
3.065059127272284911e-01
1.982060695601831068e-01
2.018476140034720645e-01
5.956901644316429101e-01
4.297359256542668260e-01
3.089787601138344608e-01
5.103455197421443712e-01
2.039005036808116955e-01
3.083729601806606269e-01
5.285063567056759171e-01
5.611736870752231932e-01
2.693716843206450662e-01
3.627275852197338613e-01
5.536884863094678755e-01
2.556339601378404547e-01
6.269637040028277486e-01
4.353992244795818478e-01
5.254625026252326414e-01
6.730934386841126715e-02
3.771179334721794230e-01
1.386489354273884311e-01
5.718879773463294569e-01
5.381847288291272680e-01
3.671108621346283463e-01
2.240832978124003283e-01
4.054262929789984593e-01
5.367173425003225473e-01
2.987417259871297803e-01
3.387467804357084389e-01
3.101025543563378783e-01
2.888424039833438206e-01
6.885524716065746786e-02
4.015578586149415319e-01
2.387977852437063453e-01
5.669230138465310986e-01
2.299863648746352240e-01
5.599614795783592891e-01
4.868275384745758827e-01
1.160420948716596456e-01
2.083281895931592964e-01
3.514625264254110926e-01
2.996308163425719373e-01
3.008956670307186831e-01
2.942290487177626757e-01
3.741299032367013111e-01
4.425516562787804586e-01
2.175747042819057286e-01
3.123735839087082300e-01
5.549630650104279139e-01
3.284127382945698503e-01
4.014526532012731019e-01
4.939221539079409196e-01
3.139378527969292065e-01
3.083729601806606269e-01
2.687197799283380650e-01
3.287123088700010798e-01
2.788482669853535323e-01
5.483653712891920495e-01
2.953869553956543492e-01
2.961972655088151996e-01
5.633357730285819542e-01
5.321405488820819540e-01
5.558558983324319858e-01
5.599614795783592891e-01
4.603482872439742524e-01
3.944177328408201566e-01
1.425025667230012949e-01
2.168272133522329559e-01
7.124651646060364829e-02
1.396107628766607989e-01
1.454741124601924285e-01
2.914721251260107837e-01
2.130158697521221389e-01
1.939002903776589348e-01
2.692152584400364090e-01
2.844744690633776441e-01
4.142024589290203007e-01
2.233687894953803876e-01
1.147663043396716376e-01
3.083729601806606269e-01
5.342730482391849778e-01
3.253817311405391988e-01
2.182349270590648871e-01
3.404013410774894832e-01
9.263885619758843726e-02
4.529809788553569305e-01
5.380449910643527733e-01
1.980341186471266945e-01
3.110189813289414573e-01
2.551548642636856101e-01
2.512243346549955514e-01
2.463489876136043533e-01
5.727543212623142921e-01
3.159313808393820477e-01
4.341198082248264312e-01
4.927322566163096496e-01
3.764992142706771738e-01
2.728959072227170601e-01
2.576170100358624593e-01
2.957355831445029337e-01
3.829688858756624126e-01
3.891695052154556800e-01
2.677146291300460113e-01
6.171123986857530996e-02
3.108572407081365840e-01
5.068153697920807499e-01
2.991605711276233426e-01
3.703083116142881215e-01
4.684646088606805314e-01
2.931041819232070300e-01
5.319422441001588897e-01
4.099589239364815896e-01
3.764573064741721931e-01
3.312012789413757985e-01
2.705048356157647160e-01
4.148817611588743182e-01
5.235639241786806952e-01
4.667045060411406654e-01
2.463489876136043533e-01
4.936847246223564634e-01
6.243987182728991669e-01
4.311201237690893140e-01
2.686549791376326990e-01
5.410130503577522676e-01
1.937519701176762255e-01
2.906697125465286247e-01
3.522704810608505155e-01
3.987920821812531713e-01
1.296060623998821493e-01
5.695701228259757443e-01
3.459710996230461744e-01
1.854997965156772177e-01
3.062702049921470770e-01
4.688352004882342383e-01
3.744452451812760874e-01
3.018965338571739654e-01
3.741086687017067813e-01
3.083729601806606269e-01
3.894486273505886054e-01
2.963986686243098023e-01
5.132951112670069982e-01
3.208764396065849067e-01
3.911564834042287608e-01
4.161155685381951463e-01
1.731057302875795845e-01
2.979768325652050742e-01
3.387467804357084389e-01
8.874525713687424211e-02
4.023157813320129561e-01
5.582652799277083577e-01
1.519174384075341611e-01
3.201754299168563245e-01
5.654438740352123460e-01
2.382666725179011513e-01
2.326312221080134579e-01
3.883936617636153388e-01
4.069819892462668842e-01
2.952495400558294847e-01
3.914602535525950056e-01
3.083729601806606269e-01
2.402926552641132252e-01
4.811312053786596099e-01
3.141816276950089581e-01
3.634218936158815638e-01
3.792353898683936131e-01
3.327141741557833043e-01
5.695701228259757443e-01
2.186066144171869008e-01
2.005396798587503471e-01
2.324512854166138898e-01
4.091327245867455442e-01
2.212006163232081435e-01
4.248019956929782182e-01
3.194654165689272962e-01
3.431003296044599082e-01
4.154244749918366009e-01
1.877497457793216584e-01
2.079406512482105951e-01
3.387467804357084389e-01
3.662669795519588045e-01
1.122197655903730412e-01
3.997279300479210651e-01
3.741086687017067813e-01
3.754753783662826416e-01
3.762894622121073507e-01
3.723816155358192770e-01
5.189445222114754674e-01
4.171722128525833795e-01
2.118705470336218477e-01
2.760002796811219516e-01
1.230177633573738133e-01
2.129510133537660943e-01
5.470104400526184518e-01
2.919124442781853568e-01
3.487051105760257674e-01
3.723321904164512697e-01
3.460784161525913283e-01
6.468868585294914597e-01
3.196242773370613355e-01
3.528233561266043150e-01
4.063576323644359500e-01
3.817143758199429415e-01
5.437527023171255802e-01
4.273433209391867549e-01
3.973576214022970787e-01
3.374635085439361970e-01
3.248319583580592251e-01
5.923191657607110860e-01
5.114233999427409971e-01
3.033715283519944350e-01
3.929064843404511120e-01
6.404071170545652114e-01
4.435023846488453381e-01
4.661543317402405129e-01
3.809806633227872941e-01
5.773311148805548854e-01
4.276170368673334332e-01
2.882583079761003586e-01
3.707030649219951735e-01
4.682207092871296800e-02
8.740229266673872621e-02
1.412934031993324513e-01
3.996582692524811020e-01
3.010128261144437989e-01
4.765544117604190721e-01
2.352493387135186353e-01
2.892855494593291610e-01
2.727282252102649629e-01
4.779237547850606616e-02
5.496264291198005303e-01
4.065978653150127409e-01
6.047789264516281182e-01
5.204196574404251763e-01
9.234730632418380880e-02
1.808837354769160244e-01
6.404071170545652114e-01
1.824242712276826495e-01
1.505235098892890033e-01
5.654438740352123460e-01
4.351977243885019608e-01
3.251938361108335229e-01
3.619289175816647330e-01
4.102401458580821059e-01
5.323955464434753093e-01
4.151522253386972228e-01
5.734027553214573469e-01
5.319083924490616289e-01
5.482901386071484806e-01
2.375241869004316719e-01
3.913536532703792425e-01
5.431970839752487956e-01
2.767283869270836250e-01
6.228585118025764533e-01
3.753397314536906504e-01
2.804784947585685639e-01
1.441756793243416934e-01
3.739957565873442968e-01
4.202252020747376804e-01
1.845859817514441947e-01
4.209487762057994020e-01
5.367173425003225473e-01
6.885524716065746786e-02
5.431970839752487956e-01
2.998106554347489960e-01
3.172719142677549176e-01
3.139745278615303503e-01
3.172719142677549176e-01
3.115383825638043391e-01
4.151014196944375345e-01
3.245399652864812690e-01
3.085661523847812449e-01
2.832986679474191472e-01
2.200383836819079231e-01
2.448215067722580573e-01
2.951660760902633518e-01
5.800718198513480361e-01
3.118911269418397914e-01
4.236036979042628325e-01
2.076555191213379226e-01
2.804004661030581880e-01
2.855037369517628987e-01
2.908332167094082599e-01
3.413170026393640977e-01
4.606081418997952093e-01
3.052082335687579806e-01
4.599275504039604390e-01
3.051176826939394626e-01
4.332728562037758691e-01
2.772041735743523416e-01
5.664820771895846541e-01
6.810281910311576092e-02
2.400187188802147265e-01
3.418473501623193744e-01
4.523401654349737955e-01
1.941557393484487082e-01
3.089064036465780649e-01
2.879911415898148697e-01
3.104555497483481030e-01
1.990922245592432194e-01
2.912090957410607972e-01
2.375859768746532430e-01
3.236154655381445200e-01
5.195122725836495148e-01
1.144589143930913877e-01
3.888971884173772486e-01
4.168362332977583185e-01
2.794683992448216414e-01
2.702524853943045202e-01
2.803984549770132673e-01
3.122302554487894066e-01
4.313180687123454038e-01
3.376365452093656461e-01
4.418945372400485683e-01
3.217748089560532598e-01
5.800356566369824912e-02
3.794763528902577732e-01
3.678692816826727441e-01
3.372699131583628551e-01
3.790918548806205268e-01
3.126643001870495486e-01
4.171239564293366398e-01
2.352493387135186353e-01
1.523451283866199824e-01
3.620682837626048034e-01
3.898074160204100247e-01
1.773235137408515905e-01
1.039526815503912516e-01
1.187535380572410648e-01
1.144344152212708604e-01
4.451160306363695640e-01
5.794801888515207500e-01
4.242140232608111461e-01
5.104987643974030070e-02
3.941643065333636509e-01
1.916733707887021687e-01
2.154627381797608598e-01
3.062702049921470770e-01
3.744452451812760874e-01
5.877423721424706038e-01
5.745548232999615479e-01
3.965322687440057114e-01
5.708513734056286371e-01
1.209432971839725507e-01
5.748906480888202886e-01
3.833276745454837764e-01
1.342421881341817891e-01
3.683703190885329048e-01
2.932007285500491389e-01
1.717758573135804157e-01
5.908658328884306421e-01
4.926794409893399118e-01
3.198398080179680192e-01
3.036112659267518055e-01
2.558127945504810596e-01
5.060530182114619802e-01
2.029979781011939932e-01
2.507610947567650572e-01
2.595064914865123362e-01
1.025033879762843464e-01
5.502782651198940833e-01
3.789335706650820423e-01
5.350211428496716159e-01
4.880206517593311810e-01
3.650214043464681812e-01
3.752935539250650820e-01
3.861224784846740699e-01
2.965178345725589804e-01
1.583134115819384014e-01
1.597529214316416313e-01
3.873928412941922694e-01
3.068949754493840998e-01
1.963575911123939810e-01
4.442259220892515459e-01
3.662669795519588045e-01
3.454152850433289679e-01
3.713539582944541118e-01
2.155959540505901773e-01
3.976013945334047617e-01
2.303848067885278239e-01
5.324987507092939776e-01
1.901236328552250443e-01
3.139414092959669222e-01
4.070892200256964188e-01
1.423142664330522278e-01
3.387467804357084389e-01
3.925337230790629794e-01
3.829148123724511743e-01
2.736072652363985003e-01
4.693023149404767502e-01
4.602592395426976513e-01
3.182026266899228295e-01
4.015578586149415319e-01
3.123626109081555913e-01
2.558127945504810596e-01
1.683310117864129929e-01
1.579649199938795157e-01
2.487814765264003691e-01
3.749786582968496207e-01
4.178735186660446077e-01
2.090849572301884951e-01
3.602642506911057918e-01
5.460052996482798182e-01
4.146490430366117086e-01
4.144654933030679222e-01
5.390667902735770678e-01
4.311165810940096321e-01
9.400851888826707026e-02
1.158218399310498442e-01
2.848765469900515490e-01
3.253817311405391988e-01
5.846520747600130186e-01
1.767902769067278834e-01
3.062702049921470770e-01
2.721196362675730729e-01
2.071624237352769904e-01
3.113286215664345935e-01
4.571014077597884140e-01
2.627559587532782848e-01
3.873928412941922694e-01
1.582821834686208851e-01
4.005742564569160225e-01
3.632585640714191544e-01
3.944428766456310465e-01
5.427560180175218241e-01
3.372027638538849237e-01
4.997507574406844788e-01
2.184681336971376897e-01
5.635990815951203992e-01
3.702338758366523486e-01
1.982256590441716926e-01
2.342338306524738567e-01
3.898313305843210952e-02
4.015578586149415319e-01
3.739670466171189922e-01
5.024935737352335119e-01
3.280337992830339444e-01
2.668051461498354149e-01
2.417681127056185153e-01
5.635990815951203992e-01
1.437179729590266908e-01
1.810766888279873588e-01
1.662019145781396812e-01
2.847208122034050604e-01
3.829688858756624126e-01
3.923341881727539504e-01
2.553770146456390000e-01
4.329334614037398943e-01
2.720443835251994402e-01
5.319422441001588897e-01
4.363859923239968852e-01
4.205563574839673580e-01
3.188001534519418478e-01
5.470104400526184518e-01
5.925645574382435443e-01
3.229218860699493154e-01
3.083729601806606269e-01
3.051440330288620051e-01
4.437822914235211025e-01
2.553327905566169509e-01
2.346565237384586611e-01
3.994785641383635233e-01
2.618872653880650048e-01
3.915309509370084040e-01
4.396258030883488654e-01
3.217748089560532598e-01
5.431970839752487956e-01
2.668051461498354149e-01
3.878266089296545371e-01
3.291898436762935032e-01
5.549630650104279139e-01
1.093931305846280594e-01
5.549630650104279139e-01
2.035037908010685626e-01
4.619768187239930990e-01
2.010729773935619469e-01
2.377185597537199990e-01
3.778987757919719526e-01
4.316739181800220426e-01
2.017592370240088584e-01
2.947826766175618007e-01
3.783966418987077529e-01
3.231525703034089925e-01
5.156205182417862298e-01
3.172719142677549176e-01
3.001216955298871558e-01
5.834742512925399360e-01
4.150037333706041998e-01
2.696436610285679047e-01
5.132951112670069982e-01
3.446950237770370906e-01
4.841382683979817414e-01
4.830339852690582192e-01
4.306421558467583011e-01
3.810727570760497618e-01
5.594986372488466309e-01
4.748795307318458003e-01
4.550040539970425790e-01
5.429649275422283594e-01
4.316739181800220426e-01
7.731014027235022512e-02
3.845599973564393093e-01
5.304443492314311337e-01
4.363859923239968852e-01
1.949761783692058881e-01
4.171239564293366398e-01
1.998419247237129270e-01
1.251868954756874819e-01
3.930683675662967613e-01
4.475714653446491997e-01
2.776572002700243291e-01
3.232746505083148314e-01
3.508764465242806274e-01
3.096924720461443070e-01
5.667720161041505111e-01
3.218104975305363658e-01
5.005110401048773472e-01
2.798143742488813368e-01
5.762043560746603621e-01
5.319422441001588897e-01
5.892406900451020446e-01
2.815050319475144169e-01
3.100643201987255404e-01
4.015919384133161407e-01
3.169363488080336189e-01
4.134303885862066763e-01
2.797337016834424706e-01
2.338892086293293537e-01
3.548802036135227378e-01
4.272957794120554320e-01
4.044748780883109518e-01
5.037288321104500532e-01
6.408619065647351842e-01
2.855037369517628987e-01
5.285517335880705048e-01
1.470916379908262794e-01
2.464931083006519641e-01
3.916268501244927203e-01
4.593590996872057297e-01
2.612319916918211526e-01
5.068153697920807499e-01
4.483599662411315578e-01
4.073855176491388841e-01
1.624743232718625918e-01
3.622207508981787893e-01
1.043419813586240613e-01
5.614428064853541622e-01
4.209636387276569636e-01
1.459048477636873675e-01
3.051568217491355539e-01
4.903293445814229518e-02
2.019854729572284069e-01
6.096964885867568046e-02
3.148384564306221933e-01
2.208041722311001598e-01
4.349744523950362929e-01
2.047640600424319723e-01
3.940112242836268930e-01
4.912299395361648391e-01
3.328984096823729977e-01
4.427332544436323181e-01
2.872506853917483061e-01
4.418904987733913159e-01
2.640758125798290945e-01
5.122835122678994768e-01
3.024963400131753799e-01
5.472698211599221763e-01
5.204160278718950039e-01
4.334594356707986429e-01
2.820862108917338573e-01
3.280337992830339444e-01
1.529042140474142775e-01
2.534878320211495506e-01
2.495724573162264037e-01
3.934210878303602832e-01
4.226707813403351444e-01
2.574762638497283262e-01
3.847183661787585418e-01
2.914721251260107837e-01
3.387467804357084389e-01
4.131814001850369067e-01
3.012013487310562510e-01
5.267020489219883528e-01
4.979997737561673854e-01
4.462040527370044196e-01
4.012295145622297166e-01
4.380179435186265513e-01
4.347397785465004216e-01
1.198046944681692982e-01
3.033805219280600318e-01
8.733977095819722702e-02
3.504999189099354262e-01
1.448293507926676216e-01
5.396729099247576933e-01
3.975220630997741700e-01
3.707030649219951735e-01
4.213111778138255437e-01
6.216928684374350977e-02
4.209831247918091601e-01
2.413883558978284494e-01
4.956772814538028538e-01
3.829688858756624126e-01
4.090958445533832144e-01
5.468967734411780413e-01
3.916921692616545103e-01
4.600786041697499940e-01
5.354770228934332410e-01
2.428527579147305715e-01
2.861664261101263262e-01
2.549562373731463771e-01
3.567335487181766962e-01
4.282696715388069064e-01
4.027833864827958799e-01
4.901310194793209174e-01
2.976134855231769571e-01
3.374837899534031682e-01
5.478723908602557424e-01
2.104987277015505365e-01
4.006497363071716000e-01
3.239529518004556352e-01
4.219598562348131909e-01
2.708760544144671045e-01
5.178239789897191026e-01
3.062702049921470770e-01
4.918386768005718612e-01
3.076716839899665823e-01
5.068153697920807499e-01
3.370093061881941909e-01
3.062702049921470770e-01
2.960535301256204122e-01
1.151482580134540745e-01
2.887942576320636778e-01
4.365022893332263787e-01
2.163325572101282290e-01
3.783339321635491026e-01
5.132951112670069982e-01
1.021665844927726191e-01
3.720306969596395286e-01
2.692841283595615587e-01
1.567234092399296952e-01
3.631964759986138769e-01
4.309267087186075540e-01
4.658957809019351193e-01
2.769038565051873402e-01
4.230258737124454882e-01
6.358303234363246181e-01
5.296266683501503758e-01
2.788879844640568262e-01
3.083729601806606269e-01
3.469227770649967457e-01
4.059536988052601103e-01
2.691414707253956817e-01
2.879074022884228756e-01
4.143281685985167329e-01
2.522742138569289971e-01
2.276364296249658858e-01
2.412748615141959985e-01
4.458153077580045420e-01
1.654584424705522194e-01
2.933186933730425050e-01
2.159863822264049826e-01
3.987195154443193279e-01
3.906406527002406759e-01
1.771071940549416857e-01
2.330171763105232108e-01
3.048225653039065008e-01
5.141780792720730409e-01
5.563562288455208282e-01
3.100865811366191327e-01
4.297734597791171840e-01
1.679418657047510866e-01
3.031129232572522536e-01
1.293926107175362161e-01
1.075893065355320588e-01
2.581919658083576818e-01
4.097832928363419058e-01
5.503671892370647356e-01
5.068153697920807499e-01
3.485466244059725605e-01
5.577869353285058729e-01
2.177018332457400784e-01
8.601766580133818341e-02
3.933891018938997508e-01
6.287050981219908241e-01
4.894760812998931176e-01
3.359094632522271473e-01
4.216243172796730887e-01
1.898131800184544582e-01
2.779877228953704926e-01
4.778057644449116848e-01
5.237663029745817100e-01
3.280608005912584724e-01
3.275534363859586295e-01
2.797205720414971397e-01
5.441364921867171134e-01
3.934699486619976927e-01
5.829143806803842587e-01
4.722814241496840482e-01
3.908911506152639714e-01
3.043383783674327714e-01
3.554294388207324684e-01
3.291094911406801105e-01
3.007139997460766545e-01
5.296266683501503758e-01
2.151033406321487818e-01
2.322093058661063858e-01
2.543551493308711109e-01
4.299483361742998944e-01
3.389356294224579180e-01
3.517832471369351510e-01
1.315838690681072898e-01
3.522213966552752429e-01
3.076547720923155094e-01
3.532406144222309807e-01
4.074872403608387761e-01
1.015731667723544923e-01
1.827996309774228556e-01
5.087418574586873854e-01
2.368240855382914289e-01
3.383258251147939766e-01
3.095021068934111219e-01
5.706547624223529125e-01
4.109368028719418975e-01
1.063884793782547966e-01
3.228226295315746452e-01
4.633219737198093768e-01
4.257799452033821930e-01
1.938810221707701897e-01
5.140288237641627012e-01
4.830691979044147710e-01
2.112046200548322039e-01
3.467913160053213706e-01
5.350211428496716159e-01
5.534546857608972914e-01
3.966961657983241740e-01
3.653945571480812227e-01
4.803253342111808433e-01
5.043966958985177662e-01
2.938074854545133507e-01
3.005377489584347694e-01
3.602839951489396619e-01
1.536147330611765949e-01
3.052338621475558789e-01
2.572549393713128296e-01
2.908091695706214730e-01
3.400513086897773429e-01
5.254625026252326414e-01
1.556634182804230160e-01
3.019513190343750542e-01
1.540780065318766157e-01
4.884115500536586607e-01
3.540381808209365211e-01
4.946705122649953934e-02
2.087087200229015560e-01
4.407197894473284805e-01
4.316739181800220426e-01
2.715269575572422656e-01
3.465486529484376743e-01
3.725803927229247581e-01
2.144548860969175408e-01
1.778234940816501575e-01
4.257799452033821930e-01
5.367173425003225473e-01
2.264440677191024709e-01
2.891296252948515888e-01
3.819956748646777256e-01
6.159952435290194650e-01
4.137094481497400889e-01
1.408263785508473698e-01
9.742808798377808333e-02
4.537006994281925776e-01
5.138269641462344106e-01
3.434642365687581300e-01
2.876931583789481550e-01
3.969810649967009941e-01
2.789309034882889171e-01
1.040304407946292947e-01
3.177981214633095464e-01
5.062089821847811644e-01
2.122149532782935943e-01
4.302963250068324030e-01
5.350211428496716159e-01
3.131040038093032551e-01
3.107292194234021476e-01
5.403587408046265361e-01
2.908182622010630491e-01
3.658024883256774662e-01
4.423642392669920320e-01
2.660098829472656301e-01
2.389797487560205158e-01
1.659613485013561318e-01
4.368090816274856625e-01
4.982305675418959856e-01
3.077491409780395148e-01
6.291349058171137598e-02
3.733058772626229316e-01
3.387467804357084389e-01
3.280337992830339444e-01
2.497802710064251086e-01
5.584805504479611882e-01
2.475091716066878111e-01
3.672493050206871446e-01
3.932430146708673080e-01
2.919071342152680937e-01
4.086824047883596545e-01
3.564146841588523018e-01
5.104380571093382057e-01
2.463946705979267737e-01
3.946964102186867884e-01
4.245856614555335584e-01
4.015578586149415319e-01
4.477994357168739725e-01
1.726545148422285181e-01
1.551831854117048382e-01
4.020880833853070491e-01
3.662669795519588045e-01
5.841850690285231851e-01
2.447451795029810806e-01
3.007990144894913676e-01
2.084036259966896565e-01
1.942786056480508006e-01
4.408598926635047266e-01
5.070006700752576201e-01
3.645184629762226458e-01
1.282487887819685202e-01
2.587657986181267078e-01
5.571193401201941509e-01
4.214834748455304481e-01
3.760111568338332377e-01
3.590727749737099295e-01
2.824434132363860539e-01
5.197820199964454657e-01
3.835598309785042126e-01
3.792389631016963025e-01
2.681327277768057460e-01
3.995348374178741002e-01
5.084975966432857541e-01
5.345021138222803003e-01
3.494613872026959833e-01
3.629732646018966058e-01
1.881876351370079803e-01
1.397383040646873464e-01
5.623336337743504165e-01
2.720443835251994402e-01
4.118538526502337205e-01
2.917956709140711591e-01
6.092743171213238496e-01
1.999096214777168756e-01
5.293448229992244736e-01
4.765066203626477925e-01
4.186264206878617111e-01
4.450587859379734335e-01
2.001220439507963300e-01
3.390150281049670311e-01
2.049332289099191351e-01
1.827734789591313469e-01
4.743378340511639757e-01
2.629996468618470140e-01
2.518868664489043452e-01
3.121762688390286589e-01
3.982927454340496332e-01
3.073916100805200724e-01
4.145497992827996692e-01
5.608861785787828680e-01
1.762306499288400774e-01
1.537380696871704089e-01
3.369371291205736085e-01
1.061705370922783331e-01
4.848826370879901759e-01
2.975710449326202656e-01
4.377440453844766433e-01
5.355276493459362186e-01
3.949547642994541419e-01
4.159962625833935057e-01
2.461766470312346522e-01
3.931480546810129373e-01
3.097361080452824544e-01
4.341601216928180906e-01
1.167122078073054015e-01
5.325870487986508195e-01
5.073861693344265955e-01
5.662366855120521958e-01
2.947242103178216444e-01
3.082995540280494828e-01
1.379916164089929342e-01
3.771324914512021453e-01
4.212513184125100119e-01
5.254625026252326414e-01
5.307835326184547897e-01
3.837410483089032098e-01
4.244387434438051665e-01
5.410671240688424977e-01
5.319422441001588897e-01
4.990541964669541475e-01
5.049086137987452982e-01
2.508645302880471162e-01
4.013744564755361011e-01
3.781817980502422682e-01
1.387923245879951750e-01
1.652598835564682567e-01
5.923191657607110860e-01
5.273554038944329170e-01
2.071928873733213106e-01
4.158947067985853674e-01
2.872506853917483061e-01
6.061251558704082720e-01
2.216061651027436685e-01
2.303703712502762624e-01
3.176233746807258229e-01
4.001479949188470608e-01
4.324015634147547193e-01
5.033161395667370419e-01
2.519426188874096528e-01
1.964815871307920292e-01
3.301008270236786002e-01
3.745009218478610458e-01
1.282344579108277982e-01
4.326030840858623439e-01
2.214015227116693796e-01
3.150143103771229636e-01
1.914139805347195022e-01
2.050182197472409928e-01
4.645988622690354619e-01
2.123081804921752302e-01
3.778196248493422699e-02
3.128663808843668015e-01
2.921314042361399799e-01
2.175002149754099445e-01
5.330493256970980642e-01
1.853065578505848354e-01
2.861047128432809283e-01
1.537716012045027281e-01
4.810602206014344961e-01
5.079617162110522388e-01
5.570843467972544927e-01
5.140288237641627012e-01
3.775797248690629382e-01
2.957421466142616251e-01
1.782977495956422909e-01
5.923191657607110860e-01
4.015578586149415319e-01
2.340931387227765670e-01
3.702905468927598642e-01
3.873928412941922694e-01
4.637627129955807503e-01
3.987880106618240661e-01
3.942430165125199171e-01
5.654438740352123460e-01
4.638366926865409301e-01
3.803330548553634505e-01
3.860310599226249861e-01
3.812160095561691886e-01
4.689247244404560755e-01
4.815512880232459270e-01
3.647657333608335661e-01
3.981861020169272236e-01
5.132951112670069982e-01
5.633357730285819542e-01
1.722636068815243671e-01
1.883546228333724259e-01
4.275446767621933764e-01
1.073362934916630429e-01
5.132951112670069982e-01
3.953788002842192895e-01
1.824237210757287397e-01
4.766122023492481707e-01
2.819451266942349377e-01
4.788045334597505476e-01
5.585544689705056187e-02
4.015578586149415319e-01
2.649213023795141675e-01
4.105885087689977730e-01
5.218283104488266044e-01
3.008572857986656079e-01
2.764729324474985428e-01
1.578538937584234025e-01
3.889999875268921325e-01
5.614428064853541622e-01
2.534321350863554811e-01
3.984524358475447503e-01
2.153775465312591508e-01
4.221813733131853374e-01
4.872126310183480524e-01
3.829688858756624126e-01
5.051191701414298185e-01
3.433004976064709668e-01
5.569365593313235774e-01
4.068601197267966429e-01
4.574751792095083092e-01
2.802591272537007794e-01
3.839336673904329422e-01
2.104864472455986457e-01
8.954987292266033960e-02
3.220620810939931467e-01
2.366787593605275131e-01
4.523096392253299625e-01
2.731084615950652994e-01
3.783339321635491026e-01
3.586983189782185777e-01
3.627318854061379327e-01
2.092439174684566638e-01
4.015578586149415319e-01
1.716352867852589115e-01
4.386324134640964267e-01
3.956171106652341951e-01
4.290155370620457043e-01
4.476862878676481916e-01
5.158742789227238612e-01
3.707030649219951735e-01
1.574674562370801667e-01
3.892134744447401373e-01
2.294672014534263338e-01
3.280337992830339444e-01
1.999232355818305884e-01
4.882670520661023250e-01
3.786211440165592190e-01
5.421221492131688136e-01
3.462578188026647630e-01
4.180893568000930705e-01
3.553592908606962308e-01
2.334954461772006939e-01
4.002026439352585063e-01
3.312657809059206260e-01
4.605475006653043657e-01
3.083729601806606269e-01
4.057916106106532750e-01
4.763167311490412170e-01
2.821591134573023241e-01
3.858755909093671277e-01
1.359732718673219987e-01
3.563123753321196796e-01
3.731616144902322185e-01
3.500625858366355203e-01
2.475091716066878111e-01
4.491313135805460877e-01
3.392295334223699999e-01
2.524967705385210426e-01
3.100865811366191327e-01
2.823458204581334452e-01
4.166566642404908594e-01
2.746198288983218161e-01
5.879877638200029510e-01
4.200146487462996236e-01
4.267573265802928062e-01
3.083729601806606269e-01
4.458284122465825949e-01
3.807212472918001800e-01
3.289695679477768753e-01
1.798532795596561873e-01
4.465775450051357454e-01
4.120516219356772925e-01
2.107520713770774656e-01
2.909188779567249417e-01
2.587221054522447772e-01
2.691081832580893840e-01
1.413168684846074497e-01
7.430125571269328988e-02
2.095833838828315976e-01
4.142932050022838375e-01
4.147304168820870052e-01
5.759578131628484421e-01
5.324987507092939776e-01
4.103244942451437782e-01
3.107052077279964797e-01
3.449237744233442093e-01
1.434318358407989380e-01
3.083729601806606269e-01
3.831149435798671954e-01
3.645258223109938411e-01
2.142767416349041776e-01
3.416378793641287603e-01
2.725808849961491309e-01
4.123493297067786223e-01
1.945029307568757471e-01
1.143776906363033058e-01
3.126643001870495486e-01
9.017573141894011379e-02
5.023992644068624447e-01
4.130198584005607132e-01
5.386202903570082023e-01
1.023415422726105251e-01
2.422031627470522808e-01
3.871054226015092636e-01
2.760968124840060267e-01
2.604471614199849738e-01
4.772336593180781517e-01
3.031913012535366603e-01
4.675404740440479712e-01
1.170332267213527178e-01
4.761543767652876014e-01
2.968108222415385966e-01
2.869427051725540467e-01
2.371120750668955779e-01
3.745334407862523363e-01
6.198219246546585737e-01
5.498337165641381530e-01
2.997650343983889187e-01
4.417785800091559856e-01
2.737076113729089988e-01
4.268823303964133231e-01
5.676563261764806523e-01
2.935500877213990667e-01
3.031973837950712181e-01
1.514107380640385137e-01
1.927050542318595183e-01
2.392333152779085315e-01
4.097612841596975364e-01
3.925337230790629794e-01
5.412590914494935790e-01
5.438418886737407254e-01
5.180799365366491882e-01
4.453789172083996717e-01
2.067331113640036577e-01
5.250798176328883571e-01
2.549347945433255713e-01
5.545749460592418467e-01
2.790088973240553716e-01
2.977180814354175031e-01
2.699751753410087884e-01
4.057907905277293725e-01
4.353611608867449245e-01
2.134594521899087771e-01
4.279115041155807098e-01
4.991791403099635205e-01
4.302732082308152184e-01
1.854851191101298535e-01
2.553400742234073206e-01
1.624743232718625918e-01
2.285744977440213321e-01
2.883977625056444172e-01
1.465828475272397957e-01
1.901299745180180523e-01
3.086724340923250876e-01
5.429649275422283594e-01
5.347889864166511797e-01
3.582596205551989432e-01
6.468868585294914597e-01
6.340283761194560608e-01
3.757351551713925542e-01
3.280337992830339444e-01
2.010196646238006646e-01
1.968868845845341276e-01
3.521700691306149378e-01
4.009370413939438160e-01
5.187632537428257251e-01
5.684992329748042028e-01
5.187632537428257251e-01
3.977240770679105752e-01
4.121752980281894185e-01
4.523813616614284494e-01
2.996579343748932422e-01
3.924287262720394520e-01
1.568150792317117015e-01
5.228111658012997154e-01
3.067442979447079221e-01
5.488017647491038042e-01
2.777861496308586253e-01
1.026960674466833867e-01
4.342376377185463987e-01
5.146103201397191906e-01
5.861841349693519554e-01
5.635990815951203992e-01
5.545692177436395420e-01
4.527860428576729879e-01
5.365392483450436290e-01
2.607135134400209719e-01
2.038784271316515517e-01
5.001685600676512022e-01
9.121329565699633213e-02
4.231951940198338535e-01
5.816489751630046223e-01
2.002553209380716903e-01
4.257359650604466417e-01
2.963152348012085269e-01
5.064681905445791443e-01
3.592475728945443980e-01
2.809472181947987313e-01
4.209275124637957832e-01
2.900058383735371059e-01
4.765066203626477925e-01
3.813945185341285349e-01
6.019875807886159169e-01
2.810563988798876478e-01
2.895576844671624572e-01
3.040850735652915748e-01
3.056851848585060982e-01
5.407527897141111151e-01
1.685692283100286015e-01
5.058317458067530525e-01
1.550306024874898714e-01
4.340671891475155753e-01
7.858825364504591626e-02
3.167617115777188186e-01
4.901166016107901813e-01
4.432768979117874819e-01
3.677106874155040561e-01
1.373452193568388546e-01
3.328984096823729977e-01
3.176520257172352757e-01
3.744027543879244746e-01
4.148874605792862158e-01
4.211863368709549138e-01
2.782558981187738811e-01
5.319422441001588897e-01
1.578538937584234025e-01
5.138269641462344106e-01
5.123326241135117698e-01
4.992394024769735705e-01
3.083245743526938920e-01
4.164950648735127881e-01
3.123400548859247561e-01
2.848198898618415909e-01
5.682253489764309551e-01
3.940573318609460474e-01
1.411220021264112945e-01
3.176520257172352757e-01
9.085098624333694250e-02
3.948648272915238899e-01
3.261092269102218721e-01
5.367173425003225473e-01
2.480041299010181111e-01
3.619340613413274399e-01
1.469104350040830176e-01
4.235068027681629932e-01
3.315144789000322167e-01
4.692652909508597259e-01
2.389393467315457931e-01
2.801877247434881868e-01
5.431970839752487956e-01
5.170489093677099746e-01
1.549596392257483191e-01
3.932916457961344037e-01
1.558621648053659936e-01
1.743447260166232082e-01
2.950964924179576565e-01
2.288090459296605317e-01
3.600705005395661296e-01
4.985710567212862654e-01
6.153745827370206145e-01
4.092329980695217362e-01
5.942221136173968521e-01
2.890883433182813156e-01
3.024485339599298217e-01
5.187632537428257251e-01
5.388810783898452250e-01
5.633357730285819542e-01
1.615206977951642309e-01
3.149959272153669554e-01
2.522742138569289971e-01
4.797195900935367630e-01
2.508645302880471162e-01
