2.559975162022716799e-01
4.119016349013260303e-01
2.785611795479657204e-01
3.328984096823729977e-01
3.387467804357084389e-01
2.595241776297528280e-01
3.431890735944179149e-01
4.888478763686314177e-01
1.608584255382720096e-01
5.259970073137930635e-01
6.155122127119833086e-01
1.847929871038863359e-01
2.934718769638249292e-01
5.251094093221813086e-01
3.029356353609392594e-01
2.951049501857250235e-01
5.158742789227238612e-01
3.756055964130698976e-01
2.209456294675868904e-01
4.546233138173205734e-01
2.592342052466569680e-01
5.296266683501503758e-01
1.453048244779992226e-01
9.478653717091857500e-02
2.265069964548594161e-01
5.664412210532854264e-01
2.000500213373233860e-01
5.068153697920807499e-01
3.292153014824368840e-01
3.123735839087082300e-01
1.934254303513365525e-01
3.725629293221058846e-01
5.666607817817471693e-01
2.962666578284386398e-01
4.348585377793527385e-01
3.006591683157828765e-01
2.266287942560511470e-01
3.790918548806205268e-01
5.298113123591089435e-01
1.682299076188804310e-01
2.147426657716023923e-01
5.094854074169858915e-01
3.662669795519588045e-01
2.699036807403690230e-01
5.694653758895921181e-01
2.858003793426399097e-01
3.946234896715788976e-01
5.952800531223192415e-01
3.208764396065849067e-01
2.706552542070614908e-01
3.253817311405391988e-01
5.104380571093382057e-01
2.965369860553509485e-01
4.171958330077641941e-01
3.083729601806606269e-01
3.716181633394741168e-01
5.024492674300400363e-01
1.567665194089649383e-01
3.590117161101711307e-01
4.073399940041221856e-01
2.297459866165897924e-01
2.034817325452664138e-01
2.247182405200194022e-01
2.801853782045667374e-01
2.405177014014861225e-01
4.368725999082799238e-01
7.929864959439987537e-02
1.940615953878764566e-01
3.790918548806205268e-01
2.804757082435993532e-01
4.249948015538507207e-01
5.955528410783056392e-01
3.387467804357084389e-01
2.855037369517628987e-01
1.422508533390664520e-01
4.387270586211020063e-01
3.657870277357407884e-01
3.266898281585108310e-01
3.600278930221177398e-01
3.925870410458009441e-01
1.937000850613551095e-01
1.412649740737282333e-01
4.801293076799053039e-01
3.083729601806606269e-01
3.955615745248993176e-01
2.883977733153559875e-01
2.239926416468337733e-01
5.500286659700219793e-01
6.135229996153483967e-01
2.958810426766890767e-01
3.698956837209652626e-01
3.978837341687849888e-02
4.104415700733021199e-01
3.894349179339221534e-01
1.957249581491012913e-01
4.494816426116884922e-01
4.244455953457709763e-01
3.993331801702186268e-01
2.844020269499451525e-01
1.989393991440952525e-01
4.447276119235671343e-01
4.773612158891557544e-01
4.790366898927709838e-01
3.328984096823729977e-01
