5.766987139103022519e-01
4.919764746378821885e-01
2.371357319127319063e-01
8.929496048774548944e-02
4.083104558144303731e-01
2.104987277015505365e-01
4.486574472161695692e-01
1.552684995009777080e-01
3.069360292786770250e-01
4.033701571660698870e-01
5.135719616996829995e-01
2.903724789475817247e-01
3.385800144423701807e-01
3.350607891609759248e-01
5.586274525569409066e-01
4.874388627939862384e-01
1.924676573754096898e-01
3.172719142677549176e-01
3.893384945793674778e-01
2.161918404388822879e-01
8.961823416210566717e-02
1.565216376587867664e-01
1.947830750333868766e-01
4.428743330283964053e-01
4.353992244795818478e-01
5.180410367502605862e-01
2.910069465475905170e-01
2.699751753410087884e-01
4.756806135089288734e-01
3.095700418768271844e-01
3.062783706898237202e-01
3.172719142677549176e-01
5.198391464116517424e-01
1.651738833623309088e-01
4.103622450839226610e-01
4.877955449212703631e-01
4.798761979722696025e-01
2.609020217129777164e-01
4.234653778747333175e-01
2.015562443612195498e-01
1.936650997417595499e-01
4.088722889089290713e-01
5.087418574586873854e-01
5.247430096799766686e-01
1.213978000289075848e-01
3.502082752830710799e-01
2.528356299460169376e-01
2.760952928880177071e-01
4.884115500536586607e-01
3.113078866687804536e-01
4.159962625833935057e-01
3.747653943293022261e-01
3.583765964974650053e-01
2.003225845760371049e-01
4.502003890632106931e-01
4.047945207389874733e-01
3.322118198360263230e-01
4.631514285889514193e-01
5.505430354920399783e-01
2.906952330282110419e-01
3.096418611845714874e-01
1.497099840948227512e-01
3.798405682431536534e-01
3.869475091382888476e-01
3.387467804357084389e-01
2.467512488896163592e-01
1.842379175627494592e-01
3.256724604113222510e-01
3.208711292318491282e-01
3.957825865610754001e-01
3.817124279930742548e-01
4.276496837552912211e-01
4.320420011229811341e-01
1.860367472132932465e-01
3.321461706908437894e-01
5.114233999427409971e-01
2.833251349024989429e-01
1.905223279658226632e-01
6.360853209977179734e-01
5.766987139103022519e-01
4.955305801560030421e-01
4.129357206989346385e-01
5.400538165116738343e-01
4.517304347164999845e-01
2.821591134573023241e-01
2.524471448158522868e-01
4.368689029869316509e-01
4.003471788213494587e-01
4.661603168904315808e-01
5.407527897141111151e-01
2.316682281453500691e-01
3.280337992830339444e-01
2.146790574791715978e-01
5.281816562533313553e-01
3.019513190343750542e-01
1.121962944844841215e-01
5.162454962662728075e-01
4.124695251761129611e-01
5.346675370207777389e-01
3.083729601806606269e-01
2.182749447151425826e-01
4.690796244887043276e-01
1.996584558551266486e-01
4.868641273733032016e-01
