5.431970839752487956e-01
6.241533265953668197e-01
1.340209369331377964e-01
4.542083590296482343e-01
4.227177789518846707e-01
8.821615148347219937e-02
1.980814558291340288e-01
4.932305136396331613e-01
5.162454962662728075e-01
2.405177014014861225e-01
1.916733707887021687e-01
2.955637850225615870e-01
4.824663704340366177e-01
4.960617812304121688e-01
4.569855216235371720e-01
3.155607036695917689e-01
2.291537986047993969e-01
5.631282982852038321e-01
5.300595068701174917e-01
3.822753458005506699e-01
5.386202903570082023e-01
4.319511353113743013e-01
3.845599973564393093e-01
1.564450657158465707e-01
2.510745214075452703e-01
3.425699860312069189e-01
4.492324898821153378e-01
1.537380696871704089e-01
1.570085959350577820e-01
1.696424779004424011e-01
2.522106968234090751e-01
6.333164429043930399e-01
5.009635598874415674e-01
4.395094608654220858e-01
2.976134855231769571e-01
3.738023448629276269e-01
5.400538165116738343e-01
1.882069140496687165e-01
2.889247992426205447e-01
5.731202343635599661e-01
3.925337230790629794e-01
1.347821793749883201e-01
4.797195900935367630e-01
3.599035092053179952e-01
1.583764906142616502e-01
3.971122166283834187e-01
5.585135877328090137e-01
5.122835122678994768e-01
5.081905679905259765e-01
5.568660128671136800e-01
3.005814057454797572e-01
3.586014556476160853e-01
2.564583172632744490e-01
5.614428064853541622e-01
4.316739181800220426e-01
2.911671701708954951e-01
2.440131245295754092e-01
5.156282577873730899e-01
4.803868748344601314e-01
3.586983189782185777e-01
4.252424643102027946e-01
3.484105263958026666e-01
3.611575977862267472e-01
3.191689044142865250e-01
3.328136162262264053e-01
4.886146740960190527e-01
3.793346936992563201e-01
5.321405488820819540e-01
4.039844582097968373e-01
5.503216301486668627e-01
1.824237210757287397e-01
2.668099696717936009e-01
4.233803817364952260e-01
4.343863571063399931e-01
3.392557197407077285e-01
4.159962625833935057e-01
4.127055038815597432e-01
3.784108252796495875e-01
4.299341628754927980e-01
3.722347992808947015e-01
5.816489751630046223e-01
4.336086914905276091e-01
3.354676548544082704e-01
3.627686840548450808e-01
2.717318020067708284e-01
1.783306563324352501e-01
3.783339321635491026e-01
4.008200718959288311e-01
5.132951112670069982e-01
3.803182030392778801e-01
1.668638740809738341e-01
4.165136606955555099e-01
1.964815871307920292e-01
4.856270700126307238e-01
3.155607036695917689e-01
3.808360788575385625e-01
5.810773653080509860e-01
3.979525309668479061e-01
3.248498533158236667e-01
5.695701228259757443e-01
4.619330660007581191e-01
4.037762973615543483e-01
4.269236194408719265e-01
3.011313221723958544e-01
1.184650499306919152e-01
3.888971884173772486e-01
4.173496286984628156e-01
4.047945207389874733e-01
5.164103048703051480e-01
2.212461802967640445e-01
5.132951112670069982e-01
1.903066131040616060e-01
2.118705470336218477e-01
5.368123024901768625e-01
2.917750925493552971e-01
3.925591253814951220e-01
5.368123024901768625e-01
2.358374222570476242e-01
2.783135400740692211e-01
4.798059765269827581e-01
4.749910275015726824e-01
4.025842108954562071e-01
3.346920890250634772e-01
3.229945592409660948e-01
4.051346592263898039e-01
3.591306915372543540e-01
4.156646736423671440e-01
3.707030649219951735e-01
1.601701510399569095e-01
5.523313962487713669e-01
3.912157841305485273e-01
4.874498803845990214e-01
2.198454673333107012e-01
1.477755191729147877e-01
5.305292347780049544e-01
3.233596661871853128e-01
