2.623152822569855269e-01
1.588187414826771615e-01
4.412809320715022632e-01
2.475435986670458111e-01
5.838641997354351854e-02
2.278111628954101742e-01
3.874196607082320831e-01
3.038031998388728283e-01
6.468868585294914597e-01
4.431374455649736421e-01
5.401227213548823736e-01
4.175311030713296234e-01
2.853886538523520144e-01
5.272234160691988691e-01
3.253817311405391988e-01
5.296691224528464748e-01
3.712645189490130782e-01
4.051895068712508818e-01
3.839125992626324924e-01
4.994125097173466865e-01
1.141617629063764322e-01
2.691081832580893840e-01
1.862400972202007676e-01
3.662833816261951703e-01
3.194913848221225816e-01
4.983326322146630072e-01
5.132951112670069982e-01
6.805498186800994220e-02
2.705048356157647160e-01
3.833550335096450601e-01
5.323955464434753093e-01
3.637496414714258552e-01
4.613146515499698119e-01
4.157778601570996657e-01
3.877222563398632360e-01
4.451374436355440833e-01
5.502938298052741789e-02
3.986335992333255307e-01
3.387467804357084389e-01
4.578603260097173222e-01
5.352364083808268669e-01
4.979076943465606253e-01
5.551863811781955205e-01
4.156103939231203248e-01
2.937710024701711831e-01
2.975890361383932148e-01
2.448887344471446792e-01
2.858504366222542337e-01
5.764154761853778064e-01
4.063063521322636817e-01
6.071598455567098762e-01
4.146490430366117086e-01
4.830691979044147710e-01
5.925645574382435443e-01
5.051191701414298185e-01
1.698698164242394837e-01
1.281361798592269285e-01
4.130952307773380627e-01
1.396020765458579616e-01
2.089655654213317393e-01
5.205085652390888384e-01
1.489083892076552285e-01
5.422239415643566041e-01
1.791109807215294503e-01
2.121418957388798154e-01
4.315076980771168080e-01
1.456214903004196259e-01
4.396258030883488654e-01
5.342730482391849778e-01
3.294018524700273454e-01
5.487066397032693832e-01
1.262047970563231203e-01
5.619060897263704613e-01
5.092546136312572358e-01
1.169080428819591899e-01
2.603696168108848297e-01
5.706547624223529125e-01
7.679496771349197948e-02
5.590222879768799169e-01
5.064972871698713019e-01
4.327177497641043757e-01
4.783731560178140496e-01
4.034021200279538366e-01
5.350211428496716159e-01
5.036149592829740618e-01
1.893605580633281604e-01
5.032174724694601364e-01
5.185261077964111731e-01
3.761235190041209431e-01
3.214353260152923997e-01
3.357243414332303777e-01
3.038924456489014436e-01
3.204561762111488576e-01
2.676825232473631910e-01
1.971877311216857220e-01
1.699701492564896221e-01
4.796506734012213058e-01
4.266825966537756143e-01
3.181197854261053615e-01
3.211616290041409139e-01
2.312316128784725477e-01
5.132951112670069982e-01
5.068466063245005149e-01
3.712828686422391389e-01
2.116130975386195656e-01
5.939332712649154633e-01
2.644303641545435735e-01
5.022546491755116582e-01
3.098624264886300494e-01
5.375166013464615089e-01
3.209244820183310143e-01
5.068153697920807499e-01
3.988893317511643111e-01
2.934578052139426574e-01
4.039192597464341117e-01
5.019204935516307087e-01
3.040026780981357479e-01
5.132951112670069982e-01
2.721377067792105642e-01
2.979768325652050742e-01
2.547578239744101580e-01
5.176628570170210830e-01
7.408593166358037885e-02
2.883977625056444172e-01
5.503216301486668627e-01
1.802395626268517848e-01
5.431970839752487956e-01
1.841640850501695403e-01
3.920989891177523168e-01
4.884115500536586607e-01
6.404071170545652114e-01
5.582652799277083577e-01
1.767232335166351864e-01
5.178133749745124081e-01
3.011219370561054043e-01
2.779154824246341526e-01
3.261818679639226226e-01
4.107024792996358808e-01
1.246925883625382286e-01
2.487135763627282281e-01
3.954729244962800760e-01
1.416198530579751147e-01
6.378627229936129073e-01
3.061698260107438285e-01
3.447591470898592747e-01
3.812160095561691886e-01
2.188329289286942148e-01
2.932710314839306887e-01
3.225681781724329955e-01
3.197704365901909429e-01
1.925502206009735151e-01
4.559299134823642241e-01
2.855584964558990912e-01
5.250498747319097825e-01
3.470859315752837237e-01
4.571014077597884140e-01
2.522189208311643172e-01
1.632502745089997875e-01
1.167728578766566716e-01
6.054084942380607570e-01
1.636713109027508328e-01
3.699402012312920096e-01
2.406006742527537490e-01
1.991084130377371031e-01
1.783523674301935313e-01
2.129510133537660943e-01
3.477340808401033767e-01
5.016994632220966865e-01
2.374999389504650338e-01
3.788988832361911974e-01
3.732351091993263981e-01
3.150916039722482798e-01
3.497739061495250823e-01
3.790212683996900256e-01
5.132951112670069982e-01
2.945098653791197729e-01
2.144352211528272045e-01
1.824237210757287397e-01
2.875818497397779616e-01
5.923191657607110860e-01
4.786859058143483336e-01
4.141763349744029821e-01
6.037085930927220678e-01
3.400656167981601086e-01
4.260353530141164358e-01
2.820568639800437039e-01
4.436664224372929843e-01
4.197328275093456518e-01
1.794348540230617517e-01
2.063158777020465406e-01
2.711977142196815849e-01
5.237663029745817100e-01
5.874264257895051022e-01
3.061289310010589237e-01
3.985454215059491823e-01
9.191953579195906443e-02
4.623993480532419265e-02
2.052499139611533574e-01
3.467481267383006327e-01
5.153482091352333816e-01
4.650989970639816673e-01
5.614428064853541622e-01
1.902459397522547058e-01
5.465326664972162130e-01
3.507550606354624678e-01
4.987393459484965041e-01
3.345552141708157956e-01
3.444187685021332102e-01
3.172719142677549176e-01
4.286250002694177441e-01
2.055880322797712378e-01
2.104209449669777743e-01
1.663941492912723585e-01
3.547977951539251773e-01
2.557735860636762282e-01
2.919662257113058157e-01
4.236104048105786002e-01
2.808844750950496016e-01
4.019676268198631441e-01
3.387467804357084389e-01
4.209008943806334946e-01
2.191147733441643208e-01
2.695373916898286537e-01
4.104345591438491869e-01
4.505189090629795889e-01
3.083729601806606269e-01
4.486918856059367577e-01
5.036589439992490425e-01
3.126190364948076006e-01
4.522485425278007232e-01
4.597831041782921013e-01
4.665267576926916959e-01
4.969811249542211984e-01
2.701640038516700537e-01
2.058922326338690767e-01
2.046380764922632045e-01
5.857836855672980958e-01
1.797573747594370386e-01
4.068154263507782198e-01
3.741053616575508722e-01
2.672841811154232916e-01
4.269309044588762703e-01
5.169925394244327954e-01
2.937971093787049015e-01
5.254625026252326414e-01
3.803584999808836686e-01
3.122058672843913141e-01
3.902320493456775674e-01
3.639487703899147442e-01
3.904533026255121997e-01
5.211407065683854034e-01
4.607364824867783981e-01
3.647657333608335661e-01
2.855037369517628987e-01
4.666394530931256557e-01
4.969811249542211984e-01
2.274616808675310187e-01
5.987365887288850219e-01
5.288170039093752495e-01
2.711965885545274402e-01
3.691013509851046037e-01
5.693439650552858389e-01
4.341389100245210964e-01
3.908449589508617428e-01
2.917956709140711591e-01
2.778013137852440861e-01
3.430144996632794041e-01
2.986175154375333984e-01
2.551655705553938502e-01
2.044826211990238563e-01
3.087013942450089199e-01
2.191935699049525066e-01
5.367173425003225473e-01
5.478077648958468160e-01
3.647066845839443960e-01
2.061246153432552131e-01
3.807688524299263633e-01
5.132951112670069982e-01
5.334195412714174411e-01
3.063847815942083996e-01
3.952062970364787486e-01
4.994972686655679839e-01
1.491727096255580642e-01
4.398535263963010977e-01
2.478080923521519263e-01
3.765570965341753507e-01
3.576771856056497056e-01
2.484768180068362697e-01
1.874821376500162839e-01
5.224629432087549707e-01
5.890126363133709742e-01
3.946059417679187442e-01
4.294735699014372576e-01
3.558041894848029685e-01
1.709296256974405792e-01
4.703227675090974058e-01
4.512559644634304146e-01
3.446113119156821170e-01
2.187858802828334948e-01
4.766975743328414894e-01
2.761193260989069365e-01
3.886876504742476923e-01
3.383933882025570994e-01
2.976134855231769571e-01
3.155607036695917689e-01
3.787759663180360059e-01
3.608940994260990132e-01
5.328703260205982506e-01
3.935114451697663274e-01
5.258877999162439032e-01
3.969810649967009941e-01
2.324380471578554319e-01
4.757485405929403055e-01
5.234982121500800778e-01
5.287989766365839284e-01
5.706547624223529125e-01
5.708587855416831225e-01
3.413888863896195058e-01
1.685094428097218267e-01
2.900023670009778121e-01
3.838689770874523233e-01
5.957204315200282929e-01
5.154131688494862917e-01
4.678340822320460335e-01
9.274229827706112483e-02
2.648814859503744734e-01
3.354676548544082704e-01
1.891106374284771963e-01
3.419522757707620375e-01
2.655488403307856293e-01
1.102456359910451433e-01
4.263598257349417997e-01
3.049247254971053644e-01
3.702975700870778653e-01
3.107598615256265129e-01
1.941932234783831368e-01
1.225481866815084087e-01
1.345759249856799400e-01
3.328984096823729977e-01
2.770987284761183278e-01
5.329770598651153435e-01
3.674792059658179566e-01
3.845546799138151450e-01
2.513533787047453893e-01
2.983434054746130215e-01
3.646324943114881978e-01
3.065991102144033920e-01
3.783607515775889163e-01
2.634485604622763266e-01
5.001685600676512022e-01
2.915713958001621142e-01
2.930951502013324772e-01
2.947250397553036194e-01
5.461080397201393266e-01
4.555722313528226541e-01
2.714425539782879815e-01
4.836245474586564619e-01
2.160428275258444719e-01
3.280337992830339444e-01
4.765066203626477925e-01
3.201108857528606189e-01
4.615414262017945024e-01
5.319422441001588897e-01
5.502514044418591599e-01
2.363288353817494247e-01
2.852015818158772364e-01
3.008287719623410905e-01
3.800976623688889222e-01
2.538896621559741940e-01
4.908467202946154018e-01
2.323325076825244750e-01
2.788165334140818019e-01
4.460236844886593666e-01
3.357291159996679819e-01
1.998419247237129270e-01
4.063063521322636817e-01
3.092619115689456688e-01
2.182349270590648871e-01
3.742052151206698429e-01
6.387109174039142800e-01
1.697631478537497962e-01
6.148206558031819036e-01
5.355276493459362186e-01
3.851047198208977784e-01
3.124099538068372817e-01
3.515195850720411741e-01
2.979291987397674757e-01
6.265488230122245872e-01
1.478779339140326166e-01
4.213270892934610767e-01
3.924951499746299199e-01
3.865366927031660405e-01
5.138244734431791638e-01
1.367978901928051383e-01
1.132504730413053523e-01
3.655425927176800815e-01
2.831095177438999189e-01
5.551863811781955205e-01
2.888802696753078880e-01
2.929110003209188795e-01
4.623661119840352662e-01
3.822779594640746681e-01
2.790569316285178014e-01
3.866337057066975835e-01
2.382007575993299875e-01
5.832441683492849416e-01
2.636853858591677313e-01
4.298872402043474317e-01
4.873377821167883539e-01
2.700929040133807080e-01
3.937501013576110709e-01
3.892091907847219923e-01
5.708513734056286371e-01
4.116144007013160522e-01
4.419531467684666981e-01
3.881510756219869185e-01
5.691551737549778167e-01
3.674088946128341582e-01
5.388723948654098317e-01
3.720306969596395286e-01
1.490315937265012380e-01
1.287457925023900163e-01
3.720045694710780726e-01
3.302282275815154877e-01
6.151131744969836612e-01
2.696416666367879578e-01
1.768919180258935187e-01
2.822601196098542542e-01
3.514056263905099842e-01
2.971576755346612697e-01
1.079594167151639028e-01
4.177927994317549576e-01
2.638909251444816473e-01
5.347793499745673307e-01
3.667987812929354163e-01
3.883868132916541427e-01
3.572243787420922856e-01
5.522392351426907986e-01
4.765066203626477925e-01
5.568173880821580823e-01
5.169177985842644540e-01
5.114233999427409971e-01
8.060100364129482720e-02
3.790918548806205268e-01
5.204196574404251763e-01
3.403091968096134678e-01
5.512129840992823215e-01
5.099935085535822754e-01
4.943724985478754608e-01
5.299078272843932291e-01
3.328984096823729977e-01
1.650264950242107953e-01
2.981680304814852689e-01
2.299498520596467976e-01
2.231270216697037734e-01
1.489251223293076853e-01
4.446216728007276742e-01
5.341743110866620237e-01
4.047945207389874733e-01
1.138850167250530926e-01
6.151131744969836612e-01
3.751939080291956663e-01
1.287457925023900163e-01
2.522742138569289971e-01
5.291039009295366302e-01
3.881021270653826627e-01
4.156399183635346439e-01
2.794068374178774183e-01
3.935836852247445727e-01
4.295715951720912584e-01
3.802625506945439549e-01
2.847192706761750292e-01
2.194257493086099464e-01
4.884115500536586607e-01
4.200105810726332822e-01
3.968520073308721696e-01
6.313829815186866590e-01
6.343821650898090470e-01
3.376422928577214044e-01
5.431970839752487956e-01
4.201174638625027602e-01
3.125383509369270008e-01
5.431970839752487956e-01
4.447012612768260209e-01
1.190743173906623209e-01
6.148206558031819036e-01
5.526752340481312364e-01
3.719522284320209149e-01
2.987805593561561612e-01
5.325870487986508195e-01
3.246604770438177856e-01
2.305863781821280989e-01
2.262360164231288495e-01
5.341743110866620237e-01
5.973455743633568904e-01
2.781267568855596561e-01
6.333164429043930399e-01
2.141206344329070754e-01
5.980708463467078184e-01
4.059190486906619766e-01
1.651526634828107132e-01
4.670368651741145793e-01
2.821591134573023241e-01
3.969810649967009941e-01
4.167102716788312344e-01
8.486310005189050265e-02
3.693222837154161442e-01
3.043840738244992794e-01
5.664412210532854264e-01
2.568851013053812249e-01
4.983160825462881749e-01
4.011629789167610038e-01
3.566151743734190527e-01
5.468967734411780413e-01
3.845599973564393093e-01
1.734760325474704046e-01
3.996198660891863153e-01
3.328984096823729977e-01
2.005948772601436336e-01
4.341389100245210964e-01
5.549630650104279139e-01
4.042248004008239803e-01
1.608791641777494175e-01
2.789121405314753388e-01
5.466083542785097477e-02
1.189285651647482150e-01
3.476955369426794618e-01
3.570837935582965028e-01
3.878144731575340898e-01
3.746842007149790432e-01
3.062702049921470770e-01
4.007340377135638620e-01
2.182749447151425826e-01
3.226432972485657746e-01
6.234247754236550421e-01
8.792318636937149212e-02
3.647708200576920690e-01
2.759400869457206418e-01
4.250293856668446724e-01
2.776681019680565798e-01
4.226878948806823688e-01
5.706547624223529125e-01
3.788975587347083729e-01
2.908182622010630491e-01
9.859341625622190797e-02
3.687650723962399568e-01
5.875440673605474284e-01
4.124115838749594087e-01
5.269030219356908296e-01
3.860705315843301344e-01
2.581617832228135234e-01
1.126141711163990700e-01
3.933797294582324078e-01
4.235093615516130061e-01
3.684129881381855154e-01
1.831252748889182769e-01
2.655016931502466315e-01
4.206549703248075311e-01
4.365092223080287437e-01
1.496861542936017142e-01
6.404071170545652114e-01
1.294541373089783953e-01
3.102619897022163564e-01
5.505430354920399783e-01
3.599740111834073275e-01
3.890069866072382032e-01
4.353736076459513438e-01
2.965893588999055641e-01
1.856052431730042529e-01
3.068294433401169696e-01
5.957245446152710233e-01
3.328984096823729977e-01
2.198454673333107012e-01
5.664412210532854264e-01
3.287349351553569554e-01
4.099313594838614461e-01
6.148206558031819036e-01
4.308866258924419768e-01
5.530124079721424613e-01
4.826593772100284951e-01
3.547977951539251773e-01
4.090249189177529998e-01
2.080127967182128224e-01
2.841275474819811020e-01
3.153067758538833365e-01
4.283003053258685466e-01
5.024935737352335119e-01
3.776916715930329072e-01
3.851931131188678359e-01
1.989393991440952525e-01
5.132951112670069982e-01
3.259079618264285605e-01
5.334765832877220726e-01
1.708935980721972558e-01
2.475170985552546388e-01
2.578403856570435360e-01
3.419718036186069066e-01
2.816247097979689973e-01
3.855146818730504354e-01
4.087405648822324267e-01
5.006038122714787653e-01
4.056292010350070476e-01
3.969810649967009941e-01
3.328984096823729977e-01
2.659430055486088906e-01
3.254189667510476447e-01
4.461275472114265006e-01
4.146490430366117086e-01
3.979847303951114523e-01
5.319422441001588897e-01
5.571193401201941509e-01
5.664412210532854264e-01
3.075609041951458122e-01
5.010735077502316281e-01
3.832586067250857709e-01
3.884861401970934325e-01
4.486574472161695692e-01
3.668839872850928052e-01
2.875585444174458827e-01
4.477756238971923319e-01
4.413868601767511612e-01
3.223766057620114367e-01
2.981288963114472890e-01
3.679100738961583739e-01
4.023157813320129561e-01
3.839803455957941924e-01
3.707030649219951735e-01
5.069044975267986697e-01
5.102207486466405761e-01
4.703089464613713355e-01
2.514334670260631732e-01
3.023124743034479867e-01
5.144472481574222655e-01
5.223540203976501095e-01
4.410748852494434380e-01
4.183975285798486876e-01
5.051191701414298185e-01
3.864520704354320602e-01
2.844945152576789926e-01
1.907708452090844664e-01
3.159275976482205373e-01
5.187632537428257251e-01
4.787948970176666430e-01
3.083729601806606269e-01
4.357836588782242337e-01
2.993175874887250565e-01
4.131448833164066414e-01
1.537380696871704089e-01
3.914611347519649787e-01
5.815305056616035251e-02
4.253826978665548042e-01
3.018062733894136263e-01
1.902424980024626233e-01
2.045407096785576417e-01
2.070250833358562026e-01
5.614615871118885382e-01
1.672355109244822724e-01
4.094403275054311342e-01
5.962077380976780194e-01
1.539257375050545606e-01
2.937971093787049015e-01
3.588633530271003735e-01
1.007771194499395839e-01
3.870400776873429982e-01
3.938940848444737464e-01
5.205085652390888384e-01
4.040244330427865127e-01
4.176699422788318627e-01
4.725035854452884765e-01
1.930492254692447174e-01
2.320756718465314394e-01
4.221182383613927835e-01
5.605459872900971918e-01
5.877423721424706038e-01
4.156028025953090177e-01
2.118705470336218477e-01
1.606703811474558818e-01
2.388055653257115107e-01
3.565329699471269098e-01
4.173758222925679773e-01
3.009580771082005501e-01
3.783095033587931533e-01
2.219506514847962020e-01
3.538827108722228387e-01
2.968738984674944015e-01
9.343363919951075403e-02
5.124971252644023867e-01
3.663325163385049432e-01
2.240832978124003283e-01
3.034300073323578095e-01
2.737953893488372925e-01
3.715590190421531047e-01
3.059828274595196018e-01
2.712878399818057229e-01
5.114233999427409971e-01
3.647657333608335661e-01
5.254625026252326414e-01
3.590521261379899798e-01
5.708513734056286371e-01
3.203097913052907475e-01
5.367173425003225473e-01
5.937394444059996834e-01
2.224801994009157902e-01
5.537976849760961606e-01
4.579090477702582040e-01
3.970987192483664829e-01
5.249855610018612229e-01
4.080334274372720005e-01
4.322424479947621911e-01
3.350153246575541810e-01
4.146490430366117086e-01
4.559299134823642241e-01
5.214271874146523267e-01
3.790918548806205268e-01
5.592547350248375793e-01
4.920890056059731843e-01
3.966684305730495130e-01
2.502697745540067298e-01
4.018593512402369727e-01
2.962666578284386398e-01
3.328984096823729977e-01
4.596060676077725060e-01
3.608379878765034521e-01
3.536761574488749282e-01
2.717693824886533438e-01
6.387109174039142800e-01
2.575454350899628042e-01
3.559288945787025260e-01
2.681923437517324538e-01
3.087706650593170510e-01
3.280337992830339444e-01
2.886603689606301870e-01
6.499785543664102216e-02
2.104987277015505365e-01
4.498745250077820779e-01
5.296266683501503758e-01
3.449237744233442093e-01
2.196432975598127113e-01
3.001912045736073731e-01
2.979768325652050742e-01
3.909972710086508929e-01
4.509338553276101003e-01
3.069257713821189060e-01
2.357194968271376923e-01
1.960580007884513143e-01
1.443677658196987901e-01
6.182980980155120543e-01
4.560304269615245709e-01
3.938953300400920288e-01
9.192037416824097584e-02
2.463946705979267737e-01
1.649183154847141397e-01
2.422812984602827902e-01
4.446762888683067905e-01
3.055335922701719054e-01
4.345486749033776186e-01
4.493765270017775482e-01
2.384885371700753154e-01
3.662729964037077512e-01
1.731396305823788284e-01
3.593455353857197832e-01
1.969376959454681719e-01
4.057237668861481406e-01
4.389297134804056033e-01
4.107794455891684016e-01
5.595982273291861819e-01
3.916451939971048457e-01
3.387467804357084389e-01
5.463534313976717849e-01
5.386202903570082023e-01
4.870623491075386502e-01
2.882208978511142106e-01
1.419893299340257986e-01
5.172340809737436818e-01
2.636926269107491283e-01
3.586849362435077238e-01
3.969810649967009941e-01
1.115089148016179255e-01
5.391751767047162774e-02
3.873928412941922694e-01
3.083729601806606269e-01
4.952747133482862107e-01
3.595465011236549935e-01
1.649126744783204201e-01
3.841597740228720470e-01
4.762874339204483665e-01
3.861238124446544351e-01
1.432104203113515883e-01
4.558508051029737662e-01
5.695701228259757443e-01
2.911894340190960273e-01
1.046757486644057100e-01
2.583036242040601116e-01
4.020009207314205191e-01
4.106354174083061137e-01
2.104987277015505365e-01
2.457252874217498162e-01
4.731191945680519040e-01
2.540879883494412961e-01
1.921104516007528518e-01
2.278111628954101742e-01
3.398506114276587109e-01
5.660426299861615052e-01
3.418247780294607074e-01
3.963705999454188444e-01
1.735749407844664194e-01
3.963285026671432565e-01
4.755794358561457047e-01
3.925337230790629794e-01
3.472947420456142797e-01
3.511698315540990323e-01
5.421456890230897940e-01
5.745976238331247377e-01
6.332037215190755575e-01
4.803253342111808433e-01
3.584775171077804190e-01
2.500764780985333946e-01
2.029979781011939932e-01
2.840257591844351781e-01
5.396544419483418897e-01
3.489627282451941981e-01
9.409421516320673473e-02
4.528718478533653169e-01
4.438129387227221501e-01
1.936818616546629734e-01
2.043306936135712848e-01
3.581749679371210027e-01
1.625141523816254485e-01
5.587900648146786331e-01
4.095074930244763656e-01
3.083729601806606269e-01
5.431970839752487956e-01
3.613286698905224803e-01
7.555089869578976436e-02
2.476554511178583329e-01
4.544274824844899974e-01
2.855037369517628987e-01
4.013826609426589531e-01
4.711737543589215038e-01
1.647261083155580064e-01
1.171280953483565951e-01
1.860579833073807698e-01
4.826219394371262239e-01
2.857818007745598354e-01
4.157778601570996657e-01
5.129813072117784811e-01
2.842275716138150110e-01
3.745303065935415843e-01
4.456223259275008397e-01
5.367173425003225473e-01
6.275175132771138031e-01
2.858583364426026674e-01
5.122835122678994768e-01
5.706547624223529125e-01
2.163785462963785100e-01
5.897747716997587819e-01
4.286950965715055628e-01
1.738773991119730300e-01
2.039005036808116955e-01
3.911471213625148380e-01
3.015154800918776190e-01
1.616835615865744036e-01
5.499119348053587153e-01
4.000941326207690940e-01
6.275486346445298125e-01
5.635990815951203992e-01
5.255538216132080720e-01
2.957621342906053274e-01
5.685227727847251833e-01
4.470048894892102997e-01
2.842460341853750849e-01
3.382295922814052558e-01
4.447012612768260209e-01
2.737953893488372925e-01
1.624453662373647744e-01
9.965311919927963280e-02
3.933900346472786191e-01
2.682478940278439361e-01
4.152173293210234539e-01
8.716026821435247929e-02
3.235746560706961872e-01
4.329611976684099028e-01
4.248048921759745022e-01
4.054824029695009990e-01
5.806516979922984323e-01
4.811070314336411968e-01
4.438129387227221501e-01
5.223540203976501095e-01
2.298590967357647397e-01
4.023157813320129561e-01
5.512898641190014937e-01
4.036820167204947518e-01
4.958306787442673391e-01
5.770721815447640290e-01
1.567270892191338916e-01
4.019324507712225270e-01
5.476797092071264972e-01
2.482113080009658856e-01
9.542651637260117503e-02
4.647191473342481283e-01
3.667565537784235885e-01
4.248019956929782182e-01
4.639023169901747568e-01
5.875440673605474284e-01
3.915498184569932705e-01
3.713430405897336084e-01
1.964409667293561812e-01
3.637228007497815274e-01
1.371980694560099301e-01
2.655314943816402540e-01
3.978023300249355354e-01
3.221816968925458879e-01
4.743378340511639757e-01
5.105873126172486565e-01
2.951049501857250235e-01
3.023917226893908516e-01
1.659613485013561318e-01
3.767880530892143143e-01
6.016895483104099940e-01
5.407527897141111151e-01
1.273115212052045864e-01
6.404071170545652114e-01
3.643105523104386845e-01
2.979768325652050742e-01
2.663897921304126948e-01
5.641750209474266642e-01
4.139553426867383923e-01
3.271172126593059892e-01
6.468868585294914597e-01
4.175314226853968913e-01
4.015578586149415319e-01
2.932193124190454747e-01
5.386202903570082023e-01
4.561621366445655079e-01
2.497213868697578942e-01
2.924507526339955588e-01
3.387467804357084389e-01
2.810968836402314985e-01
1.410576671926977443e-01
3.703831135709024225e-01
4.161637199825124478e-01
2.697804290329745558e-01
2.647364920673009880e-01
3.722553851292570437e-01
3.306975697697920324e-01
2.869586818222774061e-01
4.801293076799053039e-01
5.268216619141735668e-01
5.549630650104279139e-01
2.492545096075321487e-01
3.882372777706389333e-01
1.743554501859312933e-01
3.442250291603051737e-01
2.884407216505366356e-01
2.435456919184190716e-01
1.724964214596746148e-01
5.367173425003225473e-01
6.294751223111364480e-01
1.158022975316701925e-01
3.062702049921470770e-01
5.254625026252326414e-01
4.186817013448217994e-01
5.987989072356373343e-01
2.726752872464635602e-01
3.628750495376534269e-01
3.083729601806606269e-01
2.968996383655332916e-01
6.241533265953668197e-01
3.097462221934649818e-01
3.032763593397370672e-01
3.969810649967009941e-01
1.842613064524669109e-01
5.431970839752487956e-01
5.302025563563268484e-01
5.326855098877711914e-01
2.088306867258361565e-01
6.143658662930118197e-01
2.497802710064251086e-01
5.350211428496716159e-01
4.013826609426589531e-01
3.022808580799102307e-01
5.187632537428257251e-01
3.897474971656810228e-01
2.726159522200975460e-01
3.331116713632506499e-01
3.328984096823729977e-01
2.824251591675313589e-01
3.194206975198439769e-01
5.068466063245005149e-01
2.369278920297706037e-01
4.880490897197957700e-01
4.368289928043322390e-01
4.428778555392064997e-01
5.350211428496716159e-01
2.449211523563088466e-01
4.870623491075386502e-01
4.575225740779571004e-01
3.086178666684479266e-01
1.463885426504067666e-01
4.538342068494150006e-01
1.886470074451752632e-01
3.934739820356177864e-01
4.316063582104449625e-01
4.734074613033934509e-01
5.917477863397045956e-01
4.334165257932455773e-01
4.276170368673334332e-01
4.469732113177102284e-01
5.431970839752487956e-01
4.261634488234968821e-01
3.887380386973384727e-01
4.316739181800220426e-01
5.132951112670069982e-01
2.567246903830358584e-01
2.949336686432680876e-01
1.962356244094593805e-01
1.642663573556680523e-01
5.054098538866970136e-01
3.207496674671710957e-01
3.328984096823729977e-01
4.051346592263898039e-01
2.932193124190454747e-01
3.583113740240699285e-01
3.864267169845809202e-01
9.659137359107652920e-02
3.764662584744241647e-01
3.337653231870046366e-01
1.709296256974405792e-01
4.583763301887877617e-01
3.929965689425197750e-01
3.807212472918001800e-01
3.453096588824265956e-01
2.470520175760569370e-01
5.582652799277083577e-01
3.245852428026811953e-01
2.461303097475451840e-01
3.737566201988520853e-01
4.382713628621343060e-01
3.966921553953411395e-01
3.484032518756912666e-01
2.835980538222983016e-01
3.200064132168470299e-01
4.747185449199374241e-01
3.780285448199720011e-01
4.559985430936865369e-01
5.664412210532854264e-01
3.031460818395362855e-01
2.940801874525050819e-01
4.587821388171585135e-01
3.046074080777457782e-01
4.347688446135694607e-01
4.314981946776365596e-01
3.787302120311932252e-01
3.328984096823729977e-01
1.803586259867808461e-01
3.901865086545773242e-01
2.106287707141624443e-01
2.669772424743000472e-01
3.930713146678461167e-01
3.215767832517791303e-01
2.029979781011939932e-01
4.344187960112900204e-01
2.562593592213796012e-01
2.783577167666637098e-01
2.976661034571528863e-01
1.486287088132847156e-01
2.784068128134667974e-01
3.131654862264434680e-01
2.405177014014861225e-01
5.590222879768799169e-01
4.198035811250469540e-01
3.703511199429163625e-01
2.784457823432828216e-01
5.114233999427409971e-01
5.614428064853541622e-01
2.520833081146790500e-01
6.133295521357320368e-01
5.390667902735770678e-01
2.344275361100138233e-01
2.416778739612208404e-01
4.208593311956537047e-02
4.129649382059048524e-01
5.234982121500800778e-01
1.084999929276682651e-01
4.839363114926495402e-01
4.343544323902650550e-01
1.628803704414640285e-01
5.304443492314311337e-01
3.908454426854534036e-01
4.023157813320129561e-01
3.549807640733524949e-01
9.312218105956650283e-02
2.045896587548595436e-01
4.218103494011093968e-01
2.978835270848542716e-01
3.083729601806606269e-01
6.340519159293770413e-01
4.216884095145745914e-01
5.169177985842644540e-01
5.187632537428257251e-01
2.933874653815265465e-01
3.032064566770013014e-01
5.051191701414298185e-01
2.277124688777939221e-01
3.062702049921470770e-01
3.312742196527532768e-01
1.666322433741168063e-01
3.977521924000613773e-01
5.092546136312572358e-01
4.779605213684214871e-01
4.383125863207469330e-01
2.508645302880471162e-01
3.639391127441659046e-01
3.530678702426504612e-01
1.917142197531734316e-01
9.076051332316896481e-02
3.791042228536601333e-01
1.604625774354524470e-01
3.809806633227872941e-01
4.979997737561673854e-01
1.537139905350071167e-01
3.367881174548101875e-01
2.500943600638560471e-01
6.404071170545652114e-01
3.971900507090859733e-01
1.766284708040165297e-01
6.243987182728991669e-01
4.778385391784963354e-01
4.146490430366117086e-01
4.472013915438542986e-01
7.008797783034471929e-02
5.579020276785352506e-01
5.973455743633568904e-01
5.255203968937469799e-02
4.003410040854482044e-01
4.399332801362586531e-01
2.780427659465556922e-01
1.785038978626863893e-01
1.752486803490764244e-01
2.760319864359939146e-01
2.561181453073421710e-01
5.350211428496716159e-01
4.293425028765355811e-01
4.959311676936977165e-01
2.183436505141433948e-01
2.806194964280774307e-01
2.779004960068519603e-01
3.946964102186867884e-01
5.319422441001588897e-01
2.961612049347395748e-01
2.817719836986620763e-01
3.182504697456425835e-01
4.668344090472001939e-01
2.508645302880471162e-01
3.324925778754861949e-01
4.290155370620457043e-01
4.374287950106313660e-01
1.902674432827634321e-01
4.386362891614433157e-01
2.610725650768636052e-01
5.275274281888004957e-01
5.625090534614777260e-01
1.416131556101569711e-01
2.073123018409965268e-01
4.869616677660307258e-01
5.431970839752487956e-01
5.210868502988003081e-01
5.745976238331247377e-01
2.661960127718639990e-01
3.757577262648558181e-01
1.870425055381619850e-01
4.094303670838195242e-01
4.882896227438074388e-01
3.601079341548870105e-01
5.140288237641627012e-01
4.572847370375804354e-01
6.241533265953668197e-01
4.046754188174913058e-01
2.811132505829053718e-01
5.132951112670069982e-01
3.824461404902299577e-01
2.275880440048782538e-01
3.759555466885501351e-01
4.841546947940690848e-01
4.016497154900058320e-01
3.841690379456658144e-01
5.350211428496716159e-01
1.572648575051250053e-01
2.377229190817189697e-01
5.296266683501503758e-01
2.928444723669756944e-01
2.840041008879601869e-01
6.241533265953668197e-01
4.180718234479677275e-01
4.786434473461917971e-01
2.951475225716109763e-01
1.179821026810411733e-01
3.168413401744773483e-01
1.989393991440952525e-01
5.115564622948785001e-01
6.241533265953668197e-01
2.346088410614400321e-01
4.146490430366117086e-01
2.975971181647449337e-01
4.219672300171796175e-01
1.516867120785631851e-01
4.233540042733542896e-01
4.828377609408492921e-01
5.051191701414298185e-01
3.387467804357084389e-01
4.029184317933646176e-01
4.531389798356650345e-01
5.521495515393446407e-01
5.826974715533765892e-01
3.691661113433311603e-01
5.386202903570082023e-01
4.702998431251577682e-01
4.213414937537919291e-01
3.636280836666183625e-01
3.427071833058892847e-01
3.363840340148261943e-01
2.313669907955503147e-01
5.108250321020122442e-01
1.453807981449812270e-01
3.865313753644814554e-01
4.081594347895940444e-01
2.240951024331651886e-01
3.667987812929354163e-01
1.964193387832251780e-01
4.299865442430891860e-01
3.214856185100722907e-01
2.572388319656555566e-01
3.440094111701898494e-01
3.087641475308323669e-01
3.723661806189474954e-01
3.231430918494169191e-01
2.462877366698065507e-01
3.738029071758070532e-01
5.132951112670069982e-01
6.938661724074904336e-02
1.627396410935344762e-01
4.077948389140639285e-01
1.585954846643835014e-01
3.032064566770013014e-01
5.350211428496716159e-01
4.230702380158989917e-01
4.731824472833365824e-01
2.956641745018577794e-01
3.364893345331682606e-01
3.819956748646777256e-01
3.718954521891049136e-01
3.081555375923545337e-01
4.177149034030900876e-01
4.103499384352081725e-01
2.909188779567249417e-01
5.499188472001333983e-01
1.587760153702203192e-01
5.132951112670069982e-01
4.221246499754922055e-01
2.273317759905598978e-01
1.360634916947245088e-01
5.471294968643568568e-01
3.254531653523097257e-01
4.268946563778811543e-01
2.497802710064251086e-01
5.067541618792500424e-01
2.995316079282014932e-01
6.136507264393827876e-01
2.547622132369949388e-01
5.583152829508858384e-01
6.174502582469009182e-01
6.217285757730041107e-01
3.062702049921470770e-01
3.342699644883300736e-01
3.387467804357084389e-01
3.146834551452676876e-01
5.087418574586873854e-01
6.303918234762310169e-01
2.612809370262998421e-01
3.512269254362311854e-01
4.029577720754986547e-01
5.381211392458126186e-01
5.880709790582641094e-01
3.943797953266380829e-01
3.829080288626987572e-01
4.104883032626768791e-01
4.991010208113003110e-01
5.897239098242111899e-01
3.129460001265672586e-01
3.083729601806606269e-01
3.083729601806606269e-01
5.052444162406043437e-01
2.928818086948926647e-01
2.388371570195192417e-01
3.738044741682228778e-01
4.797195900935367630e-01
5.431970839752487956e-01
4.477756238971923319e-01
5.319422441001588897e-01
4.015578586149415319e-01
3.387467804357084389e-01
6.208456077679380680e-01
2.138013024574979271e-01
6.105363808787431790e-01
3.846033506400448054e-01
3.315679839579315780e-01
5.051191701414298185e-01
5.051191701414298185e-01
4.639701578043729513e-01
4.027677776750835936e-01
3.790918548806205268e-01
3.734186107049263792e-01
5.431970839752487956e-01
2.736483913036676374e-01
1.726536740753373267e-01
4.693769597405155758e-01
3.769242240649371412e-01
2.965963259668751295e-01
2.266235475962497248e-01
1.377979756018431756e-01
3.647657333608335661e-01
3.594155540449756048e-01
3.409574956434226478e-01
4.044967010250078987e-01
1.730194807425000092e-01
5.051191701414298185e-01
2.947773191582170327e-01
2.971322313445968755e-01
4.385340733605937458e-01
3.773342200013779513e-01
2.900897902312762899e-01
4.151522253386972228e-01
4.345192641728135019e-01
2.612077766906868437e-01
3.408726634178297910e-01
3.989794467035768788e-01
1.273247459518236091e-01
2.509587398344653719e-01
4.257788248391443098e-01
5.228650815242982253e-01
4.705254621772425039e-01
3.252111513978164226e-01
2.221742218886641751e-01
3.939060694885115899e-01
3.466820682792329245e-01
2.920553409732795647e-01
3.882935403443775191e-01
2.994855153181752994e-01
7.688422339777631342e-02
2.506323738550266800e-01
2.844817714392841590e-01
4.004293129845165611e-01
5.060400340848644207e-01
3.909456561951183962e-01
3.289554778005970848e-01
4.061662054693621626e-01
1.036740338992313964e-01
3.900852794477852048e-01
3.309365455717040994e-01
1.934254303513365525e-01
4.050901126129935470e-01
1.599566489469369246e-01
2.520518922865629952e-01
4.084559242854164385e-01
1.892560401057381825e-01
3.246380795293763999e-01
1.330015076492302162e-01
1.127376249861873209e-01
4.309299715884614690e-01
2.150216675447548798e-01
2.592683495914822611e-01
3.781236091651185571e-01
4.055028831113571264e-01
3.836766172311206202e-01
3.864283383373730563e-01
4.207322111186495572e-01
4.571014077597884140e-01
3.062702049921470770e-01
1.284881839799006109e-01
4.140842866427169033e-01
5.250923288346059925e-01
4.568221393817309961e-01
4.284977578036122114e-01
3.150111505113473154e-01
5.164103048703051480e-01
2.981466916951380774e-01
5.553846859601186958e-01
3.996780261830590875e-01
6.222253566470645758e-01
4.498523126096509173e-01
5.397935074322098847e-01
3.925337230790629794e-01
5.266271139227703957e-01
3.518307180891228625e-01
4.154323442539620270e-01
3.307497988659709454e-01
2.182802644444364892e-01
4.054554318037413840e-01
2.915168262974942026e-01
4.589149400731863393e-01
5.816489751630046223e-01
4.118329267117158965e-01
5.555664949143457321e-01
4.465010521601809890e-01
5.268216619141735668e-01
4.606921744146128539e-01
5.607049051210354351e-01
2.116655740108896455e-01
5.695701228259757443e-01
5.350831007901802883e-01
3.199543340014762705e-01
2.508645302880471162e-01
3.287863278501051423e-01
2.247676722915175895e-01
6.090882225322274968e-01
3.638752963647878813e-01
5.105873126172486565e-01
4.048391207773042733e-01
1.953513993596681098e-01
4.124081814143111813e-01
3.471732381854249483e-01
6.404071170545652114e-01
4.506046753931652327e-01
2.963552191966352667e-01
4.170797512573097832e-01
2.195350131453261688e-01
5.465326664972162130e-01
4.796506734012213058e-01
3.193759326334261184e-01
2.665324012248161401e-01
3.819246988183734870e-01
3.544766916330970852e-01
7.073779594832359241e-02
1.498596257381022423e-01
5.394462458126275672e-02
5.925645574382435443e-01
5.295482792323358279e-01
3.464165722012600979e-01
2.475091716066878111e-01
5.294785665710682876e-01
4.550617292129888747e-01
3.051042220045780962e-01
2.463785101831071078e-01
4.765066203626477925e-01
4.236708521978383990e-01
3.601361028080187765e-01
2.566790731924385449e-01
2.535993954161178121e-01
2.375299699921685215e-01
3.483872550616982644e-01
3.853402277841946888e-01
2.647938262576359780e-01
3.466989154225542658e-01
4.419794009593202011e-01
5.599614795783592891e-01
4.057916106106532750e-01
3.647911154989961768e-01
1.730194807425000092e-01
1.749769344908587154e-01
4.040773209077324624e-01
6.260562744520524747e-01
3.964936130076430754e-01
3.972774688463472925e-01
6.422278570549541099e-01
3.990643536616947373e-01
4.746295846318089318e-01
3.387467804357084389e-01
1.985053253027655729e-01
5.472698211599221763e-01
3.630912767173779532e-01
2.258530444537310000e-01
2.882022401850486970e-01
4.418749461969669334e-01
3.871606848611718332e-01
4.888231827259426066e-01
3.246062581291983551e-01
4.784213675391820741e-01
5.856499233902776602e-01
2.417198485908462480e-01
5.378759130400184718e-01
5.856499233902776602e-01
3.725981394629135912e-01
1.954675556347684195e-01
2.227924764804490587e-01
9.683859626744133198e-02
2.732348002026824818e-01
1.408464526009438611e-01
5.187632537428257251e-01
4.059190486906619766e-01
4.070230453622295519e-01
4.248019956929782182e-01
3.857291114185330549e-01
2.247183626489719643e-01
5.664412210532854264e-01
2.202850030932168857e-01
4.158714927351642165e-01
6.306330680702929570e-01
4.734074613033934509e-01
3.140311660727450604e-01
2.157910988627981252e-01
2.690797445700480739e-01
4.728532099742688843e-01
3.370533847618685241e-01
3.946234896715788976e-01
5.431970839752487956e-01
3.432121034769846646e-01
4.449333308163959666e-01
1.936934746109269523e-01
5.189750074689428727e-01
4.955672412927065729e-01
7.704404228053551851e-02
5.923191657607110860e-01
4.057062414334273726e-01
3.751362167026215944e-01
1.568382032834963191e-01
3.969810649967009941e-01
2.820052258840555215e-01
4.339339823194257595e-01
4.133369632635731095e-01
3.622215778411119746e-01
5.533156351403827333e-01
4.365707835113357693e-01
5.027800545815004352e-01
2.489265377622918995e-01
3.842796927012270825e-01
1.682546890904755288e-01
5.987989072356373343e-01
1.370774103124140775e-01
3.438325133589482663e-01
5.229145342915823003e-01
3.226965790443458992e-01
4.563170454237346352e-01
4.801265019361222741e-01
1.821397434052611231e-01
3.919096662706669787e-01
3.491790773459922392e-01
4.213270892934610767e-01
4.172250359631995975e-01
4.109787291696839762e-01
4.202252020747376804e-01
3.783339321635491026e-01
6.404071170545652114e-01
1.539210536778301830e-01
4.599785682927487462e-01
5.132951112670069982e-01
2.937157667150898654e-01
5.386321201311403684e-01
1.840326757523821077e-01
2.121520012600810190e-01
4.950630409548544691e-02
4.583763301887877617e-01
2.296036033827938971e-01
1.440672050123263659e-01
2.051044005882885490e-01
3.263433951968640057e-01
1.741303486487867369e-01
4.146490430366117086e-01
3.775110411052433612e-01
4.738420845691002636e-01
3.102711128908809401e-01
3.940660835697158415e-01
1.252282855493732083e-01
1.792946630819187426e-01
3.893807417384512193e-01
4.577619957804703876e-01
1.809752448821178583e-01
3.623199806201537476e-01
2.506685200752784004e-01
2.104209449669777743e-01
3.997672765664271877e-01
2.790452412373009006e-01
2.802688447686212392e-01
5.158742789227238612e-01
5.987989072356373343e-01
5.929393768063460080e-01
5.087418574586873854e-01
2.333575834816211114e-01
4.066218279509583589e-01
2.784457823432828216e-01
3.844862097457381056e-01
4.509954377345821164e-01
1.149782179247922226e-01
3.012377104179621568e-01
4.140842866427169033e-01
3.986832296332733505e-01
5.498989966200351631e-01
2.885697490699610235e-01
1.053737825652735355e-01
2.132802306025037287e-01
2.389797487560205158e-01
2.973236291366010975e-01
5.682142074898934858e-01
3.815555111021066148e-01
3.913240561762305614e-01
1.821416702363439499e-01
3.947004948344971509e-01
2.029979781011939932e-01
3.100715419175535947e-01
3.624160544260552896e-01
1.989045541428707264e-01
3.962144993955519223e-01
3.981564823678996334e-01
1.878907188654586613e-01
4.052584046465712020e-01
2.679261981556111394e-01
2.405177014014861225e-01
1.589087452197882888e-01
1.535874078773638851e-01
1.768358568869720093e-01
1.007723554853344333e-01
6.127027731509384623e-01
1.560348252096820931e-01
4.167532589913371943e-01
3.812614470353120621e-01
4.999364036346307660e-01
7.659144651817183236e-02
5.881252389250599677e-01
5.386202903570082023e-01
3.642951150029576368e-01
5.631282982852038321e-01
2.243442418584779829e-01
3.317090816675699050e-01
3.009362363978432819e-01
4.219598562348131909e-01
6.468868585294914597e-01
3.811117934389861572e-01
4.491313135805460877e-01
3.942234932380145329e-01
2.138013024574979271e-01
5.235245100994774248e-01
2.064418337082387922e-01
4.029432450704571456e-01
3.629020086464270767e-01
5.138244734431791638e-01
2.800563582687887743e-01
4.344677097481502992e-01
4.718126867855563789e-01
4.615085947172242187e-01
4.759740440642631909e-01
3.032755954881010685e-01
6.241533265953668197e-01
3.993728925558847065e-01
1.080667434307834157e-01
3.280337992830339444e-01
4.203779009954726753e-01
3.879564678653515397e-01
4.869895697103180376e-01
2.648146856748519462e-01
3.918738237617338527e-01
2.167816161180261547e-01
4.178114405714346002e-01
4.107794455891684016e-01
2.475091716066878111e-01
5.579617696281773398e-01
4.065495333277246992e-01
5.660779688041124302e-01
1.807432513223473369e-01
1.607759547149540114e-01
2.039252719520859569e-01
3.279918405561572659e-01
4.724245245662651027e-01
4.529449722258995226e-01
2.717629858418467714e-01
5.357819471863860539e-01
2.568981249290017699e-01
1.558621648053659936e-01
3.975220630997741700e-01
3.274624046868554461e-01
3.686121119636372456e-01
5.124971252644023867e-01
2.118705470336218477e-01
4.864141625284262305e-01
2.484122164682177891e-01
5.055740133883390719e-01
2.874832404328819813e-01
4.792137298932951373e-01
3.997936402056100902e-01
5.585135877328090137e-01
4.001093538379587589e-01
1.816886961340761775e-01
2.265214292906830851e-01
2.592683495914822611e-01
4.395494678157277346e-01
2.854904229210841193e-01
5.992992377487261768e-01
5.350211428496716159e-01
2.835724308562352913e-01
1.141336908130718142e-01
3.817143758199429415e-01
1.733405246020355006e-01
3.378475192850377007e-01
2.711146432494937475e-01
4.006355344249926675e-01
2.886425188008049925e-01
4.418264605870475537e-01
6.001782101621928184e-02
4.254941830989933949e-01
4.043724860060115556e-01
6.035468153655035861e-01
4.286043914504184538e-01
5.910078308183737139e-01
4.205973378280097319e-01
4.133591138176814783e-01
2.634670561905477215e-01
3.745009218478610458e-01
6.468868585294914597e-01
5.505430354920399783e-01
1.871977503538448384e-01
3.779140216948009834e-02
3.344242433939226822e-01
4.297734597791171840e-01
5.446713244926890685e-01
1.475687923784239908e-01
2.521096590732387899e-01
1.532253957307719849e-01
3.494541490614215262e-01
4.275098212630759065e-01
5.805346067810890354e-01
5.431970839752487956e-01
3.671926396812540405e-01
3.062702049921470770e-01
4.457782928111269638e-01
2.976298374985579254e-01
2.689810971173430820e-01
3.522514519148901568e-01
5.165558110713421858e-01
1.605463851290578337e-01
5.431970839752487956e-01
2.508645302880471162e-01
3.884409341912929414e-01
5.431970839752487956e-01
5.794801888515207500e-01
1.032165721036400891e-01
2.668051461498354149e-01
3.528144390500357885e-01
3.056851848585060982e-01
2.243945222962719643e-01
2.944760960481334622e-01
3.076082514592879402e-01
4.352410895212143194e-01
4.748766367433983060e-01
5.439396870443917731e-01
4.947310669698241070e-01
2.891082411908675320e-01
3.155607036695917689e-01
3.703083116142881215e-01
5.254625026252326414e-01
3.928794628679569967e-01
5.633668584329191154e-01
4.731511194920058894e-01
1.265597994167969587e-01
4.188035881182546882e-01
4.040942153435418405e-01
6.157986935582503429e-01
3.158944599577828138e-01
1.110318197634941884e-01
2.964581267150842026e-01
3.968756625136759530e-01
2.169817654109211236e-01
4.801293076799053039e-01
2.558127945504810596e-01
4.322019222822418572e-01
1.055089066620090721e-01
5.223540203976501095e-01
2.031515084342621347e-01
1.616702699028954304e-01
2.924074005976644575e-01
4.479867414094214073e-01
1.927739098077289326e-01
2.905196987997171187e-01
6.043055991176753405e-01
3.454152850433289679e-01
5.773311148805548854e-01
1.821322404260538041e-01
1.971944855283685738e-01
4.073399940041221856e-01
5.098179989587580119e-01
3.838052997791708831e-01
4.281899981441091851e-01
5.024935737352335119e-01
5.250498747319097825e-01
5.852284916105389145e-01
5.322465916326369895e-01
5.068153697920807499e-01
5.695701228259757443e-01
4.576888384591038528e-01
4.319060752366796763e-01
5.587189766176170469e-01
1.269868561962411713e-01
1.723611628651819661e-01
2.637249658258674079e-01
3.704183282850496695e-01
5.431970839752487956e-01
5.165558110713421858e-01
5.350211428496716159e-01
3.984768235961847482e-01
6.127027731509384623e-01
3.083729601806606269e-01
4.506513946546424343e-01
3.083729601806606269e-01
1.309828004625248898e-01
5.654204948118716212e-01
3.656020632811985416e-01
3.057981230616916846e-01
2.029979781011939932e-01
3.897422763868235718e-01
3.490890914864809846e-01
6.462003543812905315e-02
3.196754209926858659e-01
5.635321280607549083e-02
1.351206696931986917e-01
6.287050981219908241e-01
1.925754582631837020e-01
3.744911138016063790e-01
4.247652005782152074e-01
1.580116291732219236e-01
1.990754021535309781e-01
1.008752269367650112e-01
2.366058746725588913e-01
5.068153697920807499e-01
5.104380571093382057e-01
3.756916192660256781e-01
2.986145076352961225e-01
1.902885634842704510e-01
5.323416901738902141e-01
3.908454426854534036e-01
3.913803635479082832e-01
3.020558371998441349e-01
3.915389203968446807e-01
3.932067198170818290e-01
5.031811776156747129e-01
6.275587054499266459e-01
4.320380223176164547e-01
4.807328895434218596e-01
9.823175999859469487e-02
1.806347535199973320e-01
2.806539162126680531e-01
5.431970839752487956e-01
1.562098743523704647e-01
3.634519899316124292e-01
3.040561553002399942e-01
4.054969689518678200e-01
3.117563431431388254e-01
3.600649076571766916e-01
3.830671195450822131e-01
6.263137502437569060e-01
2.412595472711233091e-01
3.830368380091015990e-01
2.952350949551408310e-01
3.870622698172650478e-01
4.150037333706041998e-01
3.667169692383844271e-01
4.128193135137990244e-01
5.635990815951203992e-01
3.721750969322152325e-01
3.775216506292453089e-01
2.100156548929426048e-01
1.873703582686961910e-01
2.399711282936232981e-01
4.451405331342551674e-01
2.887885058261265847e-01
3.284135656532611858e-01
5.238488922889685817e-01
2.528830873860651862e-01
4.739236724260762479e-01
5.897239098242111899e-01
5.022481824214894419e-02
4.391372615011551739e-01
5.254625026252326414e-01
4.151976936878817304e-01
1.772291976564109028e-01
2.522202250644380306e-01
2.088306867258361565e-01
8.904728369955629275e-02
5.304443492314311337e-01
5.733257268760835190e-01
2.293896075769870369e-01
2.971613123789588196e-01
3.101815444525385379e-01
3.773727846867087066e-01
1.633734993999944596e-01
4.049530450548496918e-01
1.970686332538313379e-01
3.663664925091640878e-01
5.558556503327036769e-01
5.367173425003225473e-01
5.635990815951203992e-01
5.041945789263031497e-01
3.908845971237004946e-01
1.432621146386276745e-01
3.510853259065222498e-01
3.396375827792164626e-01
2.712367195046972990e-01
2.818644129687405964e-01
1.231515503759429142e-01
3.421099446642587028e-01
2.520144706242885557e-01
3.694908244762988847e-01
2.760774351406065086e-01
3.742354083080464688e-01
2.820099356961634496e-01
3.996198660891863153e-01
3.275790123713522850e-01
2.559975162022716799e-01
9.647055521211447826e-02
5.187632537428257251e-01
3.982187660549080799e-01
2.296036033827938971e-01
4.205822000742658884e-01
3.328984096823729977e-01
3.647657333608335661e-01
3.075609041951458122e-01
3.944785692737560190e-01
3.853316886317721401e-01
2.440440099542490471e-01
2.629687451186665248e-01
2.572417927872234222e-01
2.381237163693934178e-01
3.844837725715429255e-01
2.706092037964860642e-01
4.305423839761736149e-01
3.891096925869305112e-01
5.187632537428257251e-01
3.111728402148768446e-01
1.346732154038279561e-01
3.079166764357486041e-01
4.125345506840909504e-01
4.341267731090657778e-01
1.653892926418617793e-01
3.679129851385685157e-01
5.114233999427409971e-01
4.607996128652314671e-01
3.644124379993279872e-01
3.783339321635491026e-01
2.671412637363617670e-01
1.659613485013561318e-01
4.813101289714204478e-01
5.910078308183737139e-01
3.783339321635491026e-01
3.763357805788016264e-01
5.277865515260595775e-01
4.582958283960034129e-01
3.002165646765886931e-01
3.731088230811738793e-01
5.549630650104279139e-01
6.423100649112508664e-01
3.892380100993371173e-01
1.538519781659066499e-01
4.475747926570142754e-01
3.541172495993644698e-01
3.456652656512911315e-01
3.328984096823729977e-01
3.881507640112636937e-01
2.758086893931005479e-01
4.995309359279317962e-01
3.981587409739752448e-01
3.900743177766418102e-01
1.632470674546756539e-01
2.099325545078666588e-01
4.366986611516341377e-01
5.350776483301014075e-01
2.508645302880471162e-01
5.241836071075429704e-01
2.371293060589163004e-01
2.284250640837495461e-01
4.191515462886246657e-01
2.477149862278275050e-01
8.196492273725958233e-02
3.438325133589482663e-01
5.087418574586873854e-01
6.404071170545652114e-01
5.598298126144668485e-01
5.105873126172486565e-01
4.177142180258023307e-01
3.328984096823729977e-01
3.360351664774725022e-01
3.682856528543759778e-01
5.571193401201941509e-01
1.610408431624105741e-01
4.369908049355365476e-01
1.766646018490962700e-01
2.743424233245942423e-01
4.013744564755361011e-01
1.718094942256002955e-01
2.057618314456227393e-01
5.068153697920807499e-01
2.213335391884908854e-01
5.503216301486668627e-01
5.549630650104279139e-01
5.447688931569697468e-01
4.833245010480382575e-01
3.330928206814703363e-01
3.317631157776977369e-01
2.472309647630920038e-01
4.209831247918091601e-01
4.135500523008845963e-01
6.263137502437569060e-01
2.508645302880471162e-01
1.442824473649655104e-01
3.950430724709457775e-01
2.389797487560205158e-01
2.542818190541198398e-01
2.882094758317743088e-01
4.186052833363315684e-01
6.088452395494580172e-01
6.423100649112508664e-01
3.548728261932725947e-01
5.001685600676512022e-01
3.751241736445655728e-01
3.345209880255772261e-01
3.252841929305419488e-01
9.355872242543529504e-02
3.079166764357486041e-01
3.204938540843748074e-01
1.434545053650010116e-01
2.087087200229015560e-01
2.782314479024738940e-01
3.612812571444738996e-01
5.226075914928776101e-01
1.715839373293569226e-01
3.078552784175100365e-01
4.447012612768260209e-01
4.947667674973537100e-01
4.724225999179125224e-01
1.985768042085357121e-01
5.482901386071484806e-01
1.886470074451752632e-01
3.020216392222192514e-01
4.232501778254845748e-01
3.905359653212101545e-01
4.385617810418918627e-01
2.562246714806701298e-01
3.890484935089602025e-01
4.965170180963369151e-01
4.766975743328414894e-01
1.283984636858989392e-01
4.533605145837580341e-01
5.132951112670069982e-01
2.909803041425772507e-01
6.134831359976602450e-01
5.614428064853541622e-01
3.444914605901451821e-01
4.765694649073821676e-01
6.306330680702929570e-01
5.425172730653149422e-01
1.579649199938795157e-01
3.826826215354449667e-01
6.468868585294914597e-01
4.888562892345200694e-01
5.816489751630046223e-01
5.336971088868786017e-01
1.552684995009777080e-01
1.746875217182143614e-01
3.555575298488942715e-01
3.077057946583828252e-01
1.072037381565728309e-01
5.051191701414298185e-01
3.741089305253931796e-01
4.255599184100496979e-01
6.468868585294914597e-01
5.304443492314311337e-01
3.919944233479766837e-01
5.727576564740839427e-01
4.052575480808707775e-01
2.522742138569289971e-01
1.495426129655170744e-01
4.922433620504582108e-01
3.652884639868522187e-01
6.080106651678236496e-01
5.528430705147310276e-01
6.325576560340352428e-01
5.250923288346059925e-01
2.088306867258361565e-01
3.438967827068158400e-01
5.350211428496716159e-01
2.338396551446367544e-01
4.944081762087075282e-01
3.508719283766735808e-01
1.684082717051293143e-01
5.313961715650922235e-01
5.618644274350449441e-01
4.455063684887292652e-01
4.542437217536920424e-01
6.134788076436423765e-01
4.431978191551642632e-01
3.083729601806606269e-01
1.273342708667874190e-01
3.221864755126253588e-01
4.712787449295730013e-01
7.043388963916766277e-02
4.153098806161149570e-01
2.558127945504810596e-01
3.627871740664421751e-01
1.453807981449812270e-01
1.860252687547863382e-01
3.964564269762924087e-01
2.566958165001653192e-01
2.698710065163137939e-01
2.942368771316511977e-01
2.004379304345901835e-01
3.023805479422025377e-01
3.501835639706614711e-01
1.934794716332922382e-01
2.909188779567249417e-01
4.797195900935367630e-01
5.367173425003225473e-01
3.309868669616744530e-01
2.123819089612815347e-01
5.238277387228711390e-01
2.285738825259190921e-01
5.180410367502605862e-01
1.864484530590092282e-01
4.041089277767122012e-01
4.796506734012213058e-01
5.068153697920807499e-01
3.323926599698561191e-01
3.030591597017316396e-01
2.733640841448770065e-01
4.151178556529620534e-01
1.320536245199713243e-01
3.230243696190387426e-01
5.603487732496447160e-01
3.931019313048846331e-01
1.819904887288670003e-01
5.403587408046265361e-01
1.404101194259618213e-01
2.605743350778189638e-01
3.327547107819546768e-01
5.900099134840771642e-01
1.244731143196479983e-01
5.549288173497057830e-01
4.097043818381266855e-01
3.849603987384284109e-01
2.140902269222111354e-01
5.780268559792404170e-01
2.940209874435937842e-01
1.634718474029017710e-01
5.132951112670069982e-01
3.043660519565636879e-01
3.214601455287569576e-01
3.917079223374401176e-01
4.051590367889554845e-01
3.388287433065234056e-01
3.229945592409660948e-01
3.386673387222322029e-01
3.961460405568840715e-01
1.960817594950310383e-01
1.674529537809974766e-01
6.176485630288240936e-01
2.522742138569289971e-01
2.346157172852568196e-01
2.985439106564726774e-01
3.416184996301199761e-01
1.699833938555596613e-01
3.921834453940503673e-01
5.664957602056094332e-01
3.792878762149193839e-01
4.869895697103180376e-01
1.569791147334895776e-01
5.571193401201941509e-01
2.835098846179637255e-01
3.478317550030112226e-01
3.248801535609203706e-01
2.855037369517628987e-01
1.786634140735223475e-01
8.123251603247058639e-02
2.727879969905532276e-01
3.357243414332303777e-01
1.840344739063217439e-01
5.448101226440753564e-01
4.289247821539217687e-01
3.471241083582732867e-01
5.259970073137930635e-01
5.321405488820819540e-01
2.703995893538594375e-01
6.362851129464947020e-01
2.561181453073421710e-01
3.133296526920342773e-01
3.086493174202474266e-01
4.231900131537574827e-01
4.468082785059345752e-01
3.504913634390059984e-01
3.094807025212179541e-01
6.089063423794196517e-01
3.248171037356062385e-01
5.324987507092939776e-01
2.602684570357015059e-01
4.254141433174380427e-01
1.481972855340137063e-01
6.404071170545652114e-01
5.431970839752487956e-01
2.338396551446367544e-01
3.026890595002950657e-01
4.430632722346614649e-01
1.528844018210041567e-01
4.164200207377840579e-01
5.606952109925100736e-01
3.791005040010701488e-01
3.451852134294832175e-01
4.241676793249914978e-01
1.790851999752536838e-01
4.083450225695221536e-01
3.573419300936190313e-01
3.988893317511643111e-01
5.122835122678994768e-01
5.060400340848644207e-01
5.874285076983727372e-01
5.651539401097441795e-01
5.102207486466405761e-01
2.794875414769950606e-01
5.158742789227238612e-01
5.104380571093382057e-01
3.344393066230205713e-01
3.328984096823729977e-01
4.852825876842200015e-01
4.139501835440246857e-01
5.068153697920807499e-01
2.433182879127155085e-01
2.341217164819144880e-01
4.345824163785687588e-01
5.165558110713421858e-01
4.291860824007827091e-01
3.102313113250945720e-01
2.817033749791861275e-01
2.473465417831688662e-01
3.949921271319523086e-01
2.965009987586468831e-01
4.276094942871636606e-01
5.276262385147553191e-01
3.597533517101308975e-01
4.250597847584383637e-01
3.480696799762337257e-01
1.737879202695090386e-01
6.128984867202769138e-01
5.468967734411780413e-01
4.620810800548734165e-01
5.431970839752487956e-01
2.508645302880471162e-01
2.219158445254411638e-01
2.560067070555729352e-01
3.167163010189152361e-01
3.713173458014525363e-01
5.231820522013720387e-01
4.140618701073408015e-01
6.468868585294914597e-01
4.290097394187740720e-01
1.598481334748661220e-01
2.213932291683658460e-01
4.170227878192929172e-01
6.137213043972715720e-01
3.520013023012455999e-01
2.917753579069858327e-01
2.173845505421848900e-01
3.083729601806606269e-01
4.279813518982424903e-01
3.328984096823729977e-01
1.380849764575991234e-01
3.719156178099309318e-01
2.138013024574979271e-01
3.011159836074722151e-01
5.974389748444418613e-01
1.849975699376076033e-01
3.150853044049666263e-01
2.508645302880471162e-01
3.561340178980010318e-01
1.776972538008322056e-01
3.103229426513698930e-01
3.648360165462036786e-01
2.088306867258361565e-01
5.211407065683854034e-01
1.767232335166351864e-01
2.538035931538653034e-01
4.188776277823260674e-01
1.721825545210279862e-01
3.518195699504552687e-01
4.307745605734636385e-01
2.634485604622763266e-01
9.062593563656409779e-02
2.376886664318991760e-01
5.396544419483418897e-01
5.571193401201941509e-01
3.902941588300268827e-01
2.554626833766021066e-01
4.506513946546424343e-01
1.960981222801235491e-01
5.630558714508828722e-01
1.845103720807105274e-01
4.100337375343237611e-01
2.660615634505836824e-01
3.737016719405220067e-01
1.589150896889486853e-01
4.232700092807085146e-01
1.728792630888967286e-01
2.713648040886080248e-01
3.994869842800195525e-01
1.837891179839890865e-01
2.269026523734804790e-01
2.514302639214412993e-01
8.159897637536310533e-02
5.554231404695433305e-01
3.147378969062482046e-01
2.046380764922632045e-01
5.105873126172486565e-01
4.040244330427865127e-01
6.241533265953668197e-01
3.308056735373683388e-01
3.930713146678461167e-01
2.965009987586468831e-01
4.280646039310986861e-01
5.007884998311020741e-01
6.299045168985812904e-01
4.543171581527075675e-01
4.028054227034167933e-01
2.606195254926893523e-01
3.951133913075760562e-01
5.254625026252326414e-01
2.132802306025037287e-01
4.297733119770996701e-01
3.437670349864202501e-01
1.716855251275415661e-01
4.813631594414071735e-01
4.095822081915797552e-01
4.622261343268161959e-01
2.653289060436385127e-01
5.391184160007606030e-01
5.113571187412517816e-01
2.802688447686212392e-01
4.437557307149815333e-01
1.043200893021369452e-01
4.194422356466266377e-01
3.831646210644239492e-01
4.814935252902119434e-01
2.806540351194950489e-01
4.093713143572280111e-01
1.856892309938222019e-01
2.507245514874931192e-01
3.612141574191536919e-01
5.024935737352335119e-01
5.611736870752231932e-01
3.104485740543972416e-01
5.291621920911618870e-01
3.717104692333256244e-01
6.343821650898090470e-01
6.404071170545652114e-01
3.970162107989371192e-01
5.267020489219883528e-01
4.320072040378817868e-01
5.213816564938682507e-01
5.599614795783592891e-01
4.199954047573223326e-01
4.743951440235875117e-01
5.046778200130167535e-01
4.447012612768260209e-01
4.164155885481716779e-01
2.919071342152680937e-01
4.930651783739815608e-01
5.732579869871728961e-01
3.553388115503563482e-01
6.120538101954762361e-02
1.273335914140531211e-01
2.121332614817835471e-01
2.213113757458802788e-01
3.858469622198574811e-01
4.408484817656949661e-01
2.908182622010630491e-01
5.331215534872112416e-01
2.240832978124003283e-01
1.730194807425000092e-01
5.336971088868786017e-01
3.585186697835702763e-01
4.138889540117708932e-01
3.715567081544918215e-01
4.476942721908377942e-01
6.243987182728991669e-01
5.925645574382435443e-01
5.103455197421443712e-01
4.209831247918091601e-01
4.715241366071054041e-01
4.331460616134226171e-01
5.987365887288850219e-01
5.077778483185946268e-01
5.888072611485813956e-01
1.904930979861083618e-01
6.468868585294914597e-01
3.085779446367415413e-01
3.191029769190317222e-01
4.086824047883596545e-01
2.776126645702791107e-01
4.425121708970568002e-01
2.961683657450006613e-01
5.132951112670069982e-01
2.964839278335086314e-01
4.792654872079288864e-01
2.322105848420732699e-01
3.368986325156376749e-01
1.424993970869094240e-01
4.866906221484540995e-01
3.212939664819676744e-01
3.958773759861543007e-01
2.855037369517628987e-01
2.737953893488372925e-01
3.180358092465152553e-01
1.746875217182143614e-01
1.612318678114874893e-01
2.219076302880021168e-01
6.191029793668078041e-01
5.918623098286639461e-01
2.535238963370484155e-01
4.017555290538881163e-01
3.062702049921470770e-01
3.318367581848698511e-01
5.856402762424217645e-01
5.171838176859727687e-01
3.559925778115373696e-01
5.234982121500800778e-01
4.093680488888857272e-01
3.769165764018984066e-01
4.330965646718366036e-01
4.296366561234503667e-01
4.115373683062398258e-01
2.871692849377522894e-01
2.451972535928232111e-01
2.131037954261283673e-01
4.035266310667432466e-01
3.787827637556859806e-01
2.890512626816181818e-01
3.685169324534868784e-01
1.776257590962528887e-01
1.020070037354859765e-01
4.015578586149415319e-01
2.716848565728674503e-01
3.862940932572772601e-01
3.484771291862103770e-01
4.421567606778512571e-01
2.451972535928232111e-01
5.431970839752487956e-01
4.312846336509007505e-01
4.265397874757690944e-01
1.948214039838543077e-01
5.547667223990292440e-01
5.077830126582850712e-01
6.468868585294914597e-01
6.143658662930118197e-01
1.920210803357066121e-01
1.475349837582937973e-01
2.778576442314983908e-01
5.651797993303681045e-01
3.875181716883288607e-01
4.185754302391104242e-01
3.920957471397447658e-01
4.299612611593026101e-01
3.127873703120779836e-01
2.890892367825162457e-01
2.861678048680459385e-01
5.255428551608460896e-01
6.404071170545652114e-01
3.703762799622946078e-01
5.431970839752487956e-01
1.036666554395859197e-01
3.996198660891863153e-01
2.973095228787935307e-01
3.093453309444517130e-01
6.195765329771262264e-01
2.473560782354209675e-01
1.111187719398241680e-01
2.974328537881129608e-01
3.328984096823729977e-01
3.003319447312484680e-01
5.250037711042929711e-01
2.670741890604693136e-01
1.642272276550300336e-01
4.764870979196586531e-01
2.522742138569289971e-01
5.398146961298698754e-01
5.571193401201941509e-01
6.408619065647351842e-01
5.831602031872854530e-01
4.244387434438051665e-01
4.999364036346307660e-01
4.497115539507727244e-01
5.435288720644223526e-01
3.927281358451323312e-01
1.344689826384574682e-01
2.776833259916137164e-01
4.090783288709786691e-01
3.949029194677327048e-01
1.811032742741359725e-01
5.478433971351024390e-01
3.377661990723619945e-01
4.399332801362586531e-01
5.122835122678994768e-01
3.328984096823729977e-01
2.804325303059878594e-01
4.296997276721271630e-01
3.296076512923578061e-01
2.965009987586468831e-01
5.695701228259757443e-01
5.051191701414298185e-01
4.774091716153304188e-01
2.451027812872627887e-01
1.817500563183243045e-01
5.472698211599221763e-01
3.593745887721657151e-01
5.223540203976501095e-01
4.137094481497400889e-01
5.068153697920807499e-01
1.879590944485596826e-01
2.518783303107282601e-01
3.529064920590009313e-01
4.330692209867867959e-01
4.249868896765163218e-01
5.319422441001588897e-01
4.064323110487628732e-01
4.201871875413608626e-01
2.815005855181859085e-01
3.961372586017098962e-01
4.297733119770996701e-01
2.288053598180238291e-01
3.849934317617553226e-01
4.054554318037413840e-01
4.094403275054311342e-01
2.031507645390167038e-01
4.755794358561457047e-01
2.571570550426670598e-01
3.291094911406801105e-01
4.041672087522630852e-01
2.145896266567723365e-01
4.585505464639895168e-01
4.023157813320129561e-01
1.952735527022819162e-01
4.426274620834149687e-01
4.948498859679085760e-01
5.051191701414298185e-01
3.075546055633199272e-01
5.187632537428257251e-01
5.587189766176170469e-01
2.872264683118233020e-01
2.759718012881786087e-01
2.564351403062670176e-01
2.662030701622886686e-01
4.076856322440914338e-01
3.168892411245175511e-01
6.287050981219908241e-01
4.209146590931320819e-01
2.939915494808718055e-01
4.117212853620970670e-01
4.288207675754953097e-01
5.250498747319097825e-01
1.767232335166351864e-01
4.196895339909722522e-01
5.323955464434753093e-01
5.462296325525698437e-01
4.062809216622177422e-01
2.169679066331441919e-01
3.280337992830339444e-01
3.663747673433514485e-01
1.317510732705212406e-01
9.613173945922288965e-02
4.139528377439670170e-01
2.696416666367879578e-01
5.672684456625857186e-01
3.425699860312069189e-01
3.460718448873675301e-01
4.023157813320129561e-01
4.712787449295730013e-01
5.773311148805548854e-01
2.932567225440316783e-01
4.949283648894806098e-01
3.758973870104354575e-01
4.015578586149415319e-01
3.608406465458457446e-01
3.817537936409694521e-01
3.136915287817760856e-01
3.309689554775241405e-01
3.421327190634506632e-01
3.310769512519244895e-01
3.359444303824042355e-01
3.632585640714191544e-01
5.066983730619077919e-01
3.328984096823729977e-01
1.822618129043949153e-01
5.532668653597770936e-01
3.134503772135970867e-01
2.769633708272496997e-01
3.993740148949737612e-01
3.083729601806606269e-01
4.103035120753379950e-01
1.480923418400921232e-01
2.570332442445187882e-01
3.329181950923833511e-01
3.471451764860737366e-01
4.405910500443530053e-01
2.668051461498354149e-01
2.308096192016125814e-01
1.608887198588153378e-01
4.524487706068625048e-01
2.958998645672184513e-01
2.461143366317659342e-01
1.333770289210064186e-01
4.245387381607509392e-01
1.767902769067278834e-01
3.717312642080305429e-01
5.365392483450436290e-01
2.348764693550150495e-01
2.538962102426818856e-01
4.093713143572280111e-01
3.883174319896213200e-01
3.059269758626987912e-01
3.320210007793478191e-01
3.496144971003487534e-01
4.385107759376662973e-01
2.999365397226627095e-01
5.813703895637465369e-01
2.900023670009778121e-01
2.702062464374143103e-01
2.915254542142788896e-01
4.969811249542211984e-01
5.047376623682486851e-01
5.386202903570082023e-01
5.510628899032714578e-01
3.402392090203992248e-01
2.207693994678518179e-01
2.088585714161608209e-01
6.287050981219908241e-01
3.735373858405274250e-01
2.797188977834821344e-01
5.575223168120192474e-01
5.510678203790101426e-01
5.132951112670069982e-01
5.773311148805548854e-01
2.240832978124003283e-01
2.042363452039354932e-01
2.822364571512830933e-01
3.198266340977811706e-01
2.847581212991640576e-01
4.492716928601248605e-01
4.286250002694177441e-01
5.829143806803842587e-01
3.300525845283294180e-01
2.820099356961634496e-01
3.716470259968749912e-01
1.078304605982599029e-01
4.334165257932455773e-01
2.582542201844175156e-01
2.215809961445655007e-01
2.019854729572284069e-01
1.535233344555180790e-01
7.036168294877986895e-02
1.704712465315214309e-01
5.766987139103022519e-01
3.803705553038047582e-01
3.176353656650752755e-01
4.412751553200769949e-01
3.349422186823174941e-01
3.748917282596403999e-01
3.664840859562021325e-01
4.164958605306461892e-01
3.040217163907751319e-01
2.913121981461361254e-01
4.173495538619982903e-01
4.784692969686546449e-01
5.068153697920807499e-01
2.020903534559132797e-01
2.942912198382556799e-01
5.330831503239165103e-01
2.756903148404638570e-01
3.309216665234606114e-01
2.483302277164588512e-01
1.315960036968928659e-01
4.280556416408328735e-01
2.041873153666156071e-01
6.404071170545652114e-01
3.025096248368451257e-01
2.193759345199286781e-01
2.098348931295214992e-01
1.795534056886645413e-01
1.101579164291350138e-01
4.856270700126307238e-01
4.080050290777698652e-01
5.787122964622192223e-01
1.900492727455701247e-01
1.842547891318613296e-01
1.463953967351027952e-01
4.108210531043594016e-01
3.740206532239431225e-01
4.559861109899544518e-01
3.950337755993197364e-01
3.893944075005134065e-01
3.480696799762337257e-01
6.681779790898491334e-02
3.937119191697657783e-01
6.934764126668192807e-02
4.064623077904200854e-01
5.132951112670069982e-01
1.563131734110442539e-01
3.894486273505886054e-01
2.576560963937147286e-01
4.075357327268279151e-01
4.261272313007247736e-01
4.374097130633877173e-01
5.512898641190014937e-01
4.200784075431757691e-01
2.934635726108098530e-01
1.959477843459052349e-01
5.122835122678994768e-01
3.937097437153174173e-01
3.938262041174944716e-01
1.424955494532367528e-01
3.575272010658472333e-01
4.791592331483011113e-01
3.802299257378278785e-01
4.833133616402915389e-01
1.578538937584234025e-01
4.743378340511639757e-01
6.241283045037502308e-01
3.201250519837793851e-01
1.663246833824587878e-01
5.296691224528464748e-01
3.458358522540231905e-01
2.250674910745561752e-01
3.596523476363696070e-01
3.420233861069443271e-01
4.490170227082639909e-01
5.056625704950148403e-01
5.132951112670069982e-01
3.879316227827616093e-01
1.727665288150770362e-01
3.996606119456397876e-01
4.023157813320129561e-01
1.651753441285429280e-01
5.766987139103022519e-01
5.665233066766901526e-01
1.576014108061782049e-01
2.692709883236628077e-01
2.413359840926692090e-01
3.991665858849907100e-01
5.247765062736255981e-01
4.234529299721920270e-01
5.966765251449029916e-01
3.645595187803667425e-01
2.805733352179587414e-01
2.165753364714110007e-01
5.420734612329766167e-01
2.792315899585580130e-01
2.842460341853750849e-01
1.572291939800695704e-01
4.166948970468892788e-01
2.564248503963323378e-01
1.694282508291721778e-01
4.106396220742783432e-01
2.650648730185474200e-01
3.810766132327642053e-01
4.982978062343731973e-01
4.133604316670341228e-01
1.750889914946743287e-01
4.400892790332612825e-01
2.018476140034720645e-01
2.536197363829378326e-01
4.253748543814338534e-01
3.818863109341902318e-01
4.011677909014308985e-01
6.181695789643488759e-01
2.527710594853191384e-01
3.935733519720241991e-01
3.074127409877990824e-01
6.134831359976602450e-01
5.068153697920807499e-01
3.822778896167077778e-01
3.723080161596142856e-01
2.957358478784962164e-01
5.187632537428257251e-01
2.512565479072170760e-01
2.731484758211383812e-01
2.853886538523520144e-01
2.797188977834821344e-01
3.790774017765877191e-01
6.088857023785601008e-01
2.911894340190960273e-01
3.662669795519588045e-01
5.664412210532854264e-01
4.015121471511867712e-01
6.303918234762310169e-01
2.906870930035993505e-01
4.290155370620457043e-01
2.522742138569289971e-01
2.552453709642021895e-01
5.431970839752487956e-01
5.132951112670069982e-01
8.775473894619040260e-02
2.316442820357904053e-01
4.869548823853667163e-01
4.015578586149415319e-01
5.545749460592418467e-01
4.410082416107988235e-01
3.866498057326479554e-01
6.373517581149733546e-01
5.504589249186322419e-01
3.387467804357084389e-01
5.223540203976501095e-01
5.364693691726425406e-01
4.422314848876940374e-01
2.495610728190583161e-01
1.308688464582727085e-01
2.728211733464975808e-01
3.114783523898343454e-01
1.537380696871704089e-01
3.612121901555921388e-01
1.900926903677472024e-01
1.276807326196852110e-01
5.669230138465310986e-01
1.785109477694646340e-01
5.708513734056286371e-01
5.683069793446763329e-01
1.100574052366443817e-01
4.050548563230326193e-01
4.657164147346381511e-01
2.544874482471307098e-01
3.281514496889367249e-01
4.192107624081637396e-01
4.902644158931209195e-01
6.263137502437569060e-01
3.397739344018495533e-01
4.318091987057564030e-01
4.071444917438565847e-01
6.373517581149733546e-01
1.060310288259951744e-01
5.343042847716047428e-01
5.874285076983727372e-01
4.348585377793527385e-01
3.938290507095144055e-01
2.045407096785576417e-01
4.730614734108315456e-01
4.109727131494512742e-01
3.967423911391354530e-01
4.830691979044147710e-01
4.448237457025798758e-01
4.164386654114078379e-01
2.885528324950309420e-01
4.560834085799302939e-01
4.274059517842390687e-01
2.896564937537220441e-01
1.936650997417595499e-01
4.766303269094434025e-01
4.868275384745758827e-01
1.553884919764019212e-01
1.653858178392978717e-01
3.010865174771364394e-01
2.539058844148165961e-01
3.254189667510476447e-01
2.848198898618415909e-01
3.807556766388278668e-01
2.329227155422510520e-01
5.386202903570082023e-01
1.875133179511481174e-01
2.504957750641815806e-01
5.001685600676512022e-01
3.919294837979933610e-01
3.809249866562023357e-01
4.111933117141607363e-01
4.399939770823397822e-01
2.363508858420864944e-01
2.937971093787049015e-01
4.545384350268164564e-01
2.702747974704489131e-01
3.669972161032156732e-01
1.767273961910356683e-01
5.482940118099465243e-01
3.708985847480421039e-01
1.812262843221137121e-01
4.845698156771169329e-01
3.861470246371639936e-01
2.791866440094717960e-01
5.641092149055174781e-02
2.939772351361169545e-01
3.670527807229828632e-01
3.800492538821037547e-01
5.386202903570082023e-01
1.708768533093169839e-01
1.612210322189988887e-01
5.840571168635788624e-01
4.503423979068048033e-01
4.572709559026354453e-01
1.907708452090844664e-01
3.817143758199429415e-01
2.476974202386884316e-01
4.377295671270765576e-01
3.192589018110860710e-01
2.675614443959287159e-01
4.741432677664027540e-01
4.153252701114103496e-01
5.633846747084562123e-01
2.653983817227682507e-01
3.491448838377673725e-01
5.198482814494231885e-01
3.310575173654184411e-01
2.747747720814767147e-01
6.201000794245478120e-01
2.018476140034720645e-01
4.040244330427865127e-01
5.194341530849863053e-01
3.994832116906904540e-01
1.991941650242670392e-01
2.389406901500238101e-01
4.358174112670664679e-01
3.964573222074994630e-01
3.645157601325783592e-01
5.438418886737407254e-01
3.028212039624070262e-01
2.896350236917432652e-01
4.258479655211557247e-01
4.174143312663084471e-01
3.444585440830360556e-01
2.508645302880471162e-01
1.626491403175713557e-01
3.512770109873987190e-01
3.812726862250115367e-01
2.718571162902795879e-01
4.907266788636706067e-01
4.117212853620970670e-01
4.115373683062398258e-01
2.041873153666156071e-01
4.232199861972009147e-01
3.505556415177944474e-01
4.220556302790984260e-01
5.276262385147553191e-01
3.298226225706920589e-01
3.618238472893906543e-01
4.016626883911337265e-01
4.425947371368670891e-01
2.455079619129685864e-01
2.179074748075555124e-01
3.606140050405642339e-01
3.223398159481646874e-01
3.713173458014525363e-01
2.783308522428660781e-01
4.421567606778512571e-01
4.185578291184088862e-01
3.328984096823729977e-01
3.970806260779105590e-01
3.841875538382068522e-01
5.500286659700219793e-01
5.304443492314311337e-01
5.075869861270094763e-01
6.404071170545652114e-01
4.338615722193697177e-01
4.800337808038320775e-01
1.016855382972002425e-01
3.026592664801246446e-01
1.897540876909004914e-01
3.120388096367204267e-01
9.157263073694840716e-02
3.522514519148901568e-01
2.566877527671716508e-01
2.449298085446467987e-01
1.836727501919369065e-01
2.288499054959642898e-01
3.783880816465597374e-01
2.800563582687887743e-01
3.462689382540209415e-01
3.723112802767425955e-01
3.684448410320423917e-01
5.068153697920807499e-01
5.677613183062251156e-01
6.698237223330748280e-02
4.369645920086780433e-01
1.964193387832251780e-01
3.741086687017067813e-01
5.276886758243951592e-01
4.176162878598220218e-01
3.021675043264673843e-01
4.304826949317545060e-01
2.431280573616790286e-01
4.561621366445655079e-01
2.699220158820602733e-01
4.287437492122562199e-01
4.011423000425156649e-01
3.852192406074292919e-01
5.051191701414298185e-01
3.690544800758471800e-01
5.420073908208624669e-01
2.646306297557771692e-01
2.603852571122758919e-01
5.656745706374766147e-01
1.616702699028954304e-01
2.913743416187130619e-01
5.187632537428257251e-01
2.797341853140945522e-01
3.672974259067814939e-01
4.997507574406844788e-01
5.431970839752487956e-01
3.139226802234414970e-01
6.126696666423609994e-01
3.076356019004074516e-01
2.883648970328465122e-01
3.530225367030416228e-01
3.788394493633282512e-01
2.105126621473082660e-01
1.139243320616989824e-01
3.991991761259023885e-01
2.961972655088151996e-01
4.383141649543905727e-01
3.707356656607997958e-01
2.673257000741312561e-01
4.558390876874779951e-01
5.166735377688629338e-01
8.964032141703780210e-02
1.926170828244583022e-01
4.099595463264116835e-01
3.374464062290586930e-01
2.914721251260107837e-01
2.396709413567550129e-01
2.014851951414832754e-01
5.304678188821665419e-01
3.406924010838699446e-01
3.680534964213555971e-01
5.832441683492849416e-01
4.761102436233578539e-01
2.643201647580811220e-01
6.306330680702929570e-01
1.353302357000024936e-01
3.559018614649805956e-01
4.310404503743915927e-01
5.757196909123902806e-01
5.336619835607306905e-01
2.870215235606443649e-01
4.376782745260996976e-01
3.040551285855223052e-01
1.634556986293099201e-01
2.252357434032317973e-01
5.001685600676512022e-01
3.846994751684389979e-01
5.528708054281870066e-01
5.064972871698713019e-01
3.434532088960105534e-01
1.642501379031930109e-01
1.904930979861083618e-01
1.278985881161507077e-01
1.666649901479667906e-01
8.602535805443704831e-02
3.329834353394387492e-01
1.510912084995750804e-01
3.123259345962800526e-01
5.559997072008773245e-01
2.522742138569289971e-01
5.571998612457318423e-01
3.521067733843631364e-01
4.865083321620634060e-01
5.328703260205982506e-01
1.381625381127828678e-01
3.368019343449549230e-01
2.655016931502466315e-01
5.672015497626918812e-01
3.269105435512566493e-01
2.437860915880085411e-01
5.955528410783056392e-01
2.989299197390564156e-01
2.752844160965171039e-01
6.101870617241139660e-01
5.649933292077351510e-01
3.176353656650752755e-01
3.909817234213242010e-01
4.082051185014932138e-01
5.367173425003225473e-01
4.275841779427261846e-01
2.116655740108896455e-01
2.570166633942837509e-01
2.873439581311458824e-01
3.181771708586306202e-01
1.549990552798027332e-01
2.706936427148819435e-01
1.566323242198454924e-01
5.110128834771135997e-01
3.628669099287998301e-01
3.664457283184233138e-01
3.083729601806606269e-01
3.832970098883805576e-01
5.813703895637465369e-01
1.579649199938795157e-01
3.025549671073748392e-01
1.659613485013561318e-01
2.739265954448356077e-01
2.970056805963905977e-01
5.635990815951203992e-01
2.114188868310044322e-01
1.149502435346496376e-01
2.970423169954850562e-01
3.784588528280423136e-01
4.312021586700013343e-01
2.941005735290828649e-01
2.632628551267351957e-01
1.856892309938222019e-01
5.304678188821665419e-01
9.030038017761218838e-02
3.737115326841204399e-01
3.242996975161605566e-01
2.498893210395196907e-01
3.123820329455547773e-01
1.365469300586737711e-01
3.929434912839845362e-01
2.148541269940086318e-01
2.336394527386398690e-01
2.674518423399686040e-01
6.275175132771138031e-01
1.730194807425000092e-01
5.169177985842644540e-01
6.195765329771262264e-01
3.659749926128133546e-01
3.165563077256178248e-01
4.255599184100496979e-01
2.086319360433118164e-01
6.356320186544015538e-01
8.601270362404153658e-02
5.123326241135117698e-01
5.923191657607110860e-01
1.085760218904824326e-01
5.257554846814773697e-01
2.018476140034720645e-01
3.651444638696641487e-01
1.110784317593722231e-01
2.968425668304009446e-01
1.716720904230636946e-01
1.200037934520723493e-01
1.537380696871704089e-01
4.684726818442927487e-01
3.065851905280594925e-01
5.691551737549778167e-01
1.725700413119677923e-01
3.672317912091941916e-01
5.648046084823707957e-01
3.215562965617323465e-01
5.512898641190014937e-01
3.099973195277813121e-01
4.321449492817878713e-01
5.127587405519911101e-01
3.322144688389919165e-01
2.082893482207888169e-01
5.702513642557170970e-01
4.457230447911805782e-01
5.584171295585104167e-01
3.337904041083974427e-01
2.535747007340336534e-01
5.087418574586873854e-01
1.979099911452180394e-01
2.563840442549490950e-01
4.382370900480448972e-01
3.133508011650946168e-01
2.324101609084377740e-01
3.172719142677549176e-01
5.554458298461963928e-01
4.765066203626477925e-01
2.699751753410087884e-01
4.060010278799837669e-01
5.712807079160227008e-01
2.621261254013360631e-01
3.005240490002659137e-01
3.524117054727809450e-01
5.654920481383481912e-01
1.187482497176864660e-01
3.532335382187506423e-01
2.113071184672749570e-01
4.035089199780146352e-01
2.006676147697319668e-01
5.452218433531447195e-01
3.662729964037077512e-01
2.484377698987325078e-01
4.198035811250469540e-01
5.459662418737993850e-01
5.390667902735770678e-01
2.988894432938752899e-01
4.769524108918964944e-01
4.780996868421212853e-01
5.554231404695433305e-01
3.083729601806606269e-01
3.783339321635491026e-01
4.248019956929782182e-01
3.342409128688562658e-01
3.321089194894052410e-01
1.881665867577189954e-01
6.009512666313360230e-01
1.528833529671657088e-01
4.783873416854256821e-01
2.132802306025037287e-01
3.952013155264287869e-01
2.891712850916282607e-01
3.328984096823729977e-01
4.208342502222912063e-01
4.080506996932877217e-01
1.760099630155266270e-01
1.661883944353647891e-01
1.688268705089270572e-01
6.387109174039142800e-01
4.748766367433983060e-01
4.389050383389538901e-01
4.474794944479160153e-01
3.562131278364844555e-01
3.079544048235881015e-01
3.663119165622450990e-01
4.666992533528462883e-01
3.053446763463624758e-01
4.035815022019390574e-01
5.118973628669447606e-01
5.925645574382435443e-01
8.371406128716765704e-02
1.131119730924423222e-01
