3.992263858328927162e-01
2.165613237591840767e-01
5.816489751630046223e-01
8.870317898347289398e-02
2.945939295954952408e-01
4.385340733605937458e-01
2.266613612145071677e-01
2.132802306025037287e-01
5.005384951091680357e-01
3.735364868674971306e-01
6.895182070783889561e-02
4.685848982913536354e-01
2.591651920984538449e-01
5.132951112670069982e-01
1.852899566282011357e-01
2.455255348660564385e-01
3.062267352962634304e-01
3.856183621819352370e-01
3.816254680212792239e-01
3.992591766771051431e-01
3.872766335690225881e-01
5.476564173969339366e-01
3.630551328877355544e-01
4.920285130050160993e-01
3.196497701708277406e-01
6.480778401703120306e-02
3.784948081113699292e-01
4.182658978908536662e-01
5.582652799277083577e-01
3.010922683476177086e-01
3.280337992830339444e-01
5.987989072356373343e-01
3.340824902058583956e-01
5.367173425003225473e-01
4.392686901316959491e-01
3.632377608854910900e-01
3.191029769190317222e-01
3.387467804357084389e-01
2.506237137169864404e-01
5.132951112670069982e-01
5.205085652390888384e-01
3.783821374485450972e-01
4.634794499094099240e-01
3.564146841588523018e-01
4.035143724380935160e-01
3.748193358293052113e-01
3.396375827792164626e-01
7.069097409852624636e-02
6.263137502437569060e-01
1.296116031046255224e-01
2.778066618900307816e-01
2.471828499054906647e-01
5.321405488820819540e-01
5.431970839752487956e-01
2.844945152576789926e-01
3.749933988976337229e-01
1.508412296585850132e-01
3.062702049921470770e-01
2.011003240928582181e-01
2.853886538523520144e-01
1.156110041988976933e-01
3.066746775817467130e-01
3.131040038093032551e-01
1.954311112119934413e-01
5.223540203976501095e-01
4.523666305191419990e-01
5.687513867505449294e-01
1.862400972202007676e-01
2.948110105345527754e-01
5.431970839752487956e-01
3.581332140750659865e-01
3.279852822833752568e-01
6.204839625279015003e-01
5.273722055122384011e-01
3.775797248690629382e-01
2.538246818616934908e-01
4.182538987992205914e-01
3.010327681613320094e-01
4.214834748455304481e-01
4.552281882728829721e-01
3.304911958500194591e-01
1.782487167440759412e-01
5.952135834784547663e-01
3.595237200723328530e-01
3.466963748285226687e-01
2.831263179065518498e-01
1.231862586966801232e-01
2.231144004999591757e-01
3.373025046465489285e-01
5.068153697920807499e-01
5.027800545815004352e-01
3.503149274311143646e-01
2.606195254926893523e-01
4.291458918932598565e-01
5.599614795783592891e-01
1.849975699376076033e-01
5.431970839752487956e-01
2.233687894953803876e-01
5.068153697920807499e-01
5.629371307192675422e-01
3.040968443017683098e-01
4.559613840866147405e-01
6.243987182728991669e-01
4.244387434438051665e-01
4.348585377793527385e-01
3.764662584744241647e-01
3.596434712001589373e-01
5.051764645229233075e-01
3.319551059211067190e-01
4.058549992788485494e-01
1.818148494175041152e-01
1.535273907997751763e-01
6.273548592356834597e-01
1.817792174900670354e-01
3.783339321635491026e-01
5.240819663001959894e-01
1.650403536980482033e-01
2.363880523328047711e-01
3.302634643308439699e-01
2.729453197654014285e-01
5.940767606232331133e-01
5.339549656169754188e-01
3.151204987469651830e-01
4.160606803569157353e-01
5.349976030397507465e-01
2.729762820013907909e-01
2.931032102964424291e-01
2.631739717538619239e-01
4.021509707531294442e-01
3.206358363194481975e-01
5.641750209474266642e-01
2.301062972730087697e-01
3.083729601806606269e-01
2.113999318978714292e-01
3.364162690943499068e-01
2.812307812504648563e-01
4.326154514352647529e-01
1.044022731484013505e-01
3.881507640112636937e-01
2.826978015042305170e-01
4.313180687123454038e-01
5.633357730285819542e-01
1.354127115124181546e-01
5.431970839752487956e-01
6.081259795326978690e-01
2.649613920656889721e-01
3.612872589249904176e-01
5.229135090320180534e-01
1.867484725492881137e-01
2.586170460736217924e-01
4.957088076657041320e-01
5.662745797873881548e-01
3.078082296677098206e-01
2.942290487177626757e-01
3.845599973564393093e-01
1.941557393484487082e-01
3.704455201144401522e-01
3.790426707970320774e-01
4.757485405929403055e-01
5.499119348053587153e-01
5.165558110713421858e-01
1.712303685029371580e-01
5.138434359638981430e-01
3.856479016935820403e-01
4.049206400341877621e-01
2.346678739355805010e-01
3.328984096823729977e-01
3.829688858756624126e-01
4.905803363651424220e-01
5.715679625921209484e-01
4.578087821868865870e-01
2.046175631936957007e-01
3.978977448541909934e-01
1.439189030457016794e-01
5.364749002110092979e-01
2.617089625222017157e-01
2.566958165001653192e-01
5.835404219023649919e-01
5.146542850035431549e-01
5.047662997886791514e-01
2.531968508009359020e-01
6.306330680702929570e-01
3.062702049921470770e-01
2.344795262492039012e-01
5.501311795576367958e-01
5.114233999427409971e-01
4.497954843969678707e-01
4.334106459338024631e-01
2.062113046565035024e-01
2.214456978451708469e-01
5.977249897297775005e-01
2.212205785343659692e-01
4.405392370181290262e-01
3.092815726672732413e-01
4.093196494448400613e-01
3.050896678713181376e-01
5.985060538565357691e-01
1.967634977557453368e-01
4.073941220755888382e-01
5.233648926515352962e-01
4.368221295729571851e-01
3.924541955115315450e-01
5.132951112670069982e-01
3.697804212219185649e-01
4.480263995386506992e-01
5.666823458050647133e-01
3.965287695156512471e-01
3.570837935582965028e-01
2.795439574654859372e-01
3.116151358812315197e-01
2.161918404388822879e-01
4.221725290982302758e-01
3.977622705851651119e-01
2.552453709642021895e-01
3.384845313248407983e-01
2.431667012489347468e-01
3.087706650593170510e-01
5.641750209474266642e-01
3.087706650593170510e-01
1.599566489469369246e-01
1.958909976050962898e-01
2.362257609364087907e-01
5.231594068950814469e-01
5.152206117159189303e-01
6.243987182728991669e-01
5.403587408046265361e-01
5.946305181356312808e-01
3.570837935582965028e-01
4.835302354278576131e-01
5.551863811781955205e-01
4.593778237186638136e-02
3.759156840063177518e-01
2.249245543627412802e-01
5.598219371159693925e-01
3.721804771543179569e-01
2.847939683814366685e-01
3.061236584603135302e-01
2.844945152576789926e-01
5.065528016907829834e-01
4.712138391599382525e-01
1.573339878971225514e-01
2.773496643923382132e-01
1.856892309938222019e-01
5.051825576143204738e-02
2.910385108013612832e-01
2.499146505842780031e-01
4.815733755899966329e-01
3.062702049921470770e-01
2.646560481688371436e-01
2.951561999636138633e-01
1.971944855283685738e-01
3.316168521692759441e-01
4.957184642720576240e-01
2.887550014370126594e-01
3.942517259178993094e-01
2.620457418917415127e-01
1.549596392257483191e-01
5.276932069644439949e-01
4.117212853620970670e-01
4.924380283250512358e-01
4.679180534225385601e-01
3.552896216461540191e-01
5.355459277366418913e-01
4.119623112673794219e-01
2.897381248495441985e-01
1.028529895346277090e-01
1.719769794805143803e-01
5.773311148805548854e-01
1.529764954703270730e-01
1.922641051021688752e-01
4.332728562037758691e-01
3.944474950948885228e-01
4.172941796594575314e-01
5.633357730285819542e-01
5.319422441001588897e-01
2.914820663188085748e-01
3.879115869824136809e-01
5.832950302248325336e-01
3.128984599506498543e-01
4.555312087053898784e-01
3.485756775845393896e-01
6.468868585294914597e-01
4.259508319834886536e-01
3.954838329503820860e-01
3.711745890089711564e-01
3.328984096823729977e-01
2.915081228166682692e-01
2.553569223021844858e-01
2.842174640138231401e-01
2.062692166467084143e-01
3.328984096823729977e-01
2.818213443755189229e-01
3.089372007226477423e-01
2.980141686852429417e-01
4.031470551137424918e-01
5.662745797873881548e-01
6.468868585294914597e-01
8.455714208027130530e-02
4.112311644136830147e-01
5.970385254423880017e-01
2.104987277015505365e-01
3.858755909093671277e-01
2.952720101200656533e-01
1.588976260802507090e-01
3.123118652370071024e-01
2.098851461272784602e-01
4.003777888062577950e-01
5.520008089730349399e-01
2.629680390574115068e-01
3.908676042571523901e-01
4.176434405040081455e-01
2.906697125465286247e-01
5.096312958036895990e-01
3.062702049921470770e-01
6.404071170545652114e-01
5.401227213548823736e-01
6.241533265953668197e-01
5.164103048703051480e-01
2.187876648206941443e-01
4.381434255605434203e-01
3.673813116589769723e-01
3.799903898057666596e-01
5.888390445068899526e-01
9.026160636593887066e-02
6.151346824968924043e-01
3.643251055082428191e-01
1.308688464582727085e-01
3.215637579651259848e-01
3.527834163212376639e-01
4.524185454061093736e-01
2.583774645121050817e-01
4.313180687123454038e-01
4.312642730914785505e-02
4.363342654636466755e-01
3.436436514836965772e-01
2.479821182101272503e-01
3.877227359168735066e-01
1.767232335166351864e-01
2.609510398051302360e-01
1.922932270887072470e-01
2.780509336190834513e-01
5.364851860673021111e-01
4.539296927733117437e-01
5.122835122678994768e-01
2.701921372692998036e-01
1.788298090027239107e-01
3.155607036695917689e-01
5.039537645379726927e-01
4.058715089305027224e-01
3.387467804357084389e-01
2.052098207410343877e-01
4.260353530141164358e-01
3.846523352636673221e-01
3.370133056775261871e-01
5.384804680893926498e-01
3.638834747430876315e-01
4.405321716243602026e-01
5.486900717415365003e-01
4.729317244431615608e-01
1.489123713390850257e-01
5.174423861939990710e-01
3.216981236150813772e-01
5.122835122678994768e-01
5.325870818514226723e-01
5.614428064853541622e-01
3.407720461030748771e-01
4.187317043679992801e-01
3.275957095299259492e-01
6.326859654391581156e-01
3.450360078125491725e-01
4.232753106127048470e-01
2.403366525570718726e-01
1.333243317851054988e-01
4.126918715880275590e-01
1.338454557138062384e-01
3.604313779782644667e-01
2.915159357435662124e-01
3.585101385305523025e-01
2.045896587548595436e-01
5.132057153682911821e-01
2.832514653671084903e-01
4.260131654575339266e-01
3.062962932955042294e-01
1.926163435025523840e-01
5.636031605981959292e-01
5.068153697920807499e-01
3.104013669007469889e-01
8.260427830173769359e-02
1.575642488887994408e-01
1.690626754274728583e-01
2.932193124190454747e-01
3.875314828087007002e-01
2.397376714730919678e-01
3.978496902815193970e-01
5.465953462977890531e-01
3.450892464734226506e-01
5.654438740352123460e-01
2.205302746166478700e-01
6.422278570549541099e-01
1.595825071606570833e-01
4.057267184570974572e-01
4.015578586149415319e-01
5.621479154463674410e-01
5.386202903570082023e-01
4.969811249542211984e-01
1.894039938749237095e-01
5.187632537428257251e-01
5.773311148805548854e-01
3.328984096823729977e-01
4.020945881292289914e-01
6.341341237856737978e-01
3.309061425304081205e-01
4.161748153198967515e-01
6.081259795326978690e-01
6.306330680702929570e-01
5.002409936060720624e-02
4.297359256542668260e-01
1.796174880493102699e-01
3.388177064870968036e-01
2.114349986021221428e-01
3.474401323540707298e-01
4.350594885499950437e-01
3.717104692333256244e-01
4.543846228097319084e-01
2.863071737514139015e-01
4.996883964226626618e-01
5.431970839752487956e-01
2.554618888628035767e-01
4.036701345608375013e-01
3.064672194686940965e-01
2.797046835324986103e-01
6.247778394904383026e-01
2.600262723085536853e-01
2.566958165001653192e-01
3.860581168385002204e-01
5.438418886737407254e-01
3.506200838210467019e-01
4.126508568399994137e-01
2.129430681118412716e-01
2.580766242113255449e-01
3.306176721775193061e-01
5.087418574586873854e-01
3.657979967865911397e-01
1.068119958732286073e-01
5.694780716879221938e-01
2.524597061164252643e-01
3.583286579213134648e-01
4.541899985267106588e-01
4.447722822250089747e-01
3.286495486202288263e-01
4.117212853620970670e-01
4.532256976283456917e-01
5.323796806972347362e-01
2.410701432472618366e-01
5.721219202920617697e-01
5.503216301486668627e-01
3.652937986834390305e-01
3.783880816465597374e-01
3.458055663525821388e-01
4.887069792622938391e-01
3.247065215298396978e-01
4.492324898821153378e-01
1.809414613114153914e-01
1.680526347937998932e-01
2.352493387135186353e-01
3.478918618843573896e-01
4.086824047883596545e-01
3.775383603645026120e-01
3.960361927878653932e-01
4.847108577791045536e-01
3.582828996847683967e-01
2.400397456400806262e-01
3.796221351546972822e-01
3.890022007113913549e-01
2.526908005992259398e-01
6.397959536855232776e-02
5.565203563337863812e-01
2.181924827266849831e-01
9.629667081584504518e-02
4.396097936976722242e-01
4.349866521939097508e-01
4.107505101740936970e-01
2.146111845476573743e-01
3.576453240848114778e-01
4.298909161299097614e-01
5.377653282357636177e-01
5.032239190072430590e-01
3.715469009917232029e-02
5.618644274350449441e-01
1.878067849892589014e-01
3.161196202207641193e-01
2.737953893488372925e-01
2.163761717977223942e-01
4.079502304923688927e-01
3.444544077053376951e-01
4.969811249542211984e-01
4.901789433999981793e-01
3.328984096823729977e-01
4.046945283087114986e-01
2.622239175356151364e-01
5.022546491755116582e-01
5.412590914494935790e-01
4.044151625393106464e-01
5.086832437726878098e-01
5.104380571093382057e-01
5.624788212967758438e-01
5.536884863094678755e-01
2.095915428244385093e-01
3.850342072409759786e-01
4.339973100790540661e-01
4.078041344344759955e-01
3.225079770179294369e-01
3.809976867475584061e-01
5.584805504479611882e-01
4.562612548394203715e-01
4.477756238971923319e-01
4.405392370181290262e-01
3.082228161976128811e-01
3.661108120650318765e-01
6.198340087688306577e-01
5.798563846908731945e-01
2.798991594938047278e-01
4.798059765269827581e-01
2.258773935368643127e-01
2.107860084664717748e-01
6.540942855157197422e-02
4.015578586149415319e-01
4.803253342111808433e-01
4.105631859803091643e-01
6.455753836325714423e-02
3.665761729533948965e-01
5.587189766176170469e-01
1.702112005230182468e-01
3.541022170324291118e-01
2.284036683385376465e-01
4.764932380436950887e-01
6.055280602495766162e-01
3.375666213429649454e-01
1.767902769067278834e-01
3.980254148233002831e-01
6.045032922154404131e-01
4.275455276112193337e-01
1.675426988126082761e-01
3.356145569633879333e-01
3.467462137311758674e-01
4.385340733605937458e-01
3.542239892644954424e-01
4.098935505428830117e-01
1.696087634495300756e-01
4.815316873137876486e-01
3.148470072242725570e-01
5.319422441001588897e-01
3.005028474141037131e-01
1.934254303513365525e-01
4.341267731090657778e-01
2.757208744146981694e-01
1.604223781970087193e-01
2.059993423237414245e-01
1.688268705089270572e-01
3.019644787148457743e-01
3.801190706907844330e-01
4.178335260593946110e-01
1.668638740809738341e-01
9.827699365231125361e-02
3.905458552718176768e-01
4.047945207389874733e-01
2.843633298456479941e-01
3.047017680246698612e-01
4.765066203626477925e-01
3.849612824323472293e-01
3.710601615601412107e-01
2.648671536240802538e-01
6.097608937316256750e-01
5.161338269569193393e-01
6.208456077679380680e-01
3.682958833108971874e-01
2.870609995878099507e-01
4.176189900798291110e-01
3.946964102186867884e-01
5.430726935063189265e-01
2.872506853917483061e-01
4.165134954316963567e-01
4.316739181800220426e-01
3.936855245566017181e-01
4.113010240454517130e-01
4.226084261429272626e-01
3.592705988274088602e-01
2.510538878509368521e-01
3.949497302999394610e-01
5.169177985842644540e-01
3.922135900416646170e-01
6.083675945672594176e-01
3.189412397282314626e-01
1.964313202051375107e-01
3.129883475873014298e-01
2.779154824246341526e-01
3.991333919632650828e-01
6.404071170545652114e-01
3.977389877137724183e-01
3.322891885794347910e-01
4.796506734012213058e-01
4.478544858359474468e-01
5.987989072356373343e-01
3.667535926450370964e-01
5.056161744854885676e-01
2.998347155659775720e-01
3.994774381613908076e-01
4.349163285760609399e-01
3.351178250448480500e-01
3.350130184471719064e-01
3.396593453270441154e-01
4.152267875068064162e-01
2.875226717660478992e-01
5.431970839752487956e-01
2.026011393506750857e-01
5.583152829508858384e-01
4.814371711457438585e-01
4.874498803845990214e-01
3.280337992830339444e-01
4.052042949724020682e-01
3.606140050405642339e-01
5.051191701414298185e-01
5.934031936729302625e-01
3.687003320983434640e-01
2.654086519881309614e-01
5.316998018108456403e-01
4.023363985701145507e-01
5.058156263441098144e-01
2.043374688081609214e-01
3.942328884364398323e-01
1.773385739557029883e-01
2.552453709642021895e-01
4.397374439182700212e-01
2.945939295954952408e-01
6.273548592356834597e-01
8.147876968055911551e-02
4.128688506799847446e-01
2.623152822569855269e-01
5.431970839752487956e-01
5.936896745191971858e-01
2.129510133537660943e-01
2.376059852349641788e-01
5.223540203976501095e-01
2.621032690977913027e-01
4.611263904452251317e-01
5.027398274872615369e-01
3.651329331295715686e-01
4.149071760379900997e-01
2.574006759023573232e-01
4.838415686324818998e-01
1.310107860781371536e-01
1.563685721433150377e-01
3.223196490800642744e-01
3.303515148362306530e-01
3.905957305533077628e-01
4.015578586149415319e-01
2.737076819478526657e-01
5.943681834825270682e-01
4.261868258641074436e-01
6.241533265953668197e-01
4.118618717931673001e-01
3.700060602303938406e-01
3.853201328422518612e-01
1.524897874804541642e-01
5.237663029745817100e-01
4.817713138811225981e-01
1.156892757610992195e-01
2.181637584128039709e-01
5.284664711567460538e-01
5.818564269357455743e-01
5.899539927674661843e-01
3.763220761512328094e-01
5.471040465418599563e-01
3.754955889929268986e-01
1.400102620634940953e-01
4.190371167610040803e-01
3.254040730473298226e-01
2.567705142054269585e-01
1.981735727609125752e-01
1.537380696871704089e-01
4.765066203626477925e-01
4.038394402127515326e-01
2.612077766906868437e-01
6.120251047466206407e-01
3.988731712324051215e-01
3.498864525006671333e-01
5.407527897141111151e-01
4.724245245662651027e-01
3.301376088341811954e-01
3.875106348248334442e-01
3.734186107049263792e-01
3.647657333608335661e-01
2.927261968687149829e-01
3.396416565853153102e-01
3.509631882230541122e-01
3.772217694824862577e-01
3.816218384527490515e-01
4.205615038421184337e-01
3.382614391467691495e-01
2.770510003775232821e-01
1.234846874963294178e-01
2.031493355783021149e-01
3.662077367199594313e-01
3.447350475655472923e-01
2.164437909088943734e-01
2.592683495914822611e-01
2.577432330627177359e-01
1.426059850003206786e-01
5.367173425003225473e-01
4.024710452725701049e-01
3.664537526583335758e-01
2.712738449392995688e-01
4.073866152506188110e-01
3.406973538026690229e-01
3.306664611869387094e-01
3.298379991774851860e-01
5.900099134840771642e-01
2.596558190245198405e-01
3.384309592259420185e-01
2.636853858591677313e-01
5.087418574586873854e-01
4.141658776178789303e-01
3.193161680249657075e-01
4.283519595324844498e-01
3.281387611663740267e-01
3.925337230790629794e-01
2.819528913931890202e-01
4.067995969833745895e-01
3.101815444525385379e-01
1.353375425453089975e-01
5.332772358883325348e-01
5.568660128671136800e-01
2.101537770215992362e-01
2.076069625207167257e-01
6.423100649112508664e-01
1.817376281642944791e-01
6.039748119662149417e-01
3.904990949542244683e-01
4.493588151854721602e-01
5.391132186082983058e-01
3.245366659338508319e-01
4.519743672908529408e-01
1.130972338428721802e-01
2.596507249479544366e-01
1.939303595651714063e-01
2.668051461498354149e-01
6.404071170545652114e-01
3.176702338448159080e-01
2.544874482471307098e-01
5.318253975626127117e-01
1.792002751752599932e-01
4.765066203626477925e-01
6.222253566470645758e-01
3.467224369391171956e-01
4.283709632132589595e-01
5.676745783744236995e-01
1.097589771645718221e-01
5.987989072356373343e-01
2.088306867258361565e-01
4.284977578036122114e-01
1.636177939957446092e-01
4.034949650561686640e-01
1.885196186325056866e-01
9.347542455524458782e-02
2.985028932060166396e-01
4.239537423489609380e-01
5.223540203976501095e-01
1.578538937584234025e-01
3.923015666460425432e-01
2.013282068440557515e-01
5.330596105139955299e-01
2.146062429503884650e-01
5.568660128671136800e-01
4.084711332377410908e-01
2.189671688118133008e-01
3.278742529297331010e-01
5.911112245659631004e-01
2.376886664318991760e-01
1.424865436123061435e-01
3.750860558992313853e-01
2.658755910943795264e-01
3.262736848222662633e-01
3.931683224744009775e-01
4.168113331272152999e-01
6.468868585294914597e-01
3.588259649372954607e-01
3.005221901456383571e-01
2.623737014721167493e-01
3.467203326832496990e-01
2.872802184591440322e-01
3.372982290938144057e-01
3.657021976928781504e-01
3.731484398424686488e-01
3.723704491037936881e-01
5.487066397032693832e-01
4.614343980005168877e-01
1.999903146231834794e-01
2.891559232442489358e-01
3.345892011511865105e-01
4.361063745012259130e-01
5.164103048703051480e-01
1.815612691755976171e-01
5.223540203976501095e-01
1.129050428882833329e-01
4.497333760559534266e-01
3.255187244858557261e-01
3.597418547503868913e-01
4.814935252902119434e-01
3.156217993277256606e-01
3.750135466408598406e-01
1.761664577041067992e-01
1.208386487822672856e-01
3.901653451102845560e-01
3.946964102186867884e-01
2.697961923987740041e-01
3.387467804357084389e-01
4.072011669575454351e-01
4.650573197014237770e-01
2.575070155042216147e-01
1.669474650606506405e-01
5.288170039093752495e-01
2.633440479095420783e-01
2.880270741103844734e-01
3.135299123687144696e-01
2.315468929790245600e-01
3.242886017630181028e-01
4.421991107370737417e-01
3.129017959939358051e-01
4.526077893630883753e-01
4.718662440211018327e-01
4.410038980816090581e-01
3.888805830374121864e-01
3.808473172157217368e-01
5.013439903273519960e-01
2.370470113091690256e-01
2.698126434285309516e-01
4.151174823021556159e-01
3.435786343948208366e-01
2.231479659015796202e-01
3.926237327407275379e-01
5.367173425003225473e-01
5.125111396396617724e-01
4.104948238054080267e-01
5.512239814216859379e-01
3.762281871543376455e-01
4.807328895434218596e-01
5.296266683501503758e-01
4.814935252902119434e-01
5.269452925851093594e-01
3.469227770649967457e-01
1.529689752371571343e-01
5.472698211599221763e-01
3.881072356934828216e-01
3.895287713834966747e-01
3.090793233800316897e-01
3.586358859300996516e-01
3.317703091210330024e-01
2.557639651085829025e-01
2.961491096990374050e-01
5.449250298777945645e-01
2.924275689209183682e-01
3.246511276827270254e-01
3.258788723729643122e-01
4.482388834399947952e-01
3.403358629128405144e-01
2.714199566920620921e-01
2.636236137625460607e-01
5.501879666102642563e-01
6.306330680702929570e-01
3.790918548806205268e-01
2.451002308189754730e-01
5.695701228259757443e-01
5.695701228259757443e-01
3.083729601806606269e-01
4.624600715558740416e-01
4.401651484488905974e-01
5.576567120847418790e-01
6.386873775939934106e-01
5.308908491479998881e-01
4.553579452438970554e-01
4.085558998774879158e-01
4.147871457285754460e-01
4.129296133158514293e-01
3.254607878619811823e-01
1.451950580936357260e-01
4.104333424276631614e-01
3.671926396812540405e-01
1.567270892191338916e-01
2.318338042389021247e-01
1.327776548416481350e-01
3.429829963180756058e-01
3.971122166283834187e-01
4.354920241901598099e-01
3.619700867838405167e-01
4.297734597791171840e-01
3.703762799622946078e-01
3.757577262648558181e-01
1.249857103213958681e-01
3.969810649967009941e-01
1.748417819146908248e-01
4.033653391529070098e-01
3.607093299621227378e-01
2.658867152230147135e-01
5.068153697920807499e-01
4.667045060411406654e-01
1.518705179191189580e-01
2.045896587548595436e-01
1.931168678628723268e-01
4.827391448778836081e-01
2.162273053354880903e-01
5.068153697920807499e-01
1.635378476558304039e-01
1.433419420717148840e-01
6.378627229936129073e-01
3.100865811366191327e-01
6.077954978595281332e-01
5.987989072356373343e-01
5.122207119494368716e-02
2.503420155444407436e-01
2.382782570986723691e-01
3.385762929912918828e-01
5.165558110713421858e-01
3.178435860706708138e-01
2.165170780507389703e-01
9.094686048533306977e-02
3.973600047358136211e-01
1.845675653290372586e-01
3.015293319057057442e-01
2.784895080422388758e-01
4.295309805912693180e-01
4.676946353940275025e-01
4.015595323532588634e-01
1.881876351370079803e-01
3.966106181569182265e-01
2.880270741103844734e-01
9.070535354788701599e-02
3.528144390500357885e-01
3.643010164818237806e-01
2.482521899142694777e-01
6.468868585294914597e-01
1.727257713173957210e-01
4.740408158149317375e-01
8.801612338407396874e-02
5.664412210532854264e-01
1.834914937802731294e-01
5.433223067919675797e-01
1.899031200406311737e-01
2.088306867258361565e-01
2.765313048898394577e-01
3.887498327162708378e-01
3.530552420050175333e-01
5.801817809144588223e-01
4.194063839910145419e-01
2.334657933714617273e-01
5.085850567721188487e-01
5.472698211599221763e-01
2.108558803631054579e-01
3.787461705954376923e-01
2.276657865148513094e-01
5.721219202920617697e-01
3.861473879058355818e-01
3.022808580799102307e-01
4.306468721031173064e-01
5.264680560852796898e-01
4.955305801560030421e-01
3.291802928803856942e-01
1.712495072011664121e-01
3.262736848222662633e-01
9.902692674527684147e-02
2.888960460335490699e-01
3.092620587473259297e-01
2.409295838404705015e-01
3.415476267957730516e-01
2.894325541566289961e-01
1.350956967649818430e-01
1.363306355261311442e-01
2.587657986181267078e-01
5.599614795783592891e-01
1.587414560987749912e-01
2.119018633916038008e-01
3.570755192438067604e-01
6.170626524451945372e-01
5.166105472930226927e-01
3.053446763463624758e-01
4.310688554899634317e-01
4.146490430366117086e-01
3.474637208076936101e-01
5.431970839752487956e-01
3.901865086545773242e-01
1.913357162482853535e-01
1.796174880493102699e-01
4.683694038853443709e-01
1.180809010539496523e-01
2.692636815822958551e-01
5.620991104302598407e-01
4.334165257932455773e-01
1.810191836571188317e-01
4.575346547621244597e-01
4.349407560296029152e-01
2.090898589146763242e-01
4.050608193341029839e-01
4.280386578170242151e-01
3.842035811064833384e-01
3.100865811366191327e-01
3.365683510300105930e-01
4.624894239763595039e-01
3.945677986613382315e-01
1.188088878339913085e-01
5.033161395667370419e-01
5.035694712892175851e-01
6.022395872820368590e-01
2.059993423237414245e-01
4.055634237323790248e-01
2.429642205922903087e-01
4.669346945869622956e-01
4.599882848722133821e-01
3.882485161288221076e-01
3.739957565873442968e-01
4.291659240557241239e-01
5.434611119073026186e-01
2.979768325652050742e-01
3.848220595840246561e-01
1.989369243437887347e-01
4.525881552890396731e-01
5.367173425003225473e-01
3.684399303048151442e-01
3.889258819651561505e-01
2.958998645672184513e-01
3.978701383060595509e-01
4.015794309534218010e-01
4.074708553326859550e-01
3.474209854446182466e-01
4.412809320715022632e-01
5.113571187412517816e-01
4.828370414713943903e-01
3.208764396065849067e-01
2.708760544144671045e-01
2.144137313423369884e-01
3.122302554487894066e-01
2.475091716066878111e-01
5.802582920527716848e-01
4.200214994009910385e-01
2.078432844345050323e-01
3.120184998517606112e-01
3.377035881837002207e-01
5.267883251795281163e-01
4.445604734109387390e-01
3.143688118822410282e-01
2.742089273367205315e-01
3.083729601806606269e-01
5.252073838703426034e-01
2.859813911845800471e-01
3.647657333608335661e-01
5.267020489219883528e-01
5.680353572784436755e-01
3.716470259968749912e-01
5.599614795783592891e-01
2.159386743960191035e-01
2.265546670748921076e-01
3.770513616557528702e-01
2.562239576239500605e-01
3.823208334824885202e-01
4.487635153279708744e-01
3.994774381613908076e-01
2.004893279105569304e-01
4.681454549336932502e-01
3.349391267929970883e-01
6.134831359976602450e-01
4.230686791307668448e-01
1.007771194499395839e-01
5.663340519099996362e-01
6.126696666423609994e-01
3.598866219413365264e-01
3.478175977108924344e-01
3.375694604513383990e-01
3.817124279930742548e-01
5.614428064853541622e-01
3.887113291473861532e-01
1.785985133969247574e-01
5.801817809144588223e-01
6.306330680702929570e-01
2.951068841886357319e-01
4.581002983838821652e-01
9.561372987078185781e-02
2.523722431812247535e-01
4.118036523498205814e-01
3.808196751202696517e-01
1.609749818766390006e-01
4.244387434438051665e-01
3.762867926291139642e-01
2.111412425081670707e-01
2.104987277015505365e-01
6.387109174039142800e-01
3.078817248965016184e-01
6.241533265953668197e-01
1.656894206450142681e-01
3.389203064484643813e-01
2.623913564334969806e-01
3.979779324377638039e-01
5.618644274350449441e-01
4.219598562348131909e-01
2.525170254434068173e-01
3.770085285895154459e-01
4.846283680387913351e-01
3.328329303743891576e-01
3.931418459568840618e-01
5.131270720143762398e-01
3.946389916294501532e-01
2.822904799320016811e-01
4.872126310183480524e-01
4.774055262479910411e-01
4.718143580293249206e-01
3.760857498719840653e-01
5.202223074470621045e-01
5.616306268864743600e-01
5.490036003569996881e-01
5.364749002110092979e-01
4.944945436212187517e-01
3.452544070167174461e-01
4.226067323442798673e-01
5.549630650104279139e-01
6.298053714715684537e-01
3.662668107541554030e-01
2.763995417818779776e-01
2.638329942372815151e-01
2.561181453073421710e-01
2.037187448254401401e-01
5.297414242479079327e-01
1.984999379088349947e-01
4.497393026881868483e-01
5.189580574254828438e-01
3.840482108357828883e-01
4.255367657748931887e-01
5.840498599092487364e-01
3.301376088341811954e-01
4.437064174345522471e-01
1.537380696871704089e-01
3.907502985147446317e-01
3.145580058443041005e-01
2.151324950478218090e-01
2.103755148675418019e-01
2.717188647569030446e-01
3.775441612298997551e-01
3.005227985037313698e-01
5.503862713921874317e-01
3.951226488900582146e-01
4.072972122840146647e-01
5.080577559247866359e-01
3.247953562590110144e-01
3.691074842491317565e-01
2.116102021989581528e-01
4.263294573055106951e-01
1.864663035306530769e-01
1.578538937584234025e-01
2.040625573674932081e-01
2.456669401327761515e-01
5.437082251353381190e-01
4.313398972617772387e-01
4.803455448378251558e-01
2.132802306025037287e-01
4.313180687123454038e-01
1.611244498369570621e-01
4.172941796594575314e-01
3.442746382526484794e-01
3.283882419291167531e-01
2.635307080336433128e-01
1.920997248329564255e-01
5.061162610524909677e-01
3.807197094024538653e-01
1.896325483873300133e-01
3.312597564665856753e-01
6.134831359976602450e-01
5.002079741468544727e-01
4.114194712518227104e-01
3.933962686287142962e-01
2.444280332720341620e-01
2.238891323184825088e-01
4.942920040308584895e-01
4.772912268526671165e-01
5.987989072356373343e-01
3.083729601806606269e-01
4.640081046731130976e-01
3.358966201715772870e-01
1.399038394139420216e-01
3.934739820356177864e-01
3.329903592715017235e-01
4.795555327644567267e-01
1.777938135240555995e-01
4.046721873373766432e-01
6.306330680702929570e-01
5.658665125529417361e-01
5.877423721424706038e-01
2.050878448914207619e-01
3.790918548806205268e-01
1.808961081272346394e-01
2.914721251260107837e-01
1.654051109916747919e-01
1.896462493848942166e-01
3.280337992830339444e-01
3.969810649967009941e-01
2.561761405531138847e-01
5.611635321307735513e-02
1.662520816179019478e-01
3.705426640817846007e-01
5.361995359057915023e-01
4.544165423288301087e-01
4.480309454381133372e-01
4.389626058735428549e-01
2.959570972086286167e-01
3.530678702426504612e-01
2.234647580105339204e-01
1.405877591575976915e-01
2.981133723183948536e-01
2.861998528564083100e-01
5.156282577873730899e-01
1.749993674486812201e-01
4.035511674489170031e-01
4.197726120290483642e-01
5.582652799277083577e-01
3.117540221733427486e-01
2.499487558478384608e-01
3.945922150972896447e-01
2.914721251260107837e-01
2.465321550575418075e-01
1.916733707887021687e-01
2.883977625056444172e-01
2.476991505201123211e-01
5.987989072356373343e-01
4.866679930567308077e-01
5.528708054281870066e-01
9.709657668558369092e-02
1.215634787107797987e-01
3.371065871478445830e-01
5.392911896991688936e-01
3.542628335471729173e-01
3.225339981763475361e-01
3.682856528543759778e-01
5.407527897141111151e-01
1.661732402591745705e-01
3.009362363978432819e-01
5.407527897141111151e-01
3.259962486903156820e-01
6.024097375466047621e-01
5.319422441001588897e-01
1.702655742036039144e-01
2.979768325652050742e-01
2.731090918843999682e-01
4.331450169171655595e-01
3.450889253002623613e-01
4.250755619481958458e-01
2.520320612470972055e-01
3.665894532037251019e-01
2.508645302880471162e-01
3.996198660891863153e-01
2.847120281694401345e-01
4.790366898927709838e-01
5.345333088828260193e-01
4.713153646983419542e-01
2.898525423201788187e-01
5.027800545815004352e-01
2.928560601698724231e-01
3.588136947713574387e-01
6.103305510824315050e-01
5.551863811781955205e-01
5.492411443918298053e-01
3.871427223427102438e-01
5.575773272261907998e-01
2.484377698987325078e-01
3.807485068897668579e-01
8.674760997068570179e-02
3.671874651554892233e-01
2.399297952827418035e-01
2.572661043481849208e-01
4.228323223972346168e-01
2.491787877860412170e-01
4.221527585515733039e-01
5.187632537428257251e-01
2.816777380852255042e-01
5.431970839752487956e-01
1.668638740809738341e-01
1.315671305415990755e-01
3.849292195806314765e-01
5.791039819945777989e-01
5.276932069644439949e-01
4.083472723407373661e-01
3.633162341943282914e-01
1.867150216890342551e-01
2.677983354826056761e-01
5.185261077964111731e-01
5.434664445250987352e-01
4.652727103757779981e-01
1.563386869287778924e-01
1.921332149823541946e-01
6.291522771794753055e-01
3.794763528902577732e-01
5.051191701414298185e-01
4.071749098563849367e-01
5.199866064680503941e-01
3.551972823877120322e-01
2.855037369517628987e-01
2.670801368963676703e-01
4.902810022521512656e-01
2.408589621240379286e-01
5.205085652390888384e-01
3.531836647042326249e-01
1.742350771878727611e-01
3.255459423001296759e-01
5.078358880504869610e-01
3.213285883250125430e-01
2.813419127766690342e-01
4.244387434438051665e-01
3.154611759529726833e-01
8.528052641774379328e-02
5.007529210167669387e-01
4.312846336509007505e-01
1.786196787081895943e-01
5.852284916105389145e-01
3.927584176929315718e-01
3.839641013017704996e-01
4.765694649073821676e-01
4.422342866817747797e-01
4.687180735218251515e-01
1.197115915659704155e-01
5.014457166769356045e-01
3.062702049921470770e-01
3.893953242472040222e-01
5.363454029848908622e-01
4.766448826017963825e-01
5.636358082137304937e-01
5.925645574382435443e-01
3.278742529297331010e-01
3.612164554183127652e-01
4.946109153629731914e-01
4.230695096076441675e-01
2.919938319476186872e-01
3.142183444393632508e-01
2.716339771315385287e-01
1.332199070612775649e-01
4.139382718655397198e-01
5.978333826571375909e-01
5.089843367504747196e-01
3.700683241688907943e-01
6.343821650898090470e-01
3.790918548806205268e-01
3.558422185697145967e-01
1.464293999300407823e-01
5.374222163501097826e-01
1.287806593309167025e-01
1.025263124641635215e-01
3.675241872543457688e-01
1.771152709882562182e-01
2.929969285888985864e-01
3.734457335184662163e-01
2.750418249657910486e-01
1.142969910465855971e-01
1.989393991440952525e-01
9.872958224284709983e-02
2.407839642414018599e-01
2.149083678398697461e-01
2.060351894060140354e-01
5.549630650104279139e-01
1.776257590962528887e-01
3.487051105760257674e-01
2.632002348835153493e-01
3.881507640112636937e-01
2.797288705738982806e-01
4.034297521452107071e-01
2.680213268393292769e-01
4.109857627579553419e-01
4.581183265921293102e-01
3.632186315418198808e-01
3.924456513700113613e-01
4.939942631030457276e-01
3.262367623815740081e-01
3.387467804357084389e-01
5.571150012682833941e-01
3.631521499449089085e-01
5.367173425003225473e-01
2.333807918283678784e-01
3.593745887721657151e-01
3.708544785264517030e-01
4.884115500536586607e-01
4.041659756136307680e-01
1.060022879857282635e-01
4.019921573814229654e-01
5.319422441001588897e-01
3.342603549665855156e-01
3.140661059707642311e-01
1.985310789208229454e-01
4.920545941365453424e-01
6.408619065647351842e-01
2.958998645672184513e-01
2.673735082061675650e-01
5.399989171049247583e-01
3.076356019004074516e-01
3.688919453570018714e-01
2.775095669464223702e-01
5.192203991464753310e-01
3.752326865181480064e-01
3.464553396726218204e-01
3.992065695528407288e-01
3.894562150405161960e-01
4.679267918270479387e-01
3.364279725819480649e-01
5.365392483450436290e-01
8.941364758656117351e-02
4.745686278368925759e-01
5.664412210532854264e-01
3.907546693800318938e-01
2.669238017549722675e-01
2.910145352769134552e-01
1.606703811474558818e-01
3.516086377624154657e-01
3.706803729468537423e-01
3.760871626181312988e-01
2.432836029783734810e-01
4.467024100619782501e-01
2.997786679391954978e-01
4.158011073772321375e-01
2.668051461498354149e-01
2.640721236618249201e-01
3.663345327654661809e-01
4.316739181800220426e-01
3.583113740240699285e-01
7.670666494685611514e-02
5.174502932901148267e-01
3.354676548544082704e-01
4.041293131257132631e-01
2.282472905819333264e-01
5.431970839752487956e-01
4.087995314429501703e-01
4.620110638901664402e-01
5.205085652390888384e-01
3.437203240401057736e-01
1.619769311294022296e-01
2.926169860411611534e-01
3.765758218648775912e-01
7.869668586154993095e-02
6.038583346218938663e-01
5.164103048703051480e-01
4.074585885967525467e-01
2.731901132709151914e-01
3.210409694447869389e-01
1.871010588352922110e-01
4.334358758005475987e-01
4.117919132109621461e-01
2.941179393306792567e-01
3.280337992830339444e-01
5.382456856240436238e-01
2.725683216167854583e-01
4.014502822365611512e-01
4.324800942021542194e-01
4.223316638509761467e-01
3.404250668352368780e-01
3.096793846036497988e-01
4.569393242944303629e-02
1.914612262499368334e-01
3.014516865791970757e-01
2.838209688874038794e-01
2.867957495347143171e-01
4.495771044216133605e-01
2.300271156162468078e-01
3.367279740906876095e-01
5.366066639426079199e-01
5.636358082137304937e-01
4.144779167798187114e-01
3.030387807969816549e-01
6.175599997377460154e-02
1.064206355676721311e-01
5.238277387228711390e-01
4.415294538881035513e-01
2.508645302880471162e-01
4.670570758007588363e-01
3.860627429792831689e-01
4.120516219356772925e-01
5.431970839752487956e-01
3.131040038093032551e-01
5.104380571093382057e-01
5.051191701414298185e-01
5.342730482391849778e-01
3.940827864449638618e-01
1.781319234235712312e-01
1.690431999651531569e-01
2.745848284035542486e-01
6.113143496861764836e-01
3.017947203023212399e-01
1.989594398296012923e-01
3.848155731334606533e-01
3.499996963900224300e-01
2.668901451983804463e-01
5.330596105139955299e-01
5.092546136312572358e-01
5.875440673605474284e-01
5.367173425003225473e-01
4.444885265693861442e-01
1.599544401278981398e-01
4.031596349155525116e-01
4.643499184579257810e-01
4.343506811085404706e-01
4.286668524582720186e-01
5.367173425003225473e-01
2.643398198279157119e-01
2.920503014649695750e-01
1.254269779218189496e-01
3.783339321635491026e-01
1.663941492912723585e-01
4.126695670994691700e-01
1.668976810380714826e-01
4.250551717140366725e-01
4.106820375114678123e-01
3.410663320807746923e-01
5.000442201133348252e-01
4.902644158931209195e-01
4.117212853620970670e-01
4.601434548514316547e-01
3.687650723962399568e-01
4.447276119235671343e-01
4.309062509237512328e-01
5.255562240715988542e-01
4.125023535424972021e-01
6.045505878216340667e-01
4.025519823641231509e-01
5.503216301486668627e-01
6.022282961225703390e-01
4.118547532862965599e-01
4.318560027818934000e-01
4.909998093004218078e-01
4.349586842480182569e-01
6.045114289139870145e-01
3.977521924000613773e-01
3.108493777863227669e-01
5.614428064853541622e-01
4.395894842245310352e-01
4.982305675418959856e-01
4.244170239269446365e-01
2.746886036092336947e-01
5.187632537428257251e-01
2.902288457369489594e-01
1.668089900572758133e-01
4.181409853336441329e-01
4.108144381845312831e-01
5.051191701414298185e-01
5.353603262366952720e-01
2.717629858418467714e-01
1.624743232718625918e-01
4.924372420224759073e-01
5.367173425003225473e-01
3.692857602985952781e-01
5.140288237641627012e-01
5.331215534872112416e-01
2.921326848751394367e-01
2.789391646024577676e-01
2.949584891961279931e-01
2.321604096950273255e-01
4.229502572856421172e-01
3.328984096823729977e-01
4.036528844439424835e-01
3.685169324534868784e-01
4.011912288506084279e-01
2.700969440391309817e-01
5.132951112670069982e-01
3.171252592230477396e-01
2.415290980303207158e-01
3.395238958995668854e-01
2.012477896580521508e-01
2.397376714730919678e-01
2.570514543469505364e-01
4.462868239455758945e-01
4.164386654114078379e-01
5.386202903570082023e-01
5.024492674300400363e-01
3.334078552768428017e-01
3.328984096823729977e-01
3.897381545606600217e-01
1.728583775828576585e-01
6.014479332758485564e-01
2.135920267538128081e-01
3.283682448982150337e-01
3.226344701836337814e-01
3.748498502937817056e-01
2.529213714346539299e-01
4.011232257867975437e-01
4.802984073236627460e-01
5.187632537428257251e-01
1.397475017779978568e-01
4.975819711292007175e-01
3.131040038093032551e-01
4.401437146618092378e-01
3.981669607202095729e-01
5.086905371058548786e-01
6.263137502437569060e-01
4.522504658249393850e-01
5.664412210532854264e-01
2.496422152951307538e-01
5.008903961218239553e-01
3.890022007113913549e-01
4.378445575124230715e-01
1.486958529207859647e-01
4.299007165885784243e-01
1.968074550319833804e-01
2.762328616425949179e-01
1.228675580500009912e-01
3.555004343037295733e-01
3.460744580311939100e-01
4.796506734012213058e-01
2.396638748196513180e-01
3.447959844040731081e-01
3.614759565757783011e-01
4.580331167542091575e-01
4.133075337199533239e-01
3.934270285983703097e-01
4.498892362976175674e-01
2.436026792625287929e-01
3.339406530703745712e-01
6.665627192331792517e-02
4.343544323902650550e-01
3.969810649967009941e-01
5.223540203976501095e-01
3.790918548806205268e-01
4.337356775375025841e-01
3.787810536385317062e-01
2.535821434283112019e-01
1.357680472069777711e-01
1.645569984857261914e-01
3.881052094962054166e-01
2.939572930892287439e-01
1.447966224161151561e-01
4.725035854452884765e-01
3.756726452080184075e-01
2.956308355844821101e-01
2.668051461498354149e-01
3.752486827085038112e-01
1.648508015603506460e-01
3.805666378584891540e-01
1.552536571433897339e-01
4.837200743347296883e-01
4.152792729178764186e-01
4.372221338019866010e-01
4.666231193071631589e-01
5.259970073137930635e-01
3.691582788758008271e-01
5.545836104588030002e-01
4.027632003858816478e-01
4.172341387797155465e-01
5.599614795783592891e-01
1.790157680546677621e-01
4.630416440151694513e-01
3.160889226148285713e-01
4.255970978932097082e-01
4.213111778138255437e-01
5.568660128671136800e-01
1.198310595625056707e-01
3.702745395808739182e-01
1.424865436123061435e-01
1.569541830692677553e-01
3.829688858756624126e-01
3.762872628515661622e-01
4.218279470918063767e-01
2.150165965427660308e-01
3.272653908339456241e-01
4.238332252907082154e-01
4.047945207389874733e-01
8.391033425907853949e-02
5.624788973805148196e-01
3.783339321635491026e-01
4.291725559176962634e-01
5.304443492314311337e-01
9.016064012616802070e-02
4.673116857716295147e-01
4.314649513846322004e-01
1.834615633520386424e-01
3.254403039783018148e-01
3.746604066689577239e-01
4.374774326840891736e-01
4.623620359952061998e-01
5.350211428496716159e-01
3.126643001870495486e-01
1.501412195553556705e-01
5.766987139103022519e-01
2.660921533751619550e-01
4.313180687123454038e-01
4.724604740289788385e-01
5.805622344289459447e-01
3.761416379515813424e-01
1.111390930541931721e-01
5.237663029745817100e-01
6.095155020540932167e-01
1.348719825087986712e-01
3.783339321635491026e-01
3.764274095144676813e-01
5.045976978074108166e-01
1.262408311258175764e-01
6.306330680702929570e-01
5.228650815242982253e-01
5.502782651198940833e-01
4.798059765269827581e-01
1.749340754397377962e-01
3.501467675046845418e-01
5.068153697920807499e-01
3.459360449757813982e-01
5.499406722156210403e-01
6.326859654391581156e-01
5.068153697920807499e-01
5.132951112670069982e-01
2.443203338292454230e-01
2.568981249290017699e-01
4.131624923365128099e-01
1.912484929976504822e-01
5.087418574586873854e-01
2.561181453073421710e-01
3.616913183549420596e-01
6.306330680702929570e-01
2.932376555640808791e-01
4.095654876466108818e-01
3.186994662898200437e-01
3.131919205445095611e-01
4.573628364759135256e-01
5.060400340848644207e-01
3.969810649967009941e-01
6.468868585294914597e-01
3.944362093402777880e-01
3.477778478030545406e-01
3.541597005838745815e-01
3.586849362435077238e-01
5.603487732496447160e-01
6.127027731509384623e-01
3.083568559971288647e-01
5.420120254846871877e-01
3.170161279092374995e-01
1.627913081886526170e-01
6.208332448359658862e-02
5.103455197421443712e-01
4.135101798483360458e-01
3.808259507814584777e-01
1.447906029658778126e-01
6.341341237856737978e-01
3.847183661787585418e-01
1.852802602130060872e-01
2.855037369517628987e-01
2.949316155256513916e-01
5.114233999427409971e-01
4.850236752402755092e-01
4.257377430501166904e-01
3.434450459007618028e-01
3.220120966759922876e-01
1.596785409498380215e-01
4.205209876920352752e-01
1.936650997417595499e-01
2.005198393607869334e-01
3.808722629117806679e-01
3.045903193789472607e-01
6.219254905715380088e-01
5.347787005603583665e-01
4.497926466917780836e-02
3.243981377134345645e-01
4.054445981861038995e-01
3.134503772135970867e-01
1.897197565667324559e-01
4.278979495688200463e-01
5.472698211599221763e-01
4.150950858271096333e-01
1.553897780202571355e-01
2.880270741103844734e-01
3.717104692333256244e-01
1.692399217479721996e-01
4.056422888932596504e-01
3.805666378584891540e-01
5.276262385147553191e-01
4.569581552796689872e-01
5.431970839752487956e-01
6.127027731509384623e-01
7.943821887318953945e-02
3.511698315540990323e-01
2.300473463032211563e-01
4.110680470098097006e-01
5.254547489438691210e-01
1.926782559175450604e-01
5.068153697920807499e-01
4.165134954316963567e-01
2.902149884143255254e-01
4.101579099381111315e-01
1.763645058593202863e-01
2.044589024052252124e-01
5.499996722448686759e-01
4.675944654350273066e-01
4.793899986624764464e-01
4.955305801560030421e-01
3.592589947060052524e-01
3.006271505738249417e-01
4.004132622259053975e-01
5.132951112670069982e-01
2.774995578811088048e-01
4.851162126074694547e-01
2.891253963070283262e-01
6.066541098240602753e-02
5.068153697920807499e-01
2.566958165001653192e-01
3.675649568090130215e-01
2.249326813949112103e-01
3.294445728658097483e-01
4.527274233510595880e-01
2.981133723183948536e-01
5.897747716997587819e-01
2.553652333073297420e-01
4.184980543238741024e-01
5.770721815447640290e-01
5.122835122678994768e-01
4.385340733605937458e-01
4.200214994009910385e-01
2.979768325652050742e-01
2.563289037084809374e-01
3.162738529772036178e-01
3.480696799762337257e-01
4.297734597791171840e-01
3.123843638935461242e-01
4.052264085240363523e-01
2.463946705979267737e-01
3.328984096823729977e-01
4.430969854382993955e-01
4.049565650711109410e-01
3.886928206345520165e-01
1.666417123696112834e-01
3.882332027172656908e-01
5.556307594809947181e-01
5.820495095875973801e-01
3.815306660195166844e-01
2.576170100358624593e-01
3.725314252493253653e-01
2.296360763799111249e-01
3.442674775463269166e-01
3.774142543780775183e-01
1.344906982056157385e-01
2.519601371683025670e-01
3.638276836390756941e-01
4.504603811270956881e-01
2.919916387195100049e-01
5.467967412020604545e-01
2.522742138569289971e-01
3.946964102186867884e-01
4.708986447055623081e-01
3.087706650593170510e-01
4.484041852371163928e-01
2.715736874205519347e-01
2.038014221766123735e-01
5.541421829993765646e-01
3.337712971117260397e-01
3.789747774933691638e-01
3.906690209172778983e-01
1.229909614051756805e-01
3.622003388367174836e-01
3.661262713037546357e-01
3.530093746319616366e-01
2.949780516558377363e-01
1.745673612765030469e-01
5.583152829508858384e-01
4.800237044376701873e-02
4.304876726999812275e-01
4.649181110928173322e-01
5.068153697920807499e-01
3.174344481550839259e-01
6.038583346218938663e-01
1.435238186905785640e-01
1.477176205909097595e-01
2.096884304768919238e-01
4.410324003806452287e-01
2.591447107093233226e-01
5.140288237641627012e-01
2.807174546577319574e-01
3.744444747814494878e-01
1.464052149674317793e-01
3.874728002107900582e-01
4.236036979042628325e-01
4.851188158770400882e-01
1.596750759175903089e-01
3.328984096823729977e-01
3.364055547992975681e-01
5.649933292077351510e-01
3.682958833108971874e-01
4.086824047883596545e-01
8.866654227255985066e-02
2.266148219763030047e-01
1.668638740809738341e-01
5.431970839752487956e-01
4.722814241496840482e-01
4.876502014895437997e-01
5.319422441001588897e-01
5.207142609534015643e-01
4.797195900935367630e-01
4.349407560296029152e-01
1.995215172859446107e-01
6.239120820013047686e-01
2.979768325652050742e-01
1.767902769067278834e-01
1.840143038160957645e-01
5.006079284849074273e-01
3.999907355471146175e-01
1.771071940549416857e-01
5.878411271725932918e-01
2.541863645199623489e-01
4.232910746021415482e-01
3.855146818730504354e-01
2.234008685616634404e-01
5.321405488820819540e-01
4.547163119484690652e-01
4.710317653677784100e-01
3.516674775169016387e-01
1.773385739557029883e-01
5.426930275416815830e-01
5.620427586764010774e-01
3.219016655983082953e-01
2.945098653791197729e-01
2.737599499174173667e-01
2.233687894953803876e-01
2.975392974334509222e-01
5.438679833174093758e-01
3.961566621378720399e-01
3.019566248357714033e-01
5.019532856431175860e-01
3.873580829785391311e-01
3.123735839087082300e-01
7.288024367005219162e-02
5.978480342856805629e-01
3.740802544394559725e-01
1.402512129244327943e-01
5.523442417200304932e-01
3.136005716073188565e-01
2.555649469896373871e-01
3.628507777855334293e-01
1.558621648053659936e-01
3.219871997275748354e-01
3.270456784577037146e-01
2.945014601008170696e-01
3.925337230790629794e-01
1.757210204653344710e-01
4.403285370310083824e-01
2.863378694864378571e-01
3.062702049921470770e-01
2.590526555176279611e-01
3.068159294337141074e-01
5.805346067810890354e-01
2.216720857379891885e-01
1.453807981449812270e-01
5.713015089192206020e-01
3.090420673973745536e-01
3.359255896788191920e-01
2.844945152576789926e-01
3.903108255343170629e-01
8.679010606495360380e-02
4.814935252902119434e-01
5.395596985684766311e-01
1.537431351803639212e-01
3.535530436692421730e-01
4.184094423371243487e-01
1.877122526066477837e-01
4.390376892984154678e-01
4.140842866427169033e-01
2.045896587548595436e-01
3.528144390500357885e-01
4.338615722193697177e-01
3.301232369069245220e-01
2.413215015737482649e-01
4.510515131132197819e-01
5.535529210933496369e-01
3.661984005591895630e-01
2.945826319917776437e-01
4.148285834065678079e-01
4.421579707419070471e-01
5.525382076500429118e-01
2.605700141035081074e-01
2.509344253631968780e-01
2.835490834383919134e-01
4.117253699779074849e-01
4.071444917438565847e-01
3.023070628994850573e-01
3.980432622806976406e-01
4.270924597554918711e-01
4.167577229864470323e-01
4.015578586149415319e-01
2.864925769347294593e-01
3.861473879058355818e-01
2.967513356713318284e-01
5.187276423954164661e-01
4.156850642922844674e-01
2.853886538523520144e-01
5.551863811781955205e-01
5.641750209474266642e-01
3.980988327210787103e-01
5.321405488820819540e-01
3.345513420074130995e-01
1.767902769067278834e-01
4.297733119770996701e-01
3.489242493099790621e-01
4.071331553706927231e-01
4.170797512573097832e-01
6.122980118173131370e-01
4.081986260224362839e-01
4.667136104167495803e-01
4.341267731090657778e-01
3.470489238002339993e-01
4.679267918270479387e-01
2.867732424680040082e-01
2.976134855231769571e-01
2.554618888628035767e-01
5.344451528788122241e-01
4.000893313418711905e-01
5.338789993297002878e-01
5.051554649952153531e-01
2.786580424628100072e-01
5.122835122678994768e-01
2.404434283931607408e-01
4.087865523054501904e-01
3.830397632833488220e-01
1.780638837730443569e-01
3.062702049921470770e-01
5.662745797873881548e-01
2.018336536767703360e-01
5.952135834784547663e-01
3.671086039443108850e-01
3.256609525379272063e-01
4.439420532434760758e-01
4.473420095725428869e-01
2.280933425158777061e-01
1.302770335642608190e-01
4.820252688250494799e-01
6.143658662930118197e-01
2.943357514843590872e-01
1.957249581491012913e-01
2.698489239386607230e-01
4.080902266508250054e-01
3.601725691620354941e-01
3.377289810276348225e-01
4.053050059366772317e-01
2.844020269499451525e-01
3.787509353915591293e-01
2.593110292429673391e-01
1.480011455007669285e-01
6.083409143282556553e-01
2.239012699615145763e-01
2.292950341382599400e-01
4.103244942451437782e-01
1.840211900181078220e-01
3.881507640112636937e-01
6.468868585294914597e-01
3.582327734932430063e-01
2.825349798083316433e-01
4.577195246316906330e-01
2.534799604723543820e-01
4.489519235071562919e-01
4.886423438393872609e-01
1.845747931802978470e-01
2.118705470336218477e-01
2.503730478356760436e-01
4.960629019064686784e-01
5.766804617123592047e-01
3.779192588441350198e-01
4.117212853620970670e-01
2.984955164094036939e-01
4.219598562348131909e-01
3.269976276268553583e-01
4.165600617981189413e-01
4.121462941169617422e-01
1.862400972202007676e-01
3.536781897785848394e-01
4.624600715558740416e-01
3.030387807969816549e-01
1.515660025242933084e-01
5.947631275192791778e-01
1.730194807425000092e-01
3.900874991804750835e-01
4.812961409968026238e-01
5.214271874146523267e-01
1.662906994163346197e-01
3.571225857672673532e-01
5.255574626150869566e-01
2.741476863711180267e-01
1.543846606904950847e-01
3.644586917156320549e-01
6.848602639161877059e-02
2.595420487853639657e-01
3.008778524182140757e-01
3.657911054915419236e-01
3.280337992830339444e-01
2.232324584527750622e-01
5.407527897141111151e-01
4.139101864679747278e-01
1.615682285125840389e-01
2.221263280065123025e-01
2.189583478793138416e-01
2.178231880566375567e-01
4.296365783766789015e-01
4.415738516600870023e-01
4.578194456555067515e-01
2.995811634916847876e-01
5.296266683501503758e-01
3.067966828462484474e-01
3.830730343282087169e-01
2.260700560651192903e-01
2.769365070310287891e-01
2.054306224035934714e-01
5.122835122678994768e-01
2.105911673655824212e-01
4.338615722193697177e-01
5.664412210532854264e-01
3.006220560815013876e-01
3.160557621616329471e-01
4.102896830242678261e-01
3.043786657466013845e-01
2.945826319917776437e-01
7.296052479920568656e-02
1.569791147334895776e-01
3.280337992830339444e-01
5.027800545815004352e-01
6.408619065647351842e-01
5.877423721424706038e-01
3.198064244065927375e-01
3.059659814595331317e-01
2.219575674135149945e-01
2.484768180068362697e-01
4.787424507918009997e-01
2.353215439487529592e-01
2.875941370557390520e-01
3.921377397509095419e-01
1.735413641573763099e-01
3.132962736539984805e-01
5.431970839752487956e-01
3.916307736340252643e-01
3.296037372413228583e-01
5.638414848031688686e-01
4.104907779590438732e-01
4.147574278566881767e-01
5.560136057874958126e-01
2.434252591551284706e-01
5.051191701414298185e-01
4.150541860362061408e-01
6.387109174039142800e-01
3.816816916176924979e-01
4.572559657430300128e-01
3.870774529925852803e-01
6.241533265953668197e-01
4.680037336907899581e-01
1.767580453611483360e-01
2.545474745753379398e-01
6.306330680702929570e-01
3.514395539174671734e-01
4.080998250510394221e-01
3.606959714453233379e-01
3.074715847959270665e-01
3.490756105289104516e-01
4.473518236472904808e-01
3.083729601806606269e-01
1.784852841630437670e-01
3.888804254650785053e-01
1.878589521374755267e-01
1.688286122236996867e-01
5.091625342216504757e-01
1.947830750333868766e-01
4.979802535998480439e-01
2.932240467608834278e-01
3.552912904993132392e-01
4.224075372163077491e-01
6.404071170545652114e-01
5.129843100249181775e-01
5.574579416537059906e-01
4.572709559026354453e-01
5.745271883763372056e-01
4.015780692415857889e-01
2.722606743159188269e-01
3.900025384856181110e-01
4.087024868418002721e-01
2.360500056285258497e-01
1.332498757392606148e-01
2.400180893184568065e-01
4.036454875869994741e-01
1.536216850569137315e-01
3.847697347595347983e-01
4.606111124916792976e-01
3.882953520104565626e-01
3.605548497256526042e-01
3.676117107862946209e-01
3.676294054525768851e-01
3.582268896840976602e-01
3.695958968473636586e-01
4.051895068712508818e-01
3.470040236884823215e-01
3.847183661787585418e-01
3.967633257046345729e-01
5.751851800394276043e-02
4.299891761999712347e-01
3.977622705851651119e-01
3.962496330368626141e-01
1.467135779959301278e-01
1.673102591443574594e-01
5.407527897141111151e-01
5.338957325552923239e-01
2.375677767504167370e-01
3.923388618139039830e-01
4.499435392993200722e-01
3.481021920546157333e-01
6.296867818680357276e-01
5.082108239348070988e-01
1.532690840114958042e-01
3.370587131181437268e-01
4.058967891039823583e-01
2.352493387135186353e-01
5.551863811781955205e-01
3.083729601806606269e-01
5.895252593393977003e-01
2.443897430910129120e-01
3.838657730473746810e-01
6.306330680702929570e-01
3.909393988272875653e-01
4.197328275093456518e-01
3.766405335794021925e-01
4.514093173717139140e-01
4.381434255605434203e-01
5.635990815951203992e-01
3.894499694178527038e-01
3.871805704688930372e-01
4.019561775683652693e-01
5.649933292077351510e-01
1.398514323732807374e-01
3.034406499091316101e-01
4.034823085469824711e-01
4.528522299938839146e-01
3.280337992830339444e-01
5.630903813510494960e-01
4.894980811416770883e-01
4.385315226844273551e-01
1.386140817991825813e-01
4.345183186348719473e-01
3.996901849258165940e-01
4.601434548514316547e-01
3.748348024477348717e-01
5.087418574586873854e-01
4.357389387897455668e-01
2.914351298237051191e-01
3.800027216078483705e-01
4.253762613069671517e-01
6.468868585294914597e-01
4.961505382128119646e-01
2.729878762485386523e-01
1.788259105426190654e-01
4.262370567227436458e-01
2.804345156550284157e-01
5.702189724353760036e-01
2.240426717982296478e-01
9.121329565699633213e-02
5.980235507405141648e-01
5.499204960969020783e-01
1.516867120785631851e-01
5.664412210532854264e-01
5.049086137987452982e-01
2.806096294481069675e-01
5.875440673605474284e-01
3.816098475723391226e-01
2.612129149415542417e-01
5.132951112670069982e-01
5.260241916595370659e-01
3.707030649219951735e-01
2.432966692172030265e-01
2.923311995109818540e-01
4.163378654748915442e-01
4.326154514352647529e-01
2.929942513143797278e-01
5.955528410783056392e-01
3.982006533438197105e-01
4.464686221940308841e-01
5.141780792720730409e-01
5.297414242479079327e-01
2.522006667623096221e-01
5.123326241135117698e-01
3.021404689260757115e-01
4.229420419048682267e-01
3.760274062208940893e-01
2.324875619770413460e-01
5.925645574382435443e-01
2.226652973138197322e-01
6.299045168985812904e-01
5.618644274350449441e-01
3.285994398905451863e-01
2.725424818328543441e-01
2.567246903830358584e-01
4.054563092612880615e-01
5.503216301486668627e-01
2.518601972274912559e-01
2.383219675185169473e-01
3.178164784323029846e-01
3.308737813722295584e-01
1.624029682620170556e-01
3.387467804357084389e-01
3.934739820356177864e-01
3.802555576426908668e-01
2.520071283356009606e-01
3.280337992830339444e-01
3.962334125449922251e-01
2.620388597433713218e-01
3.835726411103217992e-01
4.757485405929403055e-01
4.182756652967505318e-01
3.710692618821083144e-01
5.304443492314311337e-01
4.184560068326353410e-01
3.093072873080053298e-01
5.367173425003225473e-01
2.737522353173186263e-01
5.595965335305387311e-01
2.663531057364023624e-01
2.349346792359246483e-01
1.529333953834266235e-01
3.696174277139698261e-01
2.952692349345056311e-01
5.794801888515207500e-01
3.260708514987826767e-01
2.336288474761588074e-01
4.554017746745082085e-01
2.247372541789891820e-01
1.908541903717631827e-01
3.237019823117662232e-01
3.280337992830339444e-01
4.057916106106532750e-01
3.909067351011252800e-01
4.279115041155807098e-01
3.062702049921470770e-01
1.558807676952970733e-01
3.888804254650785053e-01
3.118079766657874674e-01
2.702996502965341469e-02
3.092686548540983793e-01
2.228216423294708259e-01
2.491619457357570344e-01
3.484330864716753684e-01
5.811852956005448823e-01
3.389696389577074864e-01
5.791039819945777989e-01
2.574006759023573232e-01
3.750585574482153683e-01
5.140288237641627012e-01
6.468868585294914597e-01
4.390066554480871464e-01
2.937971093787049015e-01
5.923191657607110860e-01
2.558346170714199119e-01
5.125764943241443161e-01
3.819788483013841218e-01
4.317530897546492108e-01
3.062702049921470770e-01
3.658430466752114474e-01
5.909328765903419933e-01
3.838184822223995596e-01
3.387467804357084389e-01
7.131414658936624518e-02
4.409683624021805137e-01
2.744599273836329512e-01
4.751014624250193830e-01
1.693101853927098388e-01
4.217582217499157293e-01
2.967030803914199599e-01
1.774966401060989740e-01
3.721706761759516202e-01
2.456485460573690494e-01
1.523074967664866941e-01
1.844320100911143456e-01
3.902350276290871833e-01
3.662332673877162215e-01
5.987989072356373343e-01
3.078544639473209665e-01
2.516736994569422903e-01
6.260562744520524747e-01
2.212417973744908173e-01
5.401619356623011958e-01
3.461303356128982434e-01
4.165136606955555099e-01
4.911468563011119892e-01
6.041621097593576906e-01
2.830216351008608133e-01
4.095108027710601672e-01
4.072236715297068987e-01
4.421567606778512571e-01
3.650324229764763118e-01
5.970510366441055261e-01
3.662938648636632211e-01
6.423100649112508664e-01
3.083370801495556868e-01
3.387467804357084389e-01
3.100865811366191327e-01
5.039327322693114564e-01
4.328564592550681045e-01
2.815743989058915320e-01
4.202604545189357887e-01
5.270442949913232145e-01
2.722413480068305303e-01
1.810570509081758928e-01
3.280200598278421587e-01
3.801319465123875196e-01
4.223960608365915359e-01
1.512848088742460850e-01
4.572709559026354453e-01
3.850095166125336865e-01
1.826419341241914962e-01
3.195970964213219467e-01
3.153074573854082741e-01
3.429326632868774372e-01
3.969810649967009941e-01
1.737076804043505840e-01
4.840760813747399527e-01
1.777421057885796296e-01
2.949263879907241814e-01
5.830190698263868487e-01
7.959178194721092114e-02
1.384678482292861224e-01
3.490976263773826749e-01
3.465770318712469433e-01
3.912898685925590980e-01
5.693439650552858389e-01
3.754101990277941558e-01
4.363583181112287712e-01
4.003904982206668572e-01
3.869584610391161306e-01
2.927327292605529929e-01
3.946964102186867884e-01
1.429660126293883504e-01
4.380508881933494747e-01
3.058814672889145769e-01
4.972323853696665186e-01
3.383968499087396942e-01
3.648272236254086059e-02
2.308384194952929902e-01
3.844477916151504138e-01
3.569986487865246527e-01
3.429154129621033720e-01
5.068153697920807499e-01
5.164103048703051480e-01
6.143658662930118197e-01
1.801293234215477213e-01
5.633357730285819542e-01
5.290055207053737663e-01
5.708513734056286371e-01
2.352412742529482181e-01
3.328984096823729977e-01
4.135757324336913898e-01
2.419065333486170311e-01
3.996198660891863153e-01
4.178735186660446077e-01
3.046881274159750075e-01
4.159870502146086890e-01
3.648797663591316631e-01
4.817690509095865492e-01
3.840718811937586241e-01
5.431970839752487956e-01
2.628591162463066455e-01
4.354194351062261048e-01
2.618314888355878223e-01
4.347397785465004216e-01
3.817537936409694521e-01
1.397612578635151204e-01
6.241533265953668197e-01
1.676872789123965424e-01
3.407165575670466073e-01
3.865313753644814554e-01
3.594248235805042047e-01
1.298101405032259237e-01
4.601434548514316547e-01
1.905223279658226632e-01
4.468028275010091366e-01
3.419868409667607967e-01
1.709555496723942913e-01
2.138013024574979271e-01
3.943991933540048622e-01
5.431970839752487956e-01
2.877463157591059750e-01
5.132951112670069982e-01
2.597581786776845814e-01
5.123979412758223884e-01
4.385340733605937458e-01
4.180857411594605111e-01
4.332728562037758691e-01
4.361188998387200977e-01
2.208640218620994411e-01
3.131040038093032551e-01
4.476942721908377942e-01
5.328703260205982506e-01
2.857594618820156751e-01
3.901865086545773242e-01
5.132951112670069982e-01
3.312130173526574572e-01
6.035016208969913309e-01
3.855251676050673315e-01
4.563072283347405222e-01
6.287050981219908241e-01
5.431970839752487956e-01
1.956368243881478619e-01
1.857329739467409591e-01
7.578756475337543319e-02
3.023033281441463993e-01
5.367512145235685539e-01
1.684356132074488477e-01
3.164437162647179558e-01
1.858652190223219480e-01
4.677326636474228860e-01
4.027555658192242261e-01
4.073783948807472299e-01
4.512579597906662410e-01
6.142688032425946271e-02
3.328984096823729977e-01
1.745559843669209632e-01
5.660762750054649795e-01
4.275106026804931236e-01
4.957003851334387812e-01
2.467051984790409602e-01
4.014682368556181657e-01
3.855126278199779155e-01
4.254960532830301401e-01
5.324318371396793426e-01
2.553112609372851782e-01
5.091625342216504757e-01
2.409758138585607889e-01
4.015578586149415319e-01
1.546182360020952606e-01
5.399989171049247583e-01
4.410524910610671423e-01
2.821591134573023241e-01
4.113949010893004354e-01
3.675447920197033036e-01
5.132951112670069982e-01
4.078832153738294330e-01
2.129510133537660943e-01
3.637939661739169050e-01
3.794763528902577732e-01
4.295499794908252400e-01
3.062702049921470770e-01
2.583887751082644679e-01
3.032247911950553543e-01
5.300042515744036731e-01
1.195693116480714135e-01
2.401842675337297894e-01
2.118705470336218477e-01
4.316294123109231107e-01
4.451403946867957817e-01
2.194018518427522380e-01
4.023157813320129561e-01
1.823618765332517822e-01
1.388141255934504381e-01
2.354432233628153681e-01
5.661778615563752837e-01
5.114233999427409971e-01
1.326185560519810569e-01
1.780551396518605667e-01
5.816489751630046223e-01
5.431970839752487956e-01
1.781341261101775097e-01
5.041043574358681223e-01
5.598219371159693925e-01
3.996901849258165940e-01
2.646633317316879896e-01
3.062702049921470770e-01
5.319422441001588897e-01
5.227022234495624087e-01
5.455981574756868513e-01
7.491432642415532528e-02
2.024627064428115575e-01
2.631636934851550591e-01
5.205085652390888384e-01
2.306187834106691037e-01
5.132951112670069982e-01
4.236036979042628325e-01
3.858302042566563728e-01
1.486783620799300432e-01
5.635990815951203992e-01
2.408480364159732712e-01
4.104948238054080267e-01
2.790716321086417206e-01
2.207807230564529377e-01
3.624111225991026308e-01
2.163785462963785100e-01
5.040740622838084661e-01
5.083187788609706548e-01
2.586095957917582400e-01
3.245636552890289184e-01
4.181055889331912745e-01
1.962381296640493822e-01
3.366290395569894733e-01
3.823412195590663032e-01
4.407780790498607160e-01
5.230279793039360747e-01
3.005363990957056197e-01
3.434832143685886408e-01
5.122835122678994768e-01
3.515807640896814190e-01
4.140842866427169033e-01
3.393683761638164320e-01
5.229135090320180534e-01
4.637799392063828852e-01
1.453807981449812270e-01
2.029979781011939932e-01
2.805542835171194738e-01
3.400656167981601086e-01
2.842811416339231512e-01
1.997584240674912248e-01
3.458210111437096668e-01
2.987805593561561612e-01
4.886824289522225806e-01
2.659570340596449922e-01
1.299818244995588068e-01
5.450599014014623211e-01
5.319422441001588897e-01
3.809806633227872941e-01
6.343821650898090470e-01
5.367173425003225473e-01
1.422562658863642804e-01
3.159939059779282022e-01
3.482232932530500702e-01
6.020054462275525875e-01
4.224589121373956146e-01
4.260816969499360840e-01
3.966555653532788939e-01
3.596761726563720840e-01
2.667846450121933999e-01
2.857543289320645385e-01
2.744799616248879137e-01
5.132951112670069982e-01
2.116970744457864484e-01
4.734074613033934509e-01
3.454025339491667568e-01
3.045362165647874098e-01
2.822904799320016811e-01
1.917142197531734316e-01
3.960153053069752072e-01
5.706547624223529125e-01
3.280337992830339444e-01
5.618644274350449441e-01
4.127606631371439905e-01
3.703633725430731105e-01
1.410873703051711836e-01
3.805666378584891540e-01
2.340799000482599590e-01
1.277978100069365464e-01
2.792992958592409591e-01
4.150037333706041998e-01
3.783339321635491026e-01
1.622026977756253763e-01
3.489375557530718930e-01
4.314534469412418249e-01
1.853328554881635837e-01
4.444359266169496392e-01
2.144329588049283530e-01
4.198035811250469540e-01
2.937971093787049015e-01
4.313180687123454038e-01
4.833929850400733308e-01
5.367173425003225473e-01
5.099935085535822754e-01
3.795093842505520843e-01
3.456652656512911315e-01
2.110402176464989954e-01
3.726309184580191558e-01
2.558127945504810596e-01
4.232575626254416190e-01
3.083298620686112934e-01
4.096458553573962824e-01
6.341341237856737978e-01
4.582652237639810860e-02
4.061747522093707152e-01
3.319366920971881796e-01
5.367173425003225473e-01
8.441322605016629566e-02
3.381121177411941514e-01
3.172719142677549176e-01
6.468868585294914597e-01
1.849853580817482079e-01
3.257384226223814516e-01
4.039653652449625709e-01
3.707030649219951735e-01
2.634670561905477215e-01
1.275242229638121338e-01
4.197121179729377816e-01
4.922407587808875773e-01
4.406639633156935187e-01
4.999712296149205204e-01
5.064027418987578910e-01
4.227177789518846707e-01
5.649933292077351510e-01
2.813527323624693821e-01
3.786987552509007426e-01
3.654067772151637916e-01
3.524633640448572858e-01
6.071598455567098762e-01
1.582739468841820318e-01
5.122835122678994768e-01
4.003595608262261463e-01
9.629572215971746174e-02
6.134831359976602450e-01
4.758460905481049497e-01
3.155249282016581724e-01
2.383826727797608014e-01
4.191081577695171534e-01
5.791039819945777989e-01
6.097040796547192887e-01
3.062702049921470770e-01
5.813703895637465369e-01
3.484105263958026666e-01
5.122895344205646850e-01
4.003777888062577950e-01
5.027800545815004352e-01
3.232610376514755690e-01
2.188567821163104055e-01
4.859577989579520474e-01
4.307745605734636385e-01
2.931566693091282039e-01
3.508486122446299871e-01
5.431970839752487956e-01
2.934635726108098530e-01
6.404071170545652114e-01
3.898845204455833602e-01
3.783339321635491026e-01
8.046914459714342438e-02
2.302910569666688223e-01
