3.591045027243677801e-01
2.329679185857748414e-02
2.839327056535149718e-01
5.829143806803842587e-01
2.463946705979267737e-01
5.407748074334949306e-01
4.066645223618572946e-01
3.990735163473822511e-01
3.453660626060524597e-01
5.027800545815004352e-01
2.857818007745598354e-01
4.999152698170447606e-01
1.408842181991365738e-01
4.102626006432067429e-01
3.131516259935130386e-01
1.602581218237209004e-01
5.431970839752487956e-01
2.554618888628035767e-01
3.829688858756624126e-01
1.805261827520943940e-01
5.022546491755116582e-01
3.969810649967009941e-01
1.904930979861083618e-01
4.851162126074694547e-01
6.045918173087396763e-01
6.378627229936129073e-01
6.373517581149733546e-01
5.717263979357419812e-01
6.274560775288243741e-01
2.940556661415637540e-01
2.806004294481266870e-01
5.132951112670069982e-01
3.965263560396698472e-01
2.818302703908873719e-01
5.350211428496716159e-01
1.471229962364404564e-01
3.985599257482327351e-01
3.581727644189984239e-01
4.784599668363777036e-01
2.962853816000478591e-01
4.023997857831563829e-01
2.015562443612195498e-01
3.894486273505886054e-01
1.113191290078477669e-01
4.177104319243338248e-01
2.251247123865571242e-01
5.123375099991903658e-01
2.240832978124003283e-01
1.983479153226482550e-01
1.300668942269870287e-01
3.155607036695917689e-01
3.558422185697145967e-01
3.169357057341362638e-01
2.133966253148952275e-01
4.048635338871905964e-01
4.110705382325625656e-01
3.328984096823729977e-01
2.171401119901800458e-01
5.205085652390888384e-01
4.027632003858816478e-01
2.595404865741666733e-01
1.491796541376487206e-01
3.097920182640004905e-01
2.862726799618750539e-01
3.095793537157461306e-01
3.712706308014961931e-01
5.656421788171355214e-01
3.034052053846744701e-01
5.156205182417862298e-01
3.951465300374090717e-01
4.987534551166110663e-01
1.638785578106701779e-01
3.877842265452369208e-01
2.328144841369269025e-01
4.887069792622938391e-01
3.925337230790629794e-01
5.543116374927032908e-01
1.708237247204100751e-01
2.794556301691200062e-01
3.280337992830339444e-01
1.549596392257483191e-01
5.593999225472630066e-01
2.334012940054052410e-01
4.937217861341453018e-01
4.970148219432917736e-01
5.922156177668531640e-01
3.973908332016226064e-01
3.040621253791986334e-01
3.102731693345627262e-01
1.790751440332102318e-01
4.904733308226832400e-01
3.387467804357084389e-01
6.356320186544015538e-01
2.895534172295907149e-01
4.027608617463648288e-01
1.483014627778109773e-01
2.546327247417973227e-01
4.009163507745311383e-01
3.086131564405818484e-01
2.735805469555253056e-01
4.144168866035912724e-01
4.219598562348131909e-01
3.747611068235213172e-01
2.492545096075321487e-01
4.379045244911563550e-01
4.882812461528162062e-01
1.861328107291809475e-01
4.346785325918002263e-01
4.099313594838614461e-01
3.830582952865176360e-01
2.084827753282565144e-01
5.692718914075016734e-01
3.533270162387280311e-01
2.492940707611761564e-01
2.740568092301020053e-01
3.879890169462077432e-01
3.512098846535578467e-01
3.387467804357084389e-01
5.198482814494231885e-01
2.080856722595024466e-01
4.133369632635731095e-01
4.953394665346849690e-01
4.814935252902119434e-01
2.467128019677777284e-01
5.654920481383481912e-01
4.091701064401784271e-01
1.256241147351975784e-01
3.707030649219951735e-01
1.256861591533985634e-01
2.345661771048246080e-01
3.727326097799797955e-01
2.979768325652050742e-01
2.424777024999461295e-01
3.936489444927347425e-01
3.852131607683226266e-01
4.089743614811007233e-01
3.712704768670462285e-01
2.822904799320016811e-01
4.920545941365453424e-01
2.957543808171208544e-01
4.982758450580959120e-01
3.744092085132933456e-01
3.773196526677971563e-01
2.042043581241400896e-01
3.604015598047268232e-01
2.156308581934096025e-01
6.000956852383473317e-01
3.985064442846076305e-01
5.350211428496716159e-01
5.386202903570082023e-01
3.921653296687155343e-01
6.274560775288243741e-01
5.518355414759595901e-01
2.569881399955221135e-01
5.805346067810890354e-01
3.374266976303640364e-01
3.790918548806205268e-01
2.868628586145925419e-01
2.727170996264762781e-01
5.404170319662517930e-01
2.508701673447385483e-01
5.805346067810890354e-01
1.751222359310135313e-01
2.004379304345901835e-01
2.274167742075886844e-01
2.485030693913223843e-01
5.283996020732519838e-01
3.077079238597385524e-01
4.520104083242961202e-01
2.744599273836329512e-01
1.916538432526758706e-01
4.126918715880275590e-01
1.921598028191121021e-01
3.845869984567847344e-01
3.933891018938997508e-01
5.074311300429267257e-01
1.313222378777698096e-01
3.567043895212850813e-01
3.932916457961344037e-01
4.947899579665006042e-01
1.866762687692072875e-01
5.554231404695433305e-01
3.084727718600868696e-01
1.940188455772058618e-01
4.107794455891684016e-01
4.670368651741145793e-01
5.571193401201941509e-01
3.637397205468371753e-01
3.451220055121376751e-01
4.942570734873973914e-01
1.060935970994479338e-01
2.145554056045708979e-01
3.348239662586333099e-01
5.554458298461963928e-01
4.275124846096972075e-01
4.815733755899966329e-01
4.549517476737898192e-01
3.299796319678450218e-01
5.094854074169858915e-01
2.962097266116773264e-01
5.000767192512448750e-02
5.504589249186322419e-01
3.786211440165592190e-01
4.260816969499360840e-01
5.614428064853541622e-01
4.990503847963602690e-01
4.226639754835829210e-01
3.064809352256721575e-01
1.845817081735608434e-01
2.940068574875724372e-01
3.737997041751247584e-01
3.085547130075391720e-01
4.388236956753387985e-01
3.285630178147700420e-01
3.559469703912562788e-01
3.469808724045397863e-01
6.007367581957471225e-01
2.744804743586095608e-01
2.407545267983775272e-01
3.019299848213673476e-01
2.348014060944120518e-01
3.623490779730225708e-01
4.165136606955555099e-01
2.813464816467686758e-01
9.015959979537138680e-02
4.797195900935367630e-01
4.533605145837580341e-01
4.259043523026375122e-01
5.319422441001588897e-01
2.844945152576789926e-01
1.936650997417595499e-01
3.083729601806606269e-01
1.945032348839524916e-01
4.291659240557241239e-01
5.662745797873881548e-01
1.938055418008169106e-01
4.797195900935367630e-01
4.250534032868037992e-01
3.425699860312069189e-01
2.332265719604306453e-01
3.928003405606689813e-01
2.127786135258619427e-01
2.883511736882825027e-01
2.647050312333666944e-01
5.324987507092939776e-01
1.668232286301102874e-01
1.671443924358681221e-01
3.257580916201135990e-01
2.558127945504810596e-01
5.132951112670069982e-01
5.223540203976501095e-01
5.976169331507497073e-01
5.005045676341806499e-02
3.296299914321763613e-01
4.069191447015325092e-01
5.386202903570082023e-01
4.815512880232459270e-01
1.097032753446196413e-01
3.684654228267628673e-01
2.208037487814382971e-01
5.169177985842644540e-01
3.794887956997619050e-01
1.558724138670637693e-01
4.554110450415530531e-01
3.563733814983147119e-01
5.460278572296036748e-01
5.346675370207777389e-01
5.068153697920807499e-01
5.553846859601186958e-01
3.932916457961344037e-01
2.159335674309514896e-01
4.195543706050928190e-01
4.021473694561525369e-01
5.664412210532854264e-01
3.603562360354342076e-01
3.062702049921470770e-01
5.457851422029530442e-01
2.771526134330147273e-01
4.843095801868430583e-01
1.971346417179831723e-01
4.732275178559242068e-01
2.928818086948926647e-01
3.006591683157828765e-01
3.894486273505886054e-01
3.932778096771759047e-01
6.071598455567098762e-01
2.776864700585801593e-01
5.164103048703051480e-01
3.208764396065849067e-01
2.486252678794179938e-01
3.544497288864397744e-01
4.993590448320772701e-02
2.901966399683738596e-01
3.370111981995331241e-01
4.438129387227221501e-01
