1.430041654023455344e-01
4.015578586149415319e-01
2.864946459550949398e-01
3.900743177766418102e-01
5.635990815951203992e-01
4.837200743347296883e-01
3.017090249628374132e-01
2.456805055931878812e-01
3.801812641582772434e-01
2.914721251260107837e-01
3.027402822539050353e-01
1.724174576601761044e-01
2.218206214646260555e-01
4.374103865915685563e-01
1.477573900393800710e-01
4.840846266595950631e-01
5.057894036469351429e-01
2.407839642414018599e-01
1.688268705089270572e-01
1.985093371609021051e-01
1.908536851216880159e-01
2.931041819232070300e-01
2.464683158114662764e-01
6.108642843317699800e-01
4.212135290121640230e-01
3.384348913624558586e-01
2.508645302880471162e-01
2.622002095515280073e-01
4.661654563885733737e-01
4.715241366071054041e-01
3.844819920873240870e-01
3.845282780248837073e-01
2.737953893488372925e-01
5.192796577772837985e-01
3.908692874539673179e-01
2.929969285888985864e-01
5.113571187412517816e-01
4.734074613033934509e-01
3.747342756643141093e-01
5.341729484393702432e-01
5.027800545815004352e-01
5.541421829993765646e-01
4.430047568754612031e-01
6.205291569964137555e-01
4.187337607077415980e-01
5.132951112670069982e-01
3.729854497645245792e-01
8.536794725743296341e-02
3.355349243129875925e-01
3.951101672071683502e-01
3.380536280550588413e-01
2.783065612619323170e-01
3.385439632228526285e-01
2.718057488528382026e-01
3.988893317511643111e-01
4.541924801870264039e-01
3.740055728448221650e-01
2.888321899492690137e-01
5.184142825777565688e-01
2.512565479072170760e-01
4.450023029084830828e-01
1.477840314049980452e-01
4.095147370903042816e-01
2.198454673333107012e-01
5.432924757299276708e-01
3.830952096199262136e-01
5.429649275422283594e-01
7.599153683839443563e-02
4.134928202831116839e-01
4.198445740457729114e-01
5.543605391725776599e-01
4.437436911388999150e-02
2.806963800856803748e-01
2.119804647539469677e-01
3.806071744846605265e-01
3.857218093544451110e-01
4.681394765395718860e-01
2.893502285368400595e-01
2.506488511814857212e-01
3.131040038093032551e-01
3.371737408177829520e-01
2.907325570912629997e-01
1.768358568869720093e-01
4.513294875480173829e-01
4.839110283049234407e-01
3.120564852820679191e-01
3.459482273128131058e-01
4.403355423477264829e-01
7.046615205478883037e-02
3.647657333608335661e-01
3.504096428512450401e-01
5.582652799277083577e-01
5.635990815951203992e-01
1.727923678714314015e-01
3.499728564998944025e-01
2.868229947890252873e-01
1.564290318993794004e-01
4.547640867159148947e-01
8.274533162919499307e-02
3.325883929758874369e-01
2.448447241617442705e-01
1.879411869141116298e-01
3.083729601806606269e-01
2.803427869374096604e-01
2.496663857062049741e-01
3.723955305448841124e-01
3.610998052225464772e-01
3.969810649967009941e-01
2.819419638142127704e-01
2.567201539420708167e-01
4.061228907473238281e-01
5.352364083808268669e-01
3.082770951892830347e-01
4.097206589770431284e-01
5.123326241135117698e-01
2.109349891582540382e-01
3.086165079708583781e-01
1.152234930861069095e-01
5.973455743633568904e-01
3.023917226893908516e-01
4.177044019762035654e-01
5.022546491755116582e-01
2.984990149101813817e-01
2.753856731591042828e-01
3.929383857740704200e-01
1.898718668778859586e-01
2.713728873622340831e-01
5.662745797873881548e-01
4.425947371368670891e-01
2.031515084342621347e-01
3.969810649967009941e-01
4.176265795367287703e-01
5.174463918157634623e-01
4.621531566129645219e-01
3.528370528626476044e-01
2.840041008879601869e-01
2.250908086617532389e-01
5.916617457130884938e-01
5.584585659892282727e-01
3.129764833052440243e-01
6.071598455567098762e-01
5.639459791664845900e-01
3.410456666147292926e-01
2.867999929701327555e-01
6.357481155800278616e-01
6.176485630288240936e-01
2.454185150838810725e-01
3.702338758366523486e-01
3.186608943287219109e-01
5.369490800570205780e-01
4.242911820463607930e-01
3.579493144810504957e-01
2.522742138569289971e-01
4.142137837648958154e-01
4.761705398825351043e-01
5.558558983324319858e-01
1.961221914540915712e-01
3.868845153363835720e-01
4.214834748455304481e-01
2.744599273836329512e-01
1.840211900181078220e-01
5.068153697920807499e-01
3.467598333440848890e-01
5.630903813510494960e-01
2.918143410528807880e-01
5.501698471431062387e-01
3.270891440999455502e-01
2.744599273836329512e-01
5.027800545815004352e-01
4.016131431176643840e-01
3.803391356299258841e-01
2.551614777283602309e-01
6.168748054355536192e-01
4.040117530432655868e-01
3.010495725855048543e-01
4.044571956868937002e-01
4.243479885356812309e-01
2.702820797860253643e-01
3.055894303548532531e-01
6.291522771794753055e-01
9.834215417774405665e-02
4.083545764836160052e-01
4.075825680887646962e-01
1.902245004563780373e-01
7.538370738187805120e-02
3.086388497737094783e-01
4.294286209381045216e-01
3.728274018035470649e-01
6.127027731509384623e-01
3.946862541828720095e-01
3.667535926450370964e-01
6.083675945672594176e-01
4.369426996403723007e-01
5.104380571093382057e-01
1.415527378456643559e-01
1.358584778237554025e-01
4.489631710120184360e-01
5.291621920911618870e-01
1.687536206813751993e-01
3.521373910607970004e-01
2.234384924902712011e-01
1.479627390114070518e-01
3.328984096823729977e-01
6.129443881854998999e-01
3.667042332154546447e-01
1.699506254622865642e-01
1.763416613009428369e-01
2.803583622765919436e-01
2.286844452949927387e-01
2.959570972086286167e-01
5.719914491525088795e-01
2.745063141425406750e-01
5.027398274872615369e-01
3.796788936239529066e-01
3.745545691989825565e-01
3.172719142677549176e-01
4.497877062898138489e-01
3.554039375678638701e-01
1.840040759580629515e-01
3.213726138895244278e-01
4.418235057939726151e-01
6.241533265953668197e-01
2.663242627235734017e-01
4.598259156251063851e-01
4.934723167008118194e-01
6.013136084741300680e-01
3.083729601806606269e-01
2.715200188657654889e-01
6.008812237541688583e-01
3.146394470425974976e-01
4.466649400678204818e-01
1.776972538008322056e-01
3.063739524459709318e-01
1.905565002703826227e-01
3.234200636834687614e-01
3.280337992830339444e-01
2.093061966860651490e-01
4.232910746021415482e-01
6.422278570549541099e-01
5.942221136173968521e-01
5.770721815447640290e-01
5.404408264280312624e-01
6.818748533727266026e-02
2.587498574117844674e-01
5.664412210532854264e-01
2.171123944346261825e-01
3.231035081408940579e-01
5.701165790538324785e-02
5.386202903570082023e-01
3.635966985006648389e-01
3.881454455292442374e-01
5.164103048703051480e-01
3.740011445009725488e-01
5.630903813510494960e-01
2.536216242366953755e-01
3.089787601138344608e-01
5.350211428496716159e-01
2.240832978124003283e-01
5.529201810723368693e-01
3.128382221054907819e-01
2.163563725637540347e-01
1.543659503270857769e-01
3.922677926377771684e-01
5.431970839752487956e-01
3.412157417310140994e-01
2.586222625909583295e-01
3.449864671124193150e-01
1.481348843953317340e-01
3.780310717979246116e-01
2.478422784806699197e-01
6.071598455567098762e-01
3.435286771050383159e-01
4.404890869205108084e-01
4.107024792996358808e-01
3.328984096823729977e-01
2.966866874638625640e-01
2.628667915572614477e-01
1.505932098699333255e-01
3.371873432806688498e-01
6.166018983648612339e-01
2.563978987712051127e-01
4.236322619433822712e-01
3.934803809690940457e-01
7.379642472171814294e-02
1.048086852497069482e-01
3.752325349743073080e-01
4.725035854452884765e-01
5.583684438649878512e-01
3.790918548806205268e-01
2.682541447435445869e-01
2.721442389631695269e-01
5.122835122678994768e-01
3.715356724558260271e-01
4.490971351435536496e-01
3.177134655191665158e-01
5.272486039443722294e-01
5.354770228934332410e-01
1.976201902623534179e-01
3.108493777863227669e-01
1.995897055700052436e-01
3.387467804357084389e-01
2.906697125465286247e-01
2.204586352282371098e-01
4.288752909290101112e-01
2.443948410133410798e-01
2.454185150838810725e-01
5.766987139103022519e-01
4.369970580418464645e-01
2.544874482471307098e-01
2.797675473060468043e-01
3.902194113377284168e-01
5.211688818736472939e-01
3.704198402934519851e-01
4.089117719000434636e-01
5.280768126531810713e-01
4.319989007242620582e-01
5.366984216593566615e-01
2.876908843898214885e-01
2.464212462737591924e-01
3.037297652068293718e-01
5.051191701414298185e-01
3.757655017735214709e-01
5.816489751630046223e-01
5.442427298238985411e-01
4.612487455701985706e-01
3.472773092030184139e-01
4.015578586149415319e-01
2.986214217970428741e-01
1.543031946506530638e-01
3.134836373448058877e-01
3.794624179248023976e-01
4.159562707043202856e-01
2.885273883049665478e-01
5.019204935516307087e-01
2.433528299301981890e-01
3.520475014492942534e-01
5.319422441001588897e-01
5.158742789227238612e-01
4.248019956929782182e-01
2.824922760428746904e-01
3.352676734238608791e-01
5.022546491755116582e-01
3.744627589927690403e-01
4.382015768195557937e-01
2.554192675213970976e-01
4.872126310183480524e-01
4.542630645891662100e-01
2.106853827326145845e-01
3.036521963798178292e-01
4.898373387415280722e-01
3.089647038509427679e-01
1.864357357451955910e-01
1.080551787024632143e-01
4.236179245240508928e-01
5.706547624223529125e-01
3.571358225708722856e-01
5.156888911224594141e-01
4.125154856789913227e-01
1.960151941228555905e-01
3.745009218478610458e-01
4.549066666033093065e-01
3.268363242796704093e-01
4.013677462431552434e-01
4.981588562273276399e-01
4.081025840220321443e-01
3.803130081413644281e-01
2.416722762976128147e-01
1.342951401298202729e-01
3.341866328377908202e-01
5.554458298461963928e-01
1.003987722701107504e-01
3.068159294337141074e-01
1.746677431682132908e-01
3.464533592087394309e-01
3.468117609116754263e-01
3.622215778411119746e-01
8.437255035289832616e-02
4.077240285473769932e-01
1.105888087852659463e-01
3.886876504742476923e-01
2.745063141425406750e-01
4.862501438648528795e-01
2.880398898549368925e-01
4.191716130629537518e-01
4.123568765484693088e-01
5.987989072356373343e-01
3.181865941207301374e-01
4.042072682959730323e-01
2.937971093787049015e-01
2.778803238378352858e-01
3.698822518228548351e-01
5.118389637121435465e-01
3.178501754213735597e-01
4.023157813320129561e-01
4.358174112670664679e-01
3.403442666320501964e-01
4.675762669738233179e-01
1.673764680039310226e-01
2.966983532214098607e-01
3.253352356608788520e-01
4.148631092094831607e-01
5.043623223670198330e-01
2.516007816122622920e-01
3.667179858709672668e-01
5.169177985842644540e-01
1.840562783417816484e-01
1.779966704418134149e-01
3.733303435895506950e-01
6.248586564278899580e-01
3.500428806679455329e-01
3.053436763441050306e-01
5.048870137084094933e-01
3.181471101941599211e-01
1.642565727997480907e-01
4.115736695003368584e-01
3.563385571810575025e-01
3.371114346798351757e-01
5.205085652390888384e-01
3.498734044512560870e-01
4.788431260008764179e-01
3.176520257172352757e-01
3.559639874757158373e-01
1.827277723805346976e-01
2.161918404388822879e-01
4.125835140001090084e-01
2.854510175728017241e-01
5.908658328884306421e-01
4.755771622827771328e-01
1.823099794199447010e-01
1.991085951398008091e-01
2.779809595498877184e-01
5.118335112520646657e-01
5.296266683501503758e-01
4.070376070830755144e-01
1.142118867072925287e-01
4.023157813320129561e-01
1.131459698431292044e-01
4.168140935533614644e-01
5.141780792720730409e-01
4.748192480887474809e-01
3.805666378584891540e-01
4.091289469043792870e-01
4.431185797080213207e-01
4.287459701922204935e-01
1.688560145306466642e-01
2.877791347709321990e-01
5.925645574382435443e-01
2.338396551446367544e-01
5.236048626350908730e-01
5.130629548339865620e-01
5.350211428496716159e-01
4.017101201581170788e-01
9.948071646106854127e-02
3.704641477419803319e-01
5.338505870423007060e-01
3.251992332750803238e-01
3.878080403397696774e-01
4.353611608867449245e-01
1.624743232718625918e-01
5.955528410783056392e-01
5.057544419216138953e-01
3.783339321635491026e-01
2.696436610285679047e-01
6.269637040028277486e-01
6.016522483613300221e-01
3.273629567957984654e-01
4.834438581410906433e-01
5.431970839752487956e-01
3.067913812024334885e-01
3.804192860031455070e-01
2.167085323858497781e-01
2.026252458389358468e-01
1.849695170731167904e-01
2.797188977834821344e-01
4.117212853620970670e-01
5.502007775735980877e-01
3.790918548806205268e-01
3.911564834042287608e-01
2.351953420216230939e-01
5.502514044418591599e-01
4.267464336131814306e-01
3.548882113231075497e-01
3.488773284058057089e-01
2.365230137641694541e-01
3.606140050405642339e-01
4.554838152920946404e-01
4.695823899412884112e-02
1.087222664779694953e-01
5.599614795783592891e-01
5.234982121500800778e-01
4.543793150334843878e-01
3.089235037787253502e-01
2.969676849800089724e-01
4.272616188526628389e-01
3.300170967650261078e-01
4.385340733605937458e-01
6.216089325344144045e-01
4.186380683599301156e-01
3.749229522153765259e-01
5.472698211599221763e-01
3.182394369798577927e-01
4.681498620738779315e-01
1.784141738268614774e-01
1.990673124356537871e-01
5.319422441001588897e-01
2.556052372791129401e-01
2.945586136442417957e-01
3.827803736530033252e-01
3.668107130317504461e-01
4.577434443406086517e-01
5.122835122678994768e-01
5.171146037265899054e-01
2.716585455270887905e-01
4.969811249542211984e-01
2.529773140825065658e-01
3.734413634846952545e-01
1.907506729361282682e-01
2.005396798587503471e-01
1.531602404023158781e-01
2.661960127718639990e-01
4.734308500891713511e-01
4.345234529360370579e-01
6.044590004617816925e-01
4.150442046188086431e-01
4.338664653808157468e-01
2.235113219863472112e-01
3.334731544576141071e-01
1.487060649800096002e-01
5.293448229992244736e-01
5.367173425003225473e-01
2.388007166503861023e-01
5.871852669455587259e-01
2.136302136189371648e-01
4.202252020747376804e-01
3.256637206555988984e-01
2.393068134170072969e-01
2.983340490456339311e-01
3.155989352287157934e-01
1.563825074205890675e-01
2.461273509008284621e-01
2.915853489550360167e-01
4.127547732995056617e-01
2.282995570963445298e-01
2.680039695607746575e-01
5.925645574382435443e-01
6.333164429043930399e-01
4.237266194996970881e-01
1.806231840104585706e-01
4.089302103576316072e-01
1.541737555267341520e-01
4.572721108787382027e-01
6.243987182728991669e-01
4.271775468408222642e-01
1.923517416163912641e-01
2.806762115545474168e-01
3.999198190581634282e-01
9.443350290552258997e-02
5.325768485885340464e-01
5.367173425003225473e-01
2.764527884460956098e-01
3.881052094962054166e-01
4.768582177679245859e-01
3.481340522242400426e-01
4.375665355772583864e-01
5.370089762529312027e-01
2.058922326338690767e-01
5.942685178381461597e-01
3.949006445431502699e-01
5.237663029745817100e-01
3.931948954478055036e-01
3.841875538382068522e-01
2.574665617178589216e-01
1.840211900181078220e-01
5.404408264280312624e-01
1.916556723805966644e-01
2.282630767104907588e-01
5.796109930133408472e-01
2.948158335368132876e-01
1.963575911123939810e-01
4.600697016447162779e-01
3.852775147229709485e-01
5.438679833174093758e-01
3.873928412941922694e-01
3.103224351146249838e-01
4.343547696740531205e-01
5.068153697920807499e-01
2.357811382717650561e-01
3.691965887013939907e-01
5.068153697920807499e-01
1.737454430922363291e-01
1.503648559608277979e-01
3.588286197608749895e-01
2.701921372692998036e-01
1.800469837699217313e-01
2.938640402022821840e-01
1.818004078507595711e-01
3.979202019259853729e-01
2.652167824145815200e-01
5.685227727847251833e-01
2.802688447686212392e-01
3.895163533116016152e-01
1.865581857669636745e-01
3.885425028646032897e-01
4.236499397714600379e-01
3.806949451848214427e-01
8.441575593842587377e-02
2.549751408562100363e-01
1.713655247169887375e-01
2.825609978485637552e-01
1.687295036952214944e-01
3.826220048306840926e-01
2.340048536258614864e-01
3.249995099263960352e-01
4.801293076799053039e-01
3.996228317959122922e-01
3.648156001192818798e-01
5.130359357521017127e-01
5.066983730619077919e-01
3.489165974893589373e-01
6.181378091181797263e-01
5.039217713257447828e-01
2.622283525315948771e-01
3.301376088341811954e-01
5.402200650940114368e-01
2.927056498937384288e-01
4.263750889437032954e-01
1.473307285419839796e-01
2.035963048858068503e-01
3.791771963059908379e-01
2.717629858418467714e-01
6.101870617241139660e-01
3.593534389478914570e-01
1.275242229638121338e-01
9.017967789910970311e-02
5.159249105722035766e-01
4.093530277552991925e-01
3.818640821136126684e-01
3.328984096823729977e-01
2.445400758282545439e-01
1.130121996627646147e-01
4.392686901316959491e-01
5.064027418987578910e-01
3.741086687017067813e-01
2.308097887269926762e-01
2.626291830799202254e-01
3.994730836146103692e-01
1.433527394144549494e-01
2.549411908783135172e-01
2.792600350908504558e-01
4.097760213304770249e-01
3.830671195450822131e-01
3.846969653405095113e-01
5.138434359638981430e-01
2.946288310358867735e-01
4.091289469043792870e-01
5.525425465019536686e-01
1.879041105389694100e-01
3.951226488900582146e-01
1.939809875767673497e-01
2.225571754607645059e-01
6.287050981219908241e-01
2.006191006803802190e-01
5.677613183062251156e-01
2.554689586220328379e-01
2.605821416644053534e-01
3.072166259000405075e-01
2.182349270590648871e-01
9.250084798666115271e-02
5.472698211599221763e-01
5.468967734411780413e-01
4.561621366445655079e-01
6.358303234363246181e-01
4.659887993012927776e-01
5.852284916105389145e-01
3.629347298511516606e-01
4.086824047883596545e-01
3.593824979470722214e-01
2.088306867258361565e-01
4.215284343067561279e-01
3.083729601806606269e-01
3.912465444120231672e-01
3.251511034501861075e-01
4.501896602166235994e-01
3.783339321635491026e-01
1.977835435050295798e-01
1.741110321100146352e-01
5.664412210532854264e-01
3.162509964657796990e-01
4.811992958556186584e-01
3.491646274640849978e-01
3.485434839768897786e-01
4.797195900935367630e-01
3.103373420186635867e-01
1.314419694649635040e-01
2.937971093787049015e-01
1.987189046228593770e-01
4.152203063571586750e-01
1.735271489709370174e-01
4.515853430263249702e-01
4.476785259750614698e-01
5.589682418097661198e-01
1.618696827841914210e-01
4.213270892934610767e-01
2.753223658755641901e-01
5.401227213548823736e-01
3.165245097118349893e-01
5.068153697920807499e-01
2.275205178156497476e-01
2.163785462963785100e-01
4.619743778079746788e-01
3.793717973065564575e-01
3.097208266471025429e-01
4.526077893630883753e-01
3.057364131209113767e-01
1.947072961490917131e-01
3.379106219116351784e-01
2.124729990744028962e-01
3.603562360354342076e-01
4.265186617654667667e-01
1.066234434259698688e-01
2.614354819131601837e-01
5.918623098286639461e-01
4.143281685985167329e-01
4.349273441918225513e-01
4.412841612649471279e-01
3.477641372430531619e-01
4.279115041155807098e-01
4.379469770347594326e-01
6.241533265953668197e-01
5.868160064716180235e-01
4.346752898862158987e-01
6.088452395494580172e-01
1.213972846966976105e-01
2.503054435878574457e-01
2.233823510060898299e-01
5.367173425003225473e-01
5.733257268760835190e-01
3.737115326841204399e-01
2.039005036808116955e-01
2.711316269693628822e-01
1.252686112822299358e-01
3.536781897785848394e-01
3.062702049921470770e-01
3.030349227693556191e-01
6.016163201022812768e-01
2.985382490700511648e-01
5.044878270677551901e-01
2.737953893488372925e-01
2.029979781011939932e-01
3.851081865161780082e-01
4.335199400169231221e-01
5.297414242479079327e-01
3.342807289861773890e-01
3.684399303048151442e-01
1.706643728379775016e-01
4.068806901921078745e-01
4.230179303414323133e-01
5.001685600676512022e-01
3.191273141530581725e-01
6.306330680702929570e-01
5.773311148805548854e-01
7.734321954876975658e-02
1.873262646237894569e-01
4.578929511743124459e-01
4.762444366297471365e-01
4.551864563420696674e-01
4.757485405929403055e-01
1.935977294618321798e-01
3.062702049921470770e-01
2.905861057680426129e-01
4.807328895434218596e-01
5.051191701414298185e-01
4.065495333277246992e-01
5.373197962041361686e-01
4.653077036987176562e-01
3.428500613958069265e-01
2.443747308962262721e-01
3.178020769862185957e-01
4.219598562348131909e-01
3.062702049921470770e-01
2.187798442022707013e-01
2.837095380153416002e-01
3.351271707680551493e-01
6.103305510824315050e-01
6.275175132771138031e-01
4.366782350583357508e-01
5.190038026695861229e-01
4.475446199457258634e-01
3.759604428642426277e-01
5.347793499745673307e-01
8.007417135338223968e-02
3.465790409185012244e-01
5.857033971623771818e-01
2.928560601698724231e-01
5.189580574254828438e-01
3.550526876324494596e-01
4.290155370620457043e-01
3.771485326473761890e-01
4.864058703363366432e-01
3.865366927031660405e-01
4.015578586149415319e-01
5.157389245999203231e-01
4.132837095314671472e-01
2.841939613103158235e-01
4.285755744224730157e-01
6.343821650898090470e-01
1.751222359310135313e-01
3.372572873113391934e-01
2.718573968230820759e-01
3.531644007588647383e-01
1.176943641664118245e-01
4.506665034092562361e-01
4.471005255017942992e-01
5.571193401201941509e-01
3.898738500130143891e-01
2.574103724214918953e-01
4.104601367922753319e-01
2.698313899628981272e-01
4.405961816950600130e-02
4.335956765978278837e-01
3.017270278098382330e-01
5.794383151471830251e-01
5.782257989499027806e-01
1.782284603840366688e-01
4.895564350827809053e-01
2.877545125347032995e-01
1.063894729362610952e-01
3.861473879058355818e-01
2.834529762678998921e-01
4.535899601697900296e-01
5.987989072356373343e-01
3.745332378962817899e-01
1.840211900181078220e-01
3.742199206938309763e-01
5.051191701414298185e-01
2.324875619770413460e-01
3.546195841706100138e-01
1.605463851290578337e-01
2.539451208613561217e-01
4.267981088155832214e-01
3.871135716688604567e-01
3.507968434966474702e-01
2.839750577915282070e-01
3.328984096823729977e-01
4.073642592080515268e-01
4.847306131505895177e-01
5.911112245659631004e-01
1.551174726555274719e-01
3.396375827792164626e-01
3.491556837789957513e-01
3.629878539706585805e-01
3.280337992830339444e-01
5.503862713921874317e-01
1.947830750333868766e-01
1.205768538871636181e-01
1.594073679023926549e-01
5.254625026252326414e-01
3.207496674671710957e-01
1.138918459682004697e-01
3.128203848341677418e-01
3.092459069594876153e-01
2.121332614817835471e-01
2.764487786667497726e-01
2.854362722947385578e-01
4.379908189381146455e-01
4.579090477702582040e-01
6.423100649112508664e-01
4.018055534886096347e-01
4.094004636798638797e-01
4.260481002625158831e-01
6.159952435290194650e-01
1.433419420717148840e-01
3.961999390259199338e-01
6.241533265953668197e-01
2.544874482471307098e-01
4.124059663589003666e-01
1.701612587202263327e-01
6.404071170545652114e-01
5.051191701414298185e-01
4.158079580319235524e-01
2.002351731948455449e-01
3.882670117531540344e-01
2.456270744362972769e-01
3.056851848585060982e-01
3.090237779890783187e-01
5.766987139103022519e-01
2.453130838096050925e-01
2.463655204437746327e-01
3.633474718700829276e-01
2.015293724577149614e-01
2.735293700392498750e-01
4.149855535145768881e-01
2.990878129340676650e-01
3.263274898496609788e-01
1.648565168835112726e-01
3.599640149026564484e-01
4.184169889709359880e-01
5.421221492131688136e-01
1.352260899498840541e-01
2.889247992426205447e-01
2.870302534421119711e-01
2.909658527015769325e-01
2.820058474424693706e-01
5.637606992554564656e-01
3.280337992830339444e-01
2.542048365500200191e-01
4.467783479737605923e-01
2.029979781011939932e-01
1.587760153702203192e-01
5.987989072356373343e-01
3.189643165914676226e-01
5.204632977010842376e-01
4.023157813320129561e-01
4.262988814127695592e-01
3.762003293843523277e-01
4.332073258614808076e-01
4.286250002694177441e-01
4.583876500355656414e-01
4.970148219432917736e-01
5.601810403068209210e-01
5.356419335660881353e-01
2.643101860431114614e-01
3.388978642400233277e-01
2.958998645672184513e-01
1.632099918071101829e-01
3.838243034599453929e-01
4.397525976787020618e-01
3.903033181896493065e-01
4.172540479817109516e-01
1.840211900181078220e-01
5.350211428496716159e-01
2.821229404206508362e-01
3.582828996847683967e-01
2.419031979289683332e-01
5.366984216593566615e-01
5.525877811950655749e-01
4.143388427729089440e-01
2.468354063397539266e-01
5.424950821826672875e-01
2.122157896797243759e-01
1.768358568869720093e-01
2.891199668175864490e-01
4.071778044684696285e-01
5.113244250805036861e-01
4.337107180174856191e-01
3.016583122405211981e-01
1.987287301309557663e-01
3.133668582640173894e-01
3.301376088341811954e-01
4.329060589928533931e-01
4.237521944456953404e-01
5.321405488820819540e-01
3.387467804357084389e-01
1.980256320881083609e-01
4.259508319834886536e-01
4.754568092411091684e-01
2.654081830129532138e-01
3.409353011228913322e-01
2.867353553644959585e-01
4.028377864600836689e-01
2.957728688538667772e-01
5.503216301486668627e-01
2.798991594938047278e-01
1.840554007802953917e-01
1.201041037294435926e-01
2.680951022891049917e-01
3.175972114369646215e-01
5.124971252644023867e-01
3.334659399106138511e-01
5.396729099247576933e-01
2.508645302880471162e-01
4.635953765820794437e-01
5.350211428496716159e-01
4.017226659716994774e-01
4.261544135676780809e-01
2.691523741904000566e-01
4.477280678185262541e-01
3.462548658805014723e-01
6.101870617241139660e-01
5.118335112520646657e-01
4.098991549625607411e-01
1.851883528233282117e-01
3.083729601806606269e-01
2.864478302377300722e-01
2.634999977470846022e-01
4.407796541495602183e-01
4.223612965963849941e-01
2.976134855231769571e-01
4.196008647335391917e-01
4.552281882728829721e-01
3.809249866562023357e-01
1.442534715174120241e-01
4.400967560275850787e-01
3.138698146015558299e-01
2.174815092892796453e-01
5.493808888087343689e-01
3.389129878579905109e-01
4.571014077597884140e-01
2.087087200229015560e-01
4.186817013448217994e-01
7.147034390693941808e-02
3.414976644129533723e-01
5.366539380333180675e-01
4.826949520746613431e-01
2.784610012738027440e-01
4.570255642251030426e-01
1.550576463069838207e-01
1.896325483873300133e-01
3.051690531456273670e-01
4.179359074359220161e-01
4.554688077745870367e-01
5.955528410783056392e-01
3.739994097501487258e-01
3.057364131209113767e-01
4.819747628384665750e-01
4.107024792996358808e-01
3.022808580799102307e-01
5.669230138465310986e-01
5.056792581950908527e-01
1.823099794199447010e-01
1.776257590962528887e-01
3.741086687017067813e-01
2.869433484543304491e-01
3.969810649967009941e-01
3.920475385286836811e-01
5.048773772663255333e-01
5.791081489304992225e-01
2.114182619465255208e-01
4.527860428576729879e-01
4.271762961364086730e-01
3.702282623742351730e-01
2.696416666367879578e-01
1.004311733410703927e-01
2.492940707611761564e-01
4.499557108266402095e-01
3.846969653405095113e-01
4.734074613033934509e-01
5.438224108208117302e-01
4.301984466027400922e-01
1.537380696871704089e-01
5.624788212967758438e-01
2.147362360720240226e-01
5.082481970573191621e-01
2.918512677550939571e-01
3.923945550068748678e-01
2.232246863741140230e-01
5.040740622838084661e-01
5.092647682638883067e-02
2.908700442533059261e-01
3.421018432012141730e-01
4.869616677660307258e-01
2.902526782405979167e-01
5.866615223893850706e-01
3.449313554611416199e-01
4.349124954939230236e-01
1.089604135699763082e-01
4.932305136396331613e-01
4.437193222552853755e-01
5.350211428496716159e-01
4.039103972381210550e-01
4.265717029412254835e-01
3.079416750370304046e-01
2.577911669615902124e-01
4.052246632753195299e-01
5.297414242479079327e-01
3.017690089876542414e-01
3.328984096823729977e-01
1.270370494287660357e-01
4.333176752426909362e-01
2.104987277015505365e-01
3.786286453327339929e-01
4.538503619633184050e-01
3.131040038093032551e-01
3.102815277361355428e-01
3.928559444695800540e-01
2.851931022208076816e-01
5.633668584329191154e-01
6.714417604934908024e-02
2.494676149633505424e-01
5.570843467972544927e-01
4.306016675524703130e-01
2.793182875869690274e-01
5.055683050291271963e-01
2.325390136055053569e-01
3.180358092465152553e-01
4.198447460657018238e-01
2.084036259966896565e-01
2.998704323080744194e-01
5.450461319077450906e-01
3.845599973564393093e-01
5.169177985842644540e-01
4.248019956929782182e-01
2.943412985294139861e-01
3.581702845256547474e-01
1.431913185116568954e-01
5.117237069297712049e-01
1.779428638553257058e-01
3.731346410378028611e-01
5.238363669514743970e-01
1.911663371111207432e-01
4.597890673972414577e-01
6.089063423794196517e-01
4.175956163652836395e-01
3.116676174465387583e-01
4.249529320070942751e-01
3.449796530444438902e-01
5.782257989499027806e-01
3.730252717024595821e-01
4.245201203035269266e-01
3.790514058754764215e-01
4.509443815960452739e-01
1.467136410872273145e-01
2.864045067847708625e-01
4.019715364014981307e-01
2.935143312744001309e-01
3.613162424640694037e-01
6.064684233535445612e-01
6.468868585294914597e-01
5.169177985842644540e-01
5.190038026695861229e-01
2.603154570378602983e-01
1.989393991440952525e-01
6.151291910594881562e-01
3.873928412941922694e-01
4.633170643437960479e-01
3.673454776730856186e-01
3.624111225991026308e-01
5.544521265324301451e-01
3.537142226008048729e-01
3.093322887156545464e-01
2.508645302880471162e-01
4.236041695818685282e-01
8.201122499332605398e-02
2.972990495155812263e-01
3.878194817958024454e-01
2.726297150616844855e-01
2.780641629390419589e-01
5.082481970573191621e-01
3.887035313956601623e-01
2.463489876136043533e-01
3.986762582008433475e-01
5.338639224845235232e-01
4.274059517842390687e-01
3.280337992830339444e-01
3.930111168394076482e-01
4.245674044763719235e-01
2.783602168242770292e-01
3.944642537856663522e-01
3.623119443271970441e-01
4.015578586149415319e-01
3.188523607208186839e-01
3.088735835953565489e-01
4.496940645650702728e-01
3.873923241950101848e-01
2.484377698987325078e-01
4.547163119484690652e-01
6.404071170545652114e-01
4.302533669013355322e-01
5.300907434025372567e-01
4.801293076799053039e-01
3.074259177143534028e-01
4.280924071328286451e-01
3.741086687017067813e-01
4.151728170076734448e-01
5.417702448744479149e-01
4.475716413142803995e-01
5.350211428496716159e-01
3.235484881496559217e-01
1.696068885882142940e-01
3.913722348527058359e-01
1.811691505272004787e-01
5.350211428496716159e-01
3.157140331914800591e-01
3.706923952170029790e-01
1.597287492535953424e-01
4.018652810945959053e-01
4.200615888792867958e-01
1.971346417179831723e-01
3.879094678631928028e-01
4.245049411818485607e-01
5.187632537428257251e-01
5.501689629294898021e-01
4.052575480808707775e-01
2.049345190074161882e-01
3.855683624848228463e-01
4.753385832180667125e-01
2.750418249657910486e-01
2.129510133537660943e-01
3.173259555497106033e-01
3.737858460209850242e-01
3.350153246575541810e-01
3.962144993955519223e-01
3.526601364462294552e-01
3.386654101241772796e-01
3.204253140689308221e-01
4.899519138884358971e-01
3.638644957999222496e-01
3.741086687017067813e-01
3.937083598643606464e-01
2.875623166949563547e-01
1.047617444930826064e-01
3.029442681628820577e-01
5.702189724353760036e-01
4.832309335361220093e-01
3.421626696559547653e-01
2.632439696252109051e-01
4.027842814021843632e-01
3.630205595844531175e-01
5.104380571093382057e-01
5.318253975626127117e-01
3.853091638953410336e-01
5.237663029745817100e-01
3.225079770179294369e-01
5.341729484393702432e-01
4.267780565927888903e-01
2.844945152576789926e-01
2.605571379700863943e-01
4.222615558037209893e-01
2.717629858418467714e-01
3.357444260851593087e-01
3.911689141567469274e-01
1.817573280320682605e-01
4.320420658773108658e-01
5.635990815951203992e-01
7.564980994703225659e-02
3.969810649967009941e-01
2.929199948324402447e-01
4.812071205276839403e-01
4.126583090967140821e-01
4.489528753854094001e-01
5.051191701414298185e-01
6.404071170545652114e-01
6.031177377936376427e-01
3.783339321635491026e-01
3.480704121263117901e-01
1.012332566401085432e-01
3.771562358141261062e-01
2.859814048006589782e-01
9.315998532326590087e-02
4.353992244795818478e-01
3.083729601806606269e-01
3.482458596692343256e-01
5.544891739084423232e-01
3.753077748281787307e-01
5.472698211599221763e-01
4.528718478533653169e-01
2.163284359036623250e-01
1.218592552853378919e-01
3.993039779423599445e-01
3.029468959621827162e-01
3.275790123713522850e-01
4.919764746378821885e-01
5.581160433367932105e-01
1.125587869356630411e-01
1.549596392257483191e-01
4.410324003806452287e-01
1.883694358800117596e-01
5.027800545815004352e-01
4.213270892934610767e-01
4.221197579573810477e-01
3.924992830262631904e-01
2.988871549610929157e-01
3.238062858420974188e-01
1.204450077315144391e-01
5.593669746504146278e-01
4.015578586149415319e-01
6.071598455567098762e-01
4.647191473342481283e-01
3.082165557115960075e-01
5.051191701414298185e-01
5.350211428496716159e-01
4.584828923251945687e-01
1.581130243714499450e-01
4.790722647574038318e-01
5.587589794103413610e-01
3.688902807653635652e-01
4.936847246223564634e-01
1.322678687412646437e-01
4.823547162998551019e-01
3.623357182089487760e-01
6.287396492861524466e-01
3.462767506612212109e-01
4.233347104973401720e-01
3.495609773869751136e-01
3.694251756429349776e-01
3.960488592752468562e-01
1.193954674764016594e-01
2.757733821727679779e-01
3.030648975797711198e-01
2.909188779567249417e-01
6.151291910594881562e-01
1.353768905189685900e-01
5.169948007329362438e-01
3.765570965341753507e-01
3.601671788577979205e-01
1.663941492912723585e-01
5.613941817003986756e-01
2.546327247417973227e-01
3.811467331291262250e-01
5.171838176859727687e-01
5.001685600676512022e-01
3.044761618610873355e-01
3.528370528626476044e-01
3.073152956997453056e-01
3.611141241406408131e-01
4.015578586149415319e-01
2.174989756004055141e-01
2.708700173984484594e-01
3.573419300936190313e-01
1.422875396291372330e-01
3.333347987768243703e-01
4.751427964752962252e-01
4.385340733605937458e-01
3.280337992830339444e-01
4.367321522364877029e-01
3.062702049921470770e-01
2.736337240841946183e-01
8.884562385341250590e-02
5.201973118600268231e-01
5.556396835215119401e-01
3.480696799762337257e-01
2.976134855231769571e-01
1.269669789036827201e-01
3.460475684579685796e-01
2.737953893488372925e-01
3.328984096823729977e-01
3.969810649967009941e-01
2.942883402974034723e-01
2.931083761952258948e-01
2.790367210018734889e-01
8.655660091253891686e-02
3.357243414332303777e-01
1.463435945185903309e-01
4.543723184476871624e-01
2.977341313625124219e-01
3.931141514759067257e-01
1.362943793378523782e-01
3.238926127181903647e-01
4.734074613033934509e-01
1.867030174004244147e-01
6.468868585294914597e-01
3.910582135638510648e-01
1.744110513924144734e-01
5.996174230631954316e-01
4.796506734012213058e-01
5.149951552252653997e-01
4.213270892934610767e-01
6.032604289483033122e-02
1.599744849709855421e-01
1.567304753612752399e-01
2.509567079205135554e-01
4.485529177212912999e-01
3.470563412372048018e-01
3.176353656650752755e-01
6.408619065647351842e-01
3.803946386135493851e-01
1.590560640223600830e-01
3.033718768612522210e-01
3.546616682485647654e-01
3.085574133566346688e-01
2.352493387135186353e-01
2.595237213351981875e-01
5.069872708141608397e-01
4.764320418760317755e-01
3.001875939220723932e-01
2.883977625056444172e-01
1.145931623834941515e-01
3.458238886057711792e-01
3.993561646312089874e-01
3.083729601806606269e-01
2.297640881022084414e-01
4.905558228496662010e-01
5.957443686907880620e-01
4.544179961310933491e-01
4.815512880232459270e-01
6.011362719341151184e-01
3.285607715774989668e-01
4.792137298932951373e-01
3.328984096823729977e-01
3.845599973564393093e-01
5.223540203976501095e-01
3.252277128113585380e-01
4.099741868334244588e-01
1.412072661168287113e-01
2.524039182345388377e-01
3.719708709229144761e-01
5.426979328640531008e-01
4.301911924547773824e-01
5.063230030221537170e-01
5.035694712892175851e-01
5.878411271725932918e-01
3.226190969029057443e-01
4.801293076799053039e-01
5.485820654692431519e-01
5.986059687998891710e-02
3.723704491037936881e-01
4.937697669097477204e-01
3.480679901272886179e-01
6.193782281952030511e-01
4.092271457540552215e-01
3.439333302376086365e-01
3.666137360773752407e-01
3.741673200138176392e-01
3.172719142677549176e-01
6.404071170545652114e-01
2.030842956227288665e-01
3.207714473729009197e-01
4.308831461007804342e-01
3.406084460040052497e-01
1.566323242198454924e-01
3.728047221972101699e-01
4.118904189940821858e-01
3.095209282642428783e-01
6.023592760461424778e-01
4.355577718700205936e-01
3.183851306878142662e-01
1.767902769067278834e-01
5.979188976615298357e-01
3.083729601806606269e-01
5.153879830531036266e-01
4.650573197014237770e-01
6.438124959091250377e-01
3.136410968001414612e-01
5.164103048703051480e-01
2.029979781011939932e-01
4.665094661039226320e-01
5.035866422041875845e-01
3.105767242241539439e-01
2.611906188720981015e-01
2.577911669615902124e-01
5.581345709745015871e-01
5.522392351426907986e-01
4.156871378859894328e-01
5.579003338798879108e-01
5.132951112670069982e-01
1.752081626399002445e-01
4.003188296252470080e-01
3.799202940233765702e-01
1.446184121603767414e-01
4.130042026121790166e-01
4.336879107734009087e-01
2.542201558861298949e-01
8.424430528634699322e-02
4.115685757355900809e-01
3.134973286759934474e-01
4.022656289477249958e-01
4.476376047726139951e-01
5.051191701414298185e-01
4.587432044189050373e-01
4.236527247273362273e-01
5.296266683501503758e-01
4.183781910452907260e-01
3.045210672737552748e-01
3.987790793455394112e-01
1.540161502442323194e-01
4.385340733605937458e-01
5.773311148805548854e-01
5.545749460592418467e-01
3.062702049921470770e-01
5.068153697920807499e-01
2.088306867258361565e-01
6.028202875847017417e-01
3.334829059607621882e-01
2.399403717539719261e-01
4.034150768184540103e-01
6.287050981219908241e-01
9.286933140864506164e-02
2.039005036808116955e-01
2.898074460745262981e-01
4.332866968960738530e-01
2.128113145663169670e-01
3.849200558555486151e-01
2.200847942429688953e-01
3.890726338815090890e-01
4.609494294387468383e-01
4.256111636145989974e-01
5.338789993297002878e-01
4.255366568462614629e-01
3.952013155264287869e-01
3.464636133634743653e-01
3.989465515040722110e-01
5.124360406238590571e-01
5.104380571093382057e-01
1.835966475359930850e-01
4.944260849904300037e-01
3.603718665665091025e-01
3.083729601806606269e-01
3.762367168482626534e-01
1.368736176270309024e-01
5.083357995833138743e-01
1.668638740809738341e-01
3.439685964018252551e-01
6.077681725717759553e-01
4.315498773636848306e-01
3.736247070022034045e-01
3.796263941810458231e-01
4.179359074359220161e-01
3.611670624162607868e-01
5.816489751630046223e-01
2.956397496468041730e-01
5.979606546417709501e-01
1.874653984998708445e-01
5.618644274350449441e-01
3.280337992830339444e-01
3.902749186868123554e-01
5.666607817817471693e-01
2.879428126167732915e-01
4.242560569280919291e-01
3.942946804894520429e-01
5.265557598483806556e-01
5.784690699491212840e-01
5.293448229992244736e-01
4.508685904468850980e-01
3.031318906631293442e-01
2.352493387135186353e-01
3.174820072479965227e-01
4.788444314814245262e-01
3.078069003850084084e-01
3.819404794381355828e-01
5.695701228259757443e-01
3.914057316542337572e-01
5.488719915992463783e-01
4.840486326068212386e-01
3.764992142706771738e-01
3.513959568956542823e-01
5.446395241922363795e-01
4.438501098907194353e-01
3.969810649967009941e-01
3.230714377015923011e-01
5.088135476735302642e-01
4.075355955266429242e-01
3.958009951880172572e-01
3.465543524727891511e-01
2.684031141059176617e-01
6.222253566470645758e-01
2.463489876136043533e-01
5.199453769809447845e-01
3.901823398477443083e-01
3.617240251120714678e-01
2.436022748338016741e-01
5.686176548199288749e-01
4.674012084765769015e-01
3.024785246730940513e-01
5.388810783898452250e-01
2.805926147542566751e-01
2.583586258873107333e-01
3.191323555322797545e-01
4.538015833478524219e-01
3.015237945270274889e-01
4.201888523408782161e-01
3.967423911391354530e-01
3.603562360354342076e-01
3.667987812929354163e-01
3.547441101766923288e-01
4.438129387227221501e-01
5.260241916595370659e-01
5.752967214511843785e-01
3.764401275558580395e-01
1.868014448131357641e-01
4.957621050004445973e-02
1.730194807425000092e-01
3.408851478031475479e-01
8.922819368075297908e-02
3.102748171919361142e-01
2.855510899325794383e-01
5.082814712203651553e-01
3.450422303606361374e-01
2.702094625344779177e-01
1.947830750333868766e-01
5.139362863969687556e-01
2.376687806162988970e-01
4.047945207389874733e-01
1.907708452090844664e-01
3.996901849258165940e-01
2.872802184591440322e-01
2.382272254898655794e-01
2.284117700094612791e-01
5.347966199439133650e-01
4.647191473342481283e-01
2.747362561437874384e-01
5.378957355564424336e-01
5.512898641190014937e-01
5.279219570910533843e-01
4.707099480941698277e-01
2.526103314434552938e-01
4.116217129514783135e-01
5.502782651198940833e-01
3.679282090581860731e-01
4.140842866427169033e-01
3.170376887104294772e-01
5.509786658278924554e-01
1.833028514253174091e-01
1.247278222015597571e-01
4.975819711292007175e-01
2.882208978511142106e-01
5.441683005944534246e-01
5.695701228259757443e-01
3.328984096823729977e-01
6.287050981219908241e-01
4.493165613742581832e-01
4.379243249723991371e-01
3.310769512519244895e-01
2.881232018609042322e-01
4.028196989023625774e-01
7.498240920958886002e-02
2.506832517372625246e-01
4.571014077597884140e-01
6.113143496861764836e-01
4.186362845496461871e-01
5.254625026252326414e-01
1.397024770427447993e-01
3.117930895102603017e-01
4.041056111701191167e-01
2.087087200229015560e-01
5.040740622838084661e-01
4.792137298932951373e-01
2.542358317348416552e-01
5.094730889191645407e-01
3.667876042590773600e-01
3.204253140689308221e-01
4.650573197014237770e-01
2.181392841864716325e-01
3.693267893902791310e-01
3.577195943907089393e-01
2.502697745540067298e-01
5.582417401177873773e-01
3.790464413075704808e-01
3.641466340524552314e-01
1.099789186235468341e-01
3.931683224744009775e-01
4.245601093762327860e-01
2.974328537881129608e-01
1.469833653215071034e-01
5.386202903570082023e-01
9.883249890797500548e-02
5.431970839752487956e-01
3.495967894416247002e-01
3.074127409877990824e-01
2.936946984833498364e-01
3.166549998723224846e-01
4.017088572927779988e-01
3.172719142677549176e-01
5.727164269869784441e-01
2.242888985259788581e-01
2.981133723183948536e-01
3.066103284083169789e-01
3.281864087118301354e-01
5.330831503239165103e-01
4.903883741814681341e-01
4.267964605424517388e-01
3.109424248729918405e-01
1.457237194055295559e-01
1.841836536423117898e-01
5.118335112520646657e-01
2.165239450239372088e-01
1.109212792374808382e-01
5.277865515260595775e-01
6.387109174039142800e-01
2.023059828793773163e-01
1.475993557984210391e-01
5.582652799277083577e-01
6.404071170545652114e-01
5.672684456625857186e-01
3.429913051404906432e-01
3.816413507096638180e-01
4.149012878633843160e-01
3.565712377811482980e-01
3.735757890038222118e-01
1.906228148364623176e-01
4.183975285798486876e-01
5.495145974568947933e-01
5.581559823106435614e-01
3.020618381488444082e-01
4.178559065277523965e-01
4.153794864275414112e-01
1.558226748503028503e-01
3.873928412941922694e-01
3.336320400672967423e-01
4.526077893630883753e-01
5.688259617032168647e-01
2.387690729868113260e-01
2.282827358339671875e-01
3.975795088172291991e-01
3.259430028576143501e-01
2.711146432494937475e-01
1.703087175293505617e-01
2.880054374333325673e-01
2.508645302880471162e-01
4.191716130629537518e-01
4.245254623798206950e-01
4.135658777185859392e-01
5.171146037265899054e-01
3.644780870405709972e-01
2.260799185756897922e-01
3.100865811366191327e-01
3.788823818996997495e-01
5.384237308238019049e-01
2.910662241993337562e-01
4.404890869205108084e-01
1.832960802843695836e-01
5.108250321020122442e-01
4.610965254988971251e-01
4.334196456423005661e-01
4.274326207977730552e-01
4.410633857951506420e-01
5.064162704606350873e-01
3.387467804357084389e-01
3.667768747888530134e-01
2.373254364257864069e-01
5.925645574382435443e-01
6.214925613123576387e-01
3.359361962925141998e-01
4.959307357209940537e-01
3.083729601806606269e-01
1.276649555338672526e-01
4.062860258209179953e-01
2.883977625056444172e-01
4.497078798961219870e-01
1.751222359310135313e-01
3.861440156915917910e-01
2.831289420679688473e-01
5.223540203976501095e-01
5.350211428496716159e-01
2.079105595058192146e-01
3.977389877137724183e-01
2.377536265619102362e-01
3.871865943885303141e-01
4.684647502184469126e-01
5.697597642477331137e-01
1.214590910933655427e-01
6.216089325344144045e-01
1.956368243881478619e-01
1.858968721443943206e-01
2.379194278924326722e-01
1.886138715217096640e-01
5.321405488820819540e-01
2.771719522148471393e-01
4.025158963248616772e-01
4.540740802731433878e-01
3.844675108156775378e-01
4.122238372709083887e-01
6.287050981219908241e-01
5.367173425003225473e-01
3.214601455287569576e-01
3.881077709820833777e-01
1.294701816233384817e-01
5.001685600676512022e-01
3.914696614316434675e-01
2.298058149399845873e-01
5.633357730285819542e-01
1.887592047673618822e-01
3.974017165023573384e-01
5.501879666102642563e-01
3.113286215664345935e-01
2.758437010093982567e-01
1.347341361317259678e-01
2.690099634126276174e-01
3.995482302347196923e-01
3.166363815993403774e-01
5.330831503239165103e-01
3.586329204312527219e-01
4.043668096601762407e-01
3.728158106745851907e-01
5.365392483450436290e-01
4.441128436716344496e-01
5.237663029745817100e-01
3.665513366017257857e-01
2.440213326345819500e-01
1.778840697302950247e-01
4.528718478533653169e-01
5.152521723318058688e-01
5.687951461259100894e-01
3.009362363978432819e-01
2.045896587548595436e-01
3.328984096823729977e-01
3.757410680836074657e-01
3.172719142677549176e-01
1.284552324451684602e-01
1.499714255955105213e-01
3.599389852234539666e-01
4.259861171686400438e-01
1.852950732596454209e-01
3.197612045768341571e-01
4.273320742658408555e-01
4.948859183743704593e-01
1.745559843669209632e-01
3.538585231032464473e-01
3.180299685722765002e-01
3.969810649967009941e-01
1.695697360253936026e-01
3.858711703609825627e-01
5.876900591670876084e-01
3.967457004699611045e-01
4.618261092059404160e-01
2.602623652435484547e-01
2.057207536062973796e-01
3.403416301018286627e-01
3.808376414844940050e-01
4.068806901921078745e-01
1.726432466533990573e-01
5.752967214511843785e-01
3.578578687907830180e-01
3.343050757826409036e-01
3.799074294272430929e-01
2.578403856570435360e-01
2.951074254017896914e-01
6.071598455567098762e-01
1.642030490327326120e-01
3.097462221934649818e-01
3.939757607382350924e-01
2.713728873622340831e-01
4.324272419884684915e-01
2.958998645672184513e-01
4.706367377636409000e-01
4.482561603732895805e-01
4.015578586149415319e-01
5.231349599009070817e-01
3.841077694360867101e-01
6.161000193605935538e-01
6.378627229936129073e-01
6.026638473604374324e-01
4.139997133305035049e-01
3.708544785264517030e-01
5.585515046669633499e-01
4.185578291184088862e-01
2.867302374857772507e-01
3.549850411851800391e-01
1.760307823120824955e-01
2.853886538523520144e-01
4.665267576926916959e-01
4.306000357017851776e-01
3.176972903449329921e-01
4.231639561362001145e-01
2.015706927879733212e-01
9.906115580082239247e-02
2.483840934445414594e-01
1.759177049338607746e-01
3.172719142677549176e-01
3.083729601806606269e-01
5.217788941643189959e-01
4.049235441047700501e-01
4.227476768470449509e-01
5.338789993297002878e-01
1.930921177810165368e-01
4.526077893630883753e-01
1.494698271240453569e-01
5.124971252644023867e-01
5.961428763984056856e-01
9.235436122005967474e-02
3.776951078340296530e-01
5.758716488481868678e-01
4.320759622224077945e-01
3.901865086545773242e-01
5.691044976193775362e-01
3.817124279930742548e-01
5.068153697920807499e-01
6.025830519384693940e-01
3.659086895840218956e-01
3.705426640817846007e-01
1.980361520162319533e-01
2.610725650768636052e-01
5.816489751630046223e-01
2.105126621473082660e-01
3.768166817787239609e-01
2.868539729277633232e-01
5.429649275422283594e-01
5.223540203976501095e-01
3.351146854472815684e-01
2.396638748196513180e-01
4.152506459953388407e-01
4.447012612768260209e-01
4.072497484516850175e-02
5.336619835607306905e-01
2.395600618839210105e-01
5.431970839752487956e-01
3.252681148358332885e-01
3.925337230790629794e-01
6.062230316760122140e-01
4.814935252902119434e-01
4.101766755973525469e-01
6.438124959091250377e-01
3.585419264622003999e-01
4.528718478533653169e-01
1.392514163633599700e-01
3.401971019718074141e-01
2.839423133043479375e-01
4.621888547498848032e-01
5.051554649952153531e-01
3.749377973793319163e-01
2.659886611968338421e-01
3.776498679439410644e-01
5.949681918009223081e-01
1.177799064029619869e-01
3.846132737473636487e-01
3.387467804357084389e-01
5.254625026252326414e-01
3.936846641451385853e-01
2.853886538523520144e-01
4.401633742010438444e-01
2.483023481191713455e-01
3.983759196161947846e-01
2.522193913654351416e-01
2.322592944416886351e-01
4.367331097274756990e-01
3.068606653210019242e-01
4.418836811714717538e-01
4.588997466078522658e-01
2.402405032910685800e-01
2.962416979966030484e-01
6.356320186544015538e-01
5.538690317747184677e-01
1.477790566510177594e-01
2.882208978511142106e-01
2.528848374160005408e-01
2.815844735570511292e-01
3.172719142677549176e-01
2.674400032112784209e-01
5.923191657607110860e-01
2.888803351572143407e-01
3.530093746319616366e-01
2.886679161141395000e-01
5.708513734056286371e-01
4.394116635341663302e-01
1.988737978110984017e-01
4.211423741898611128e-01
4.232275162006871039e-01
2.931566693091282039e-01
5.544933560195356437e-01
6.350805028579047107e-02
4.559299134823642241e-01
5.431970839752487956e-01
4.905803363651424220e-01
2.907011156940215169e-01
5.290339713464615734e-01
2.620565993115323011e-01
2.533704193249612380e-01
3.083729601806606269e-01
4.097349310184075777e-01
4.326692007510691829e-01
4.756806135089288734e-01
2.856789282837339239e-01
4.438129387227221501e-01
5.862222910683742017e-01
3.083729601806606269e-01
6.159523633781731622e-01
3.647080761264266946e-01
5.132951112670069982e-01
5.237663029745817100e-01
3.692961921899334810e-01
2.985028932060166396e-01
4.599199819428466673e-01
4.151539270367492485e-01
3.280337992830339444e-01
5.773311148805548854e-01
4.170797512573097832e-01
1.215733774962477060e-01
2.979768325652050742e-01
4.186968081245844853e-01
1.240971269830009743e-01
5.813703895637465369e-01
3.257760397949194808e-01
4.617350965277719488e-01
1.396834168188637593e-01
2.185867059427682169e-01
3.969810649967009941e-01
1.478426279409744137e-01
3.550168109274096651e-01
2.779961048912175658e-01
5.431970839752487956e-01
3.137666619936855250e-01
5.362816845165538915e-01
4.068147310992347165e-01
4.803253342111808433e-01
3.705594230843810566e-01
3.653130210529932365e-01
4.354615313451064007e-01
1.833823008303191449e-01
2.750657497677462260e-01
5.583152829508858384e-01
2.173754394105062715e-01
2.797188977834821344e-01
1.276660361932031029e-01
5.187632537428257251e-01
5.691551737549778167e-01
4.057183539230921343e-01
4.307974087697248322e-01
5.132951112670069982e-01
4.812933006411547754e-01
4.449123359659670207e-01
3.865313753644814554e-01
4.293800761865902427e-01
4.515881340106941422e-01
2.080744966807978602e-01
1.222326602442606325e-01
4.669399460279823333e-01
2.855037369517628987e-01
1.627180185522592304e-01
3.181028509735753795e-01
4.001359891750837505e-01
4.473249810547345606e-01
2.444338297719708952e-01
3.752454393792823417e-01
3.647657333608335661e-01
3.934719635298659091e-01
4.800763409248529623e-01
3.363471027392735402e-01
4.316739181800220426e-01
2.523116264764639349e-01
2.198454673333107012e-01
1.346722085415612835e-01
2.889853052517775689e-01
5.132951112670069982e-01
3.848707679363655987e-01
3.896919594662531794e-01
4.011827091348787455e-01
4.933608624423543310e-01
2.759868172247884610e-01
3.769551363060105742e-01
5.923191657607110860e-01
3.622808801265248180e-01
4.598315007120307718e-01
1.852976373440117230e-01
6.945035597729511123e-02
4.788756037792122333e-01
4.276496837552912211e-01
2.568559544772942016e-01
4.508999557603876052e-01
4.015578586149415319e-01
2.493888742180921658e-01
5.528708054281870066e-01
2.331502557087442584e-01
4.943600266353017636e-01
3.338899431544257723e-01
3.783339321635491026e-01
3.707030649219951735e-01
4.729920241323434249e-01
4.292743579352606420e-01
3.499686047493131835e-01
4.364327964001339377e-01
2.979768325652050742e-01
2.707142793896764044e-01
2.887536417000277633e-01
2.934596488933982616e-01
3.673583436204330144e-01
1.276102790774187867e-01
5.319859945367241272e-01
2.522742138569289971e-01
2.353145642011602312e-01
2.914737859758258498e-01
3.062702049921470770e-01
2.745003072689869428e-01
3.083729601806606269e-01
5.651797993303681045e-01
5.449250298777945645e-01
4.658781352951129051e-01
3.943899786985503031e-01
3.032064566770013014e-01
2.948824719784812198e-01
5.923712798997653461e-01
5.987365887288850219e-01
8.975981134481475499e-02
1.166812694774089082e-01
3.138387051871862066e-01
2.058922326338690767e-01
3.732495423469686657e-01
5.132951112670069982e-01
1.256104130100566540e-01
2.232324584527750622e-01
1.823099794199447010e-01
5.051191701414298185e-01
5.061162610524909677e-01
3.703083116142881215e-01
3.753212922685257302e-01
2.230159664351176740e-01
2.648671536240802538e-01
2.143207614827417340e-01
5.113571187412517816e-01
5.086406932141041004e-01
3.087706650593170510e-01
4.757485405929403055e-01
9.989193004915110363e-02
1.393974857087925678e-01
3.265091119206056658e-01
3.078194194861305633e-01
3.013853396879222490e-01
4.492810811985408770e-01
1.994287677781616253e-01
5.412590914494935790e-01
2.708335484459434284e-01
5.501879666102642563e-01
2.555427210793667636e-01
3.978524339734005877e-01
2.084135474409760103e-01
3.969697232186814029e-01
3.776951078340296530e-01
4.417692424971721432e-01
3.083729601806606269e-01
2.298174630278111141e-01
4.195908695961231838e-01
2.186340574684312588e-01
3.328984096823729977e-01
2.240832978124003283e-01
5.027800545815004352e-01
5.254625026252326414e-01
4.997507574406844788e-01
3.176370505249227483e-01
3.257580916201135990e-01
2.348601925279172054e-01
3.925337230790629794e-01
4.063842082481474716e-01
4.359122933022702706e-01
2.979768325652050742e-01
2.668051461498354149e-01
3.187692289460034023e-01
3.408851478031475479e-01
4.087921758500022151e-01
5.229988250961420393e-01
5.944879062348603638e-01
5.169177985842644540e-01
2.757050924437220996e-01
3.554056456062274494e-01
3.969810649967009941e-01
3.327579239687113444e-01
4.571014077597884140e-01
6.064684233535445612e-01
5.056276074184795633e-01
5.027800545815004352e-01
3.403292189938824097e-01
1.578538937584234025e-01
2.301607194933568690e-01
1.007436336660022663e-01
1.762341759735943092e-01
9.177765177974536726e-02
3.803763014970069634e-01
3.034921703455671360e-01
2.125263630863545028e-01
5.644661574533043069e-01
2.530607633925984756e-01
3.617750014250460944e-01
6.143658662930118197e-01
3.345818480527873451e-01
1.642884929424835161e-01
6.153745827370206145e-01
6.117227564910806548e-01
3.750608339318908246e-01
1.947830750333868766e-01
3.570740161742043672e-01
1.260721985863262617e-01
6.039438496262860001e-01
1.912530687277594066e-01
1.758114610603073447e-01
2.154545638551029207e-01
4.464686221940308841e-01
9.713558394545056263e-02
1.193215335188364812e-01
1.686013274366417181e-01
4.219598562348131909e-01
5.080649204768709071e-01
2.938855893622464022e-01
4.613420171662612757e-01
5.987989072356373343e-01
3.086131564405818484e-01
3.387467804357084389e-01
4.301366383351605260e-01
2.446462569223293859e-01
3.123300402078763582e-01
4.140842866427169033e-01
2.659430055486088906e-01
3.124574613457409833e-01
4.447012612768260209e-01
4.044111009980768112e-01
2.909550716773437462e-01
4.374526068303130066e-01
4.358174112670664679e-01
4.770614040700659197e-01
4.830104345454862003e-01
5.727628312077278627e-01
3.062702049921470770e-01
3.628277408350784050e-01
3.122688116110783896e-01
1.796174880493102699e-01
3.597567052152585432e-01
4.763538369390715732e-01
4.276763861334156869e-01
1.273343759496563810e-01
4.023157813320129561e-01
4.025265381740587567e-01
5.441683005944534246e-01
4.386362891614433157e-01
3.119684036987606102e-01
3.684222913501231100e-01
5.068153697920807499e-01
4.989050413646337057e-01
3.014575742341051856e-01
5.094854074169858915e-01
3.172719142677549176e-01
3.360236464431519687e-01
4.274433802025832119e-01
3.686691217586863245e-01
3.671874651554892233e-01
5.095014525628622781e-01
3.328984096823729977e-01
5.115524828658766232e-01
4.341389100245210964e-01
1.960673430816537444e-01
5.158742789227238612e-01
5.326855098877711914e-01
2.083614727989447080e-01
2.932854908243355818e-01
5.225542298715353251e-01
4.568221393817309961e-01
5.319422441001588897e-01
1.442784297901545942e-01
2.701921372692998036e-01
5.521120185578292094e-01
3.635966985006648389e-01
2.764331018825821884e-01
5.412590914494935790e-01
3.474401323540707298e-01
1.983524579999853543e-01
3.100865811366191327e-01
5.755104625011931985e-01
2.351652321937527657e-01
2.033273920035301163e-01
2.842460341853750849e-01
4.712393171303512207e-01
2.631137269447540450e-01
1.647261083155580064e-01
5.551863811781955205e-01
3.912494762344610466e-01
3.152643134360244570e-01
3.998067147596023885e-01
4.277842913764818844e-01
5.267020489219883528e-01
1.534765762167155656e-01
3.969810649967009941e-01
5.431970839752487956e-01
5.925645574382435443e-01
4.942790980667904899e-01
2.872240543161442283e-01
5.203172674369164197e-01
2.937971093787049015e-01
2.760998982408938707e-01
3.092724336797995077e-01
4.100339192206293171e-01
2.555775252323543856e-01
3.599740111834073275e-01
6.205291569964137555e-01
2.475927615469692977e-01
3.135551025305575723e-01
1.466299513649930997e-01
3.762194603910560819e-01
3.449864671124193150e-01
3.519020566765219682e-01
1.730194807425000092e-01
1.229909614051756805e-01
2.242907792079085472e-01
5.942221136173968521e-01
5.028526386763364497e-01
4.500662918890718789e-01
2.566958165001653192e-01
3.881201799072993563e-01
3.187677535243171323e-01
4.400432225941929287e-01
4.396070525003398788e-01
3.258788723729643122e-01
3.748870243720859308e-01
4.476613805252773193e-01
2.545642197539763618e-01
2.808742239545611863e-01
3.759871941978876753e-01
1.423091434612963613e-01
4.535866016755647490e-01
5.068153697920807499e-01
5.443848436464220342e-01
4.642584068699937005e-01
3.967554159060908692e-01
4.215644871893062251e-01
2.853886538523520144e-01
3.062702049921470770e-01
2.508645302880471162e-01
4.096929428766427628e-01
4.692617689597473607e-01
3.201762959410542897e-01
1.363626549311216241e-01
4.412809320715022632e-01
2.803228836599676588e-01
2.841895472061823913e-01
3.657021976928781504e-01
2.431015174410462998e-01
2.482081725609807388e-01
2.939480329082582721e-01
4.167904640436226327e-01
4.513531198641236863e-01
3.287546844983489369e-01
4.316739181800220426e-01
4.147743161600649930e-01
5.460278572296036748e-01
4.886423438393872609e-01
4.880563319147120382e-01
3.811506373059054265e-01
2.861144264084991007e-01
3.122451608976745674e-01
1.507335863431446821e-01
3.689728979355455518e-01
3.054875265804850026e-01
4.031228268083477673e-01
2.508645302880471162e-01
1.816268105354832685e-01
3.854005830810273148e-01
4.925706433214340207e-01
1.647261083155580064e-01
5.141780792720730409e-01
3.691235952926727459e-01
3.963392738171206964e-01
1.870722722616303124e-01
5.432179797193319171e-02
3.630644893167145892e-01
5.852284916105389145e-01
4.428978253379503016e-01
3.744746122572358837e-01
4.866906221484540995e-01
3.669618008897071459e-01
2.089998791875975481e-01
4.335365674320694196e-01
4.725315599393706267e-01
5.315014036912208972e-01
1.345759818406050967e-01
2.315278941834081616e-01
4.413117188575580441e-01
4.020297327702682666e-01
2.591651920984538449e-01
1.558621648053659936e-01
2.734051695717882868e-01
1.128904349143447366e-01
2.508298639588816270e-01
4.765066203626477925e-01
2.524039182345388377e-01
3.925337230790629794e-01
4.160231994491068730e-01
4.073994260060735395e-01
4.842578859635065514e-01
3.841657306936308025e-01
3.502380730844600887e-01
1.825395010897156722e-01
5.710959657881439222e-01
2.058922326338690767e-01
4.239785350460257285e-01
2.699036807403690230e-01
2.240832978124003283e-01
3.894486273505886054e-01
3.439976318067317629e-01
2.512157303324851210e-01
1.308588855169634246e-01
4.073384947802826117e-01
5.359271574715693820e-01
1.483424693146159212e-01
6.038583346218938663e-01
3.003313009297743919e-01
3.542763937066684132e-01
2.909188779567249417e-01
4.672162239617045909e-01
4.495477330841327057e-01
4.683443381391235727e-01
5.431970839752487956e-01
3.083729601806606269e-01
4.380545177618796471e-01
1.237646917662881263e-01
3.959682695496166693e-01
4.743378340511639757e-01
2.027320194922944963e-01
2.552801053737624448e-01
3.017296179830275538e-01
4.979076943465606253e-01
1.092924071476088360e-01
2.974247714499427264e-01
3.824461404902299577e-01
2.789062854096413524e-01
2.255825252898945588e-01
6.143658662930118197e-01
2.719083944436612166e-01
3.393907172390907556e-01
1.008531682652047540e-01
3.770063236162394249e-01
3.245032218296666771e-01
5.431970839752487956e-01
5.622335057029823613e-01
4.025745071005542575e-01
2.881068507170395088e-01
2.856743318696576828e-01
4.099589239364815896e-01
2.717629858418467714e-01
5.350211428496716159e-01
4.454314550049948696e-01
4.114239213190349354e-01
2.004379304345901835e-01
3.525820374236544597e-01
2.937971093787049015e-01
1.267267448097710303e-01
4.097620491546684063e-01
3.969810649967009941e-01
6.306330680702929570e-01
2.653983817227682507e-01
4.084264589865969630e-01
3.457153293751565326e-01
4.982978062343731973e-01
2.991137383641748748e-01
5.660762750054649795e-01
3.684813862761654457e-01
3.803330548553634505e-01
4.920545941365453424e-01
4.356815858902944871e-01
4.015578586149415319e-01
4.888231827259426066e-01
3.123749943681857766e-01
4.198646629592228119e-01
3.363328264363882325e-01
2.788608785926610101e-01
3.931483168165179065e-01
3.413444058817668991e-01
5.635767847980875933e-01
3.940474711173476141e-01
1.697413892556244308e-01
2.329966866062299080e-01
3.875106348248334442e-01
1.579051492529865985e-01
4.765402943810813086e-01
1.524541105471988178e-01
2.890791420710266402e-01
1.190439654876171288e-01
3.518069469097990232e-01
4.125145972038540276e-01
6.229407196588733209e-01
3.091171641265075265e-01
5.346560273804106256e-01
2.376460105825673741e-01
4.290155370620457043e-01
3.009555117765598808e-01
5.708513734056286371e-01
3.365519865818855094e-01
5.276932069644439949e-01
3.674873051421927994e-01
5.575223168120192474e-01
6.182980980155120543e-01
2.642183119140845138e-01
3.771980229368320225e-01
3.102353686048074932e-01
5.089048377663152323e-01
3.074258871561303397e-01
3.130522977368598303e-01
1.657512247550124440e-01
3.437710146233012298e-01
2.810173412093467382e-01
2.919692352805151603e-01
1.439130707905652284e-01
2.981754194390237034e-01
4.374097130633877173e-01
4.713266252995854666e-01
4.377218105354060973e-01
5.350211428496716159e-01
4.612496952657215155e-01
2.217663714720859436e-01
2.233470805803522974e-01
6.423100649112508664e-01
3.466963748285226687e-01
2.720702774616278186e-01
3.694469270692324891e-01
7.679762056222036448e-02
1.677784540480567743e-01
5.638676549069393529e-01
3.277311840068308779e-01
4.248019956929782182e-01
2.188992290471786784e-01
3.551715307445058034e-01
1.461575693611028015e-01
4.306000357017851776e-01
9.469109583708189282e-02
4.015992659425898781e-01
3.201406044562641884e-01
5.434876425773168540e-01
3.443398038711183995e-01
2.036144575096762721e-01
3.320834295659458313e-01
1.534010549985254102e-01
3.251511034501861075e-01
5.965455891877537997e-01
2.920390834789350909e-01
1.714988936907517469e-01
5.595965335305387311e-01
3.686121119636372456e-01
3.353596029526594857e-01
1.939598077139677579e-01
3.208764396065849067e-01
5.132951112670069982e-01
4.099313594838614461e-01
2.526658061555255297e-01
5.525877811950655749e-01
5.273468536204802826e-01
3.883872458879950029e-01
4.104247075469297235e-01
3.776152076432686133e-01
6.619068507040783145e-02
3.873928412941922694e-01
1.408585473169483293e-01
3.083729601806606269e-01
2.409758138585607889e-01
5.472698211599221763e-01
6.387109174039142800e-01
5.386202903570082023e-01
1.847383624093258403e-01
4.748766367433983060e-01
3.686459444898602666e-01
2.188321845137511101e-01
3.312130173526574572e-01
5.138269641462344106e-01
6.535456697881331101e-02
4.780382135716600422e-01
3.069944424653153203e-01
6.243987182728991669e-01
3.083729601806606269e-01
3.101899492111435119e-01
3.798244798584310966e-01
2.068188343514035799e-01
3.606140050405642339e-01
4.280490864862368516e-01
3.764662584744241647e-01
3.891589243787650920e-01
2.293251607003952419e-01
4.212881221542543186e-01
1.570085959350577820e-01
5.068153697920807499e-01
3.783339321635491026e-01
4.296721161348980855e-01
3.617212204076837301e-01
2.653983817227682507e-01
4.258646846109711004e-01
3.361164613289019387e-01
2.756934124464586189e-01
2.086961012437662244e-01
1.952109031481135126e-01
3.747653943293022261e-01
6.134831359976602450e-01
2.556177369435422286e-01
2.388515556592362143e-01
4.133369632635731095e-01
4.385340733605937458e-01
4.110439325182048131e-01
2.129871822328362196e-01
5.614428064853541622e-01
2.821591134573023241e-01
3.260169114539331892e-01
7.719982217693981130e-02
5.927020325433004500e-01
2.235631177586085705e-01
4.516783257744224622e-01
1.929589678078518222e-01
4.571014077597884140e-01
5.035083753192650668e-01
4.392621796710995952e-01
5.098825714982464508e-01
3.218621242971153040e-01
3.908603601913244741e-01
4.272023509712357670e-01
4.489389166178007207e-01
3.754101990277941558e-01
3.703083116142881215e-01
5.002409988550186037e-01
2.303401195449419347e-01
5.388810783898452250e-01
3.508719283766735808e-01
3.083729601806606269e-01
3.597567052152585432e-01
1.789227990265887802e-01
2.517692691561035367e-01
4.351670680465614116e-01
3.470859315752837237e-01
3.014326150259067916e-01
4.863611472336115127e-01
4.255599184100496979e-01
5.231586641431709150e-01
1.377351834426339960e-01
2.098007393261986375e-01
3.399719541815702240e-01
2.921530776038473998e-01
5.016970545273338189e-01
3.707619411592577574e-01
2.647364920673009880e-01
4.236839697827978202e-01
3.104353542968757984e-01
4.905803363651424220e-01
3.874091416116247633e-01
3.996198660891863153e-01
5.874418604984977810e-01
5.455981574756868513e-01
5.217895160571255353e-01
6.294751223111364480e-01
2.074795837901819429e-01
1.390045210965275280e-01
1.338103422367651896e-01
1.622144261047722136e-01
3.583499854821909913e-01
3.002450096010020886e-01
4.203210157199854247e-01
1.502228680090800239e-01
3.031247090649614173e-01
3.061469934054127928e-01
3.089461756935367176e-01
3.944785692737560190e-01
3.669676280518064382e-01
1.647142152422496342e-01
2.833387698984590197e-01
3.199607544504360912e-01
4.637627129955807503e-01
4.014386771797017195e-01
5.218390900179062930e-01
2.659349798574846546e-01
2.505856920117817133e-01
5.002085260138106754e-02
4.159962625833935057e-01
3.747477900904146453e-01
2.105456449678401731e-01
1.805935855650959432e-01
1.670228357743954728e-01
3.942517259178993094e-01
9.743533412839666674e-02
4.428443909589341310e-01
1.579649199938795157e-01
3.387467804357084389e-01
3.198415518115313438e-01
2.508645302880471162e-01
6.067375560679358903e-01
3.402283409987760243e-01
5.553846859601186958e-01
5.691551737549778167e-01
4.528878941425765192e-01
5.214271874146523267e-01
5.187632537428257251e-01
2.937971093787049015e-01
5.237663029745817100e-01
3.731799608573931892e-01
3.080325132007211142e-01
2.713186514015310524e-01
3.545594204343386902e-01
4.639701578043729513e-01
5.431970839752487956e-01
4.803253342111808433e-01
1.368995353656126124e-01
2.907637197226740078e-01
4.347397785465004216e-01
1.936650997417595499e-01
1.622144261047722136e-01
2.929486607323030789e-01
5.051191701414298185e-01
4.689247244404560755e-01
4.319511353113743013e-01
6.201000794245478120e-01
2.896819168440610270e-01
3.712690409423828886e-01
2.248844977293383285e-01
4.374287950106313660e-01
4.165136606955555099e-01
2.358949920783063592e-01
4.023157813320129561e-01
4.329600703402232131e-01
3.007579206434777830e-01
2.456758541950981589e-01
3.063627503626851212e-01
3.926048319600917713e-01
6.404071170545652114e-01
4.270920234173277708e-01
2.696392984784434232e-01
2.421739511646355258e-01
3.393638634210651150e-01
5.995069271272421840e-01
4.086824047883596545e-01
4.599648745709519204e-01
4.421579707419070471e-01
4.796506734012213058e-01
2.367522019959150958e-01
3.783339321635491026e-01
2.475091716066878111e-01
2.045896587548595436e-01
5.284961217797548017e-01
4.489528753854094001e-01
3.397739344018495533e-01
7.554719262776250777e-02
1.633249722142613991e-01
4.004116420164480772e-01
3.832693910753840472e-01
1.886193451854535352e-01
1.904497897083211599e-01
4.575803606131443879e-01
3.805666378584891540e-01
5.425527032461163746e-01
5.271288373295555107e-01
2.578786941314227810e-01
4.587789372716296610e-01
3.252354518372477798e-01
2.307240287371186138e-01
5.571193401201941509e-01
5.103455197421443712e-01
2.873473432338918832e-01
4.242560569280919291e-01
5.449250298777945645e-01
5.644967834449008404e-01
3.169363488080336189e-01
1.558621648053659936e-01
2.797188977834821344e-01
3.521067733843631364e-01
4.121752980281894185e-01
5.344861059906966805e-01
1.304184774964872173e-01
3.280337992830339444e-01
2.985709440820131788e-01
4.023359919586572686e-01
2.928818086948926647e-01
9.859341625622190797e-02
4.015578586149415319e-01
4.590042761027305351e-01
5.173416652515285818e-01
4.015578586149415319e-01
4.527697246626405936e-01
2.412751264560683839e-01
6.161866062934007182e-01
5.644967834449008404e-01
3.604985869440349711e-01
5.205085652390888384e-01
2.029979781011939932e-01
3.357243414332303777e-01
4.023359919586572686e-01
5.695701228259757443e-01
6.468868585294914597e-01
2.114929453081314525e-01
3.062702049921470770e-01
1.605465547583774522e-01
4.109417670240896880e-01
4.890993090118846975e-01
3.818088360685173988e-01
2.566958165001653192e-01
5.727576564740839427e-01
1.937519701176762255e-01
3.847183661787585418e-01
5.257785284919417323e-01
2.080766620531113997e-01
3.741034645531748359e-01
1.749280646164818043e-01
3.083729601806606269e-01
2.499487558478384608e-01
3.542977811367175600e-01
3.932834267774767967e-01
1.511981424276952757e-01
2.425661163779439244e-01
4.302817441611122007e-01
5.114233999427409971e-01
5.462637737792090942e-01
5.237663029745817100e-01
5.955528410783056392e-01
3.532217064697673603e-01
4.648905241892578588e-01
6.154410779500105733e-01
4.998004725513525703e-01
5.434876425773168540e-01
3.350235389989327239e-01
3.565309349149891061e-01
3.060628088270568314e-01
2.810531848616147355e-01
5.026113940822743986e-01
4.624600715558740416e-01
3.582596205551989432e-01
5.002176760708447745e-01
8.635723657100534412e-02
5.300595068701174917e-01
2.582466163838621487e-01
3.874476559902210182e-01
2.896751409218946138e-01
3.774834957774974575e-01
4.015578586149415319e-01
4.517408403111360937e-01
2.802688447686212392e-01
3.456731099679283825e-01
6.404071170545652114e-01
2.453625875072608653e-01
3.510853259065222498e-01
1.766761446461747875e-01
1.840211900181078220e-01
3.501943318985134002e-01
3.858939142019515156e-01
1.463175199352517164e-01
3.429610043756962656e-01
1.105888264549867300e-01
5.870126124138262680e-02
2.896054566361199178e-01
3.186319892639911666e-01
4.816030766236794047e-01
4.438129387227221501e-01
5.775747876060726149e-01
4.397291973556358702e-01
4.601999164693780231e-01
4.023157813320129561e-01
2.714515652240743759e-01
2.865222957420725525e-01
2.881494032504744451e-01
2.911350956779519272e-01
4.003595608262261463e-01
2.018476140034720645e-01
2.022915452623350874e-01
4.432550374529187209e-01
3.137310820360155184e-01
3.270456784577037146e-01
1.898718668778859586e-01
2.035971017902146463e-01
1.412649740737282333e-01
3.587048241378986702e-01
2.182349270590648871e-01
5.472698211599221763e-01
5.554458298461963928e-01
3.974192535963059214e-01
1.749340754397377962e-01
2.136701925055686513e-01
2.671049750150087942e-01
3.387467804357084389e-01
5.681911511027455397e-01
1.193529625472733724e-01
4.261766128694279843e-01
2.338396551446367544e-01
5.386208000764833859e-01
1.528833529671657088e-01
3.708544785264517030e-01
2.999317835535226240e-01
2.489839545845564661e-01
3.412793301709938776e-01
3.204193296463164753e-01
3.642112499347294197e-01
4.024284469018006294e-01
3.395697593229204947e-01
3.682856528543759778e-01
3.035152458575893775e-01
4.344935917315322915e-01
4.268576424703989236e-01
4.970148219432917736e-01
2.257646187266263149e-01
2.266083203505670496e-01
2.646378720546330165e-01
3.969810649967009941e-01
2.994387186217452035e-01
4.465464234298406887e-01
3.715356724558260271e-01
1.936650997417595499e-01
4.386686809817844090e-01
2.936129285243101461e-01
4.453917847148400888e-01
5.123825802599594192e-01
5.695701228259757443e-01
6.422278570549541099e-01
1.332416220047986100e-01
4.346671038163906209e-01
4.007769175525915939e-01
1.918839767105444405e-01
4.095127320966918116e-01
3.679129851385685157e-01
1.782093349900677748e-01
4.358174112670664679e-01
1.291202164845049183e-01
1.586372476731175152e-01
1.521737648358706674e-01
4.351274852734943188e-01
5.635990815951203992e-01
2.874267236230430567e-01
4.870132411076891210e-01
5.933840547668218779e-01
3.904376849829395146e-01
2.241052725008170488e-01
2.321224417265617679e-01
3.688804108750861066e-01
4.848207833988342208e-01
1.484736749948560863e-01
6.208456077679380680e-01
4.841509077571448105e-01
4.787549761292951844e-01
4.023157813320129561e-01
3.882862750748846681e-01
4.024436168768000255e-01
3.083729601806606269e-01
3.772361763334264317e-01
4.179594942265123514e-01
3.236991323936811993e-01
2.942961000072599753e-01
2.759619774431147365e-01
5.122835122678994768e-01
1.038582047754308679e-01
4.538503619633184050e-01
4.027791050055079536e-01
3.741086687017067813e-01
3.062702049921470770e-01
3.908204324429437881e-01
2.087445172141978167e-01
2.647050312333666944e-01
5.378759130400184718e-01
3.121795076988502227e-01
4.366263824311492625e-01
4.870623491075386502e-01
2.663589196981808183e-01
3.683341509370395284e-01
5.866615223893850706e-01
2.101370391187282194e-01
5.956622261085185999e-01
3.997808612556527641e-01
2.587972200589776506e-01
6.143658662930118197e-01
5.512239814216859379e-01
3.109319898634675949e-01
1.143482906115112357e-01
4.316739181800220426e-01
2.786580424628100072e-01
2.035445542233032812e-01
3.191732523089367279e-01
2.721560734145806459e-01
3.747653943293022261e-01
5.068153697920807499e-01
6.241533265953668197e-01
3.771118214118172052e-01
5.411859654139268283e-01
1.840662543543233887e-01
4.106314796590573857e-01
6.241533265953668197e-01
3.648433413730495234e-01
5.051191701414298185e-01
5.296266683501503758e-01
2.838937361236990031e-01
2.988962179687672527e-01
2.503517176763102037e-01
2.985435079947176273e-01
