5.250610923021862275e-01
2.589920388128671425e-01
3.172719142677549176e-01
6.287050981219908241e-01
5.146567869320680666e-01
2.107481616915029277e-01
4.104415700733021199e-01
2.104987277015505365e-01
2.865808462328353623e-01
4.413856600908906413e-01
3.777664513065869256e-01
7.333069515982774955e-02
5.459389294745493615e-01
5.695701228259757443e-01
2.814769209808240524e-01
5.587189766176170469e-01
4.499849454836335472e-01
4.082352705288143646e-01
3.542500227917181332e-01
1.077541857145081078e-01
3.907901433193771701e-01
5.064027418987578910e-01
1.556790141996330923e-01
3.390107944398647599e-01
5.746790428922974314e-01
3.717589869605610886e-01
1.885196186325056866e-01
1.037978915741095687e-01
1.403508340826930822e-01
3.614332436636422674e-01
1.133238289911215058e-01
4.379889708931986592e-01
3.494716778402073842e-01
2.402431126930717198e-01
2.981680304814852689e-01
3.115193413608580708e-01
3.501677645378437065e-01
2.567362306855655585e-01
2.113313954163716091e-01
3.219147487792819451e-01
5.532668653597770936e-01
1.947830750333868766e-01
2.045896587548595436e-01
3.713508760715104606e-01
1.548297666739723022e-01
2.854255733827372743e-01
5.302391035753010184e-01
2.410221490634595620e-01
1.606703811474558818e-01
9.190340832597169995e-02
2.900768562035340725e-01
3.965025559651555453e-01
2.736748648069380896e-01
2.238777902286443189e-01
2.917340903780107908e-01
2.994145514327964941e-01
5.027800545815004352e-01
4.184980543238741024e-01
4.272576298612237866e-01
1.986336438545675265e-01
2.516757292921033562e-01
4.066949781004970399e-01
4.037668692142967752e-01
2.321330702714984595e-01
5.169177985842644540e-01
3.626006122691401434e-01
3.211986239946278965e-01
5.859460687423027059e-01
4.438129387227221501e-01
3.466173025161505827e-01
4.073109335497879790e-01
5.441909899711064869e-01
4.952133506694892939e-01
3.611508482647020069e-01
4.244387434438051665e-01
8.400724737671781683e-02
8.096578265828402454e-02
2.855037369517628987e-01
6.468868585294914597e-01
4.043087461261306026e-01
2.915197916924016086e-01
3.840812276445424445e-01
1.643171812932857079e-01
3.264504334802764141e-01
5.208120318840155916e-01
1.158670172495389339e-01
3.245007945297272434e-01
4.898373387415280722e-01
3.331183064473483557e-01
3.382058535312160719e-01
4.872126310183480524e-01
2.440760457816859297e-01
4.802984073236627460e-01
5.801956422907241784e-01
3.652872613025033299e-01
6.159523633781731622e-01
1.934254303513365525e-01
2.894395729854865040e-01
3.862164010540387049e-01
6.097608937316256750e-01
3.614936584138884190e-01
2.592198254199956642e-01
5.431970839752487956e-01
3.836547909683585278e-01
5.695701228259757443e-01
4.598084548227758250e-01
1.312275037485230444e-01
4.073941220755888382e-01
3.068159294337141074e-01
3.420505092323027352e-01
2.662993285648027619e-01
3.419931553973958316e-01
1.972426470548207245e-01
6.241533265953668197e-01
4.983160825462881749e-01
5.027800545815004352e-01
3.790918548806205268e-01
5.237663029745817100e-01
6.205291569964137555e-01
2.566951426601658537e-01
6.766203066394479992e-02
4.090718903365399006e-01
5.766753346869615271e-01
3.030387807969816549e-01
4.610551006054674494e-01
2.274436702250651476e-01
2.454185150838810725e-01
4.232910746021415482e-01
1.607717643926374618e-01
3.786552721468171567e-01
4.341267731090657778e-01
2.495681179446179732e-01
4.250136247955940139e-01
4.689300718176659943e-01
4.447012612768260209e-01
4.661603168904315808e-01
4.133369632635731095e-01
3.481528060343745956e-01
3.019598345925234018e-01
3.448664953209623629e-01
6.134831359976602450e-01
5.749674511932842957e-01
2.927238830707467598e-01
4.919606155437717954e-01
1.599544401278981398e-01
3.083729601806606269e-01
2.853886538523520144e-01
4.582958283960034129e-01
2.718573968230820759e-01
4.023968914828903176e-01
4.447012612768260209e-01
4.394448380191990911e-01
2.958998645672184513e-01
4.865700626828714515e-01
2.364506231008063342e-01
3.696174277139698261e-01
5.283996020732519838e-01
2.163785462963785100e-01
2.007642753143034364e-01
3.218258182178602156e-01
1.599566489469369246e-01
3.520076624652756503e-01
5.039642988097520204e-01
6.287050981219908241e-01
4.228728136018295447e-01
4.173201121574530714e-01
4.113695411941981628e-01
4.023157813320129561e-01
3.651890355324881043e-01
4.244783767314858069e-01
4.026285287379379740e-01
4.423744246137554237e-01
4.098719379798030360e-01
4.158371835422378648e-01
5.431970839752487956e-01
6.306330680702929570e-01
5.118335112520646657e-01
3.560852503001256109e-01
3.483555697183703392e-01
3.816098475723391226e-01
1.547509137779566335e-01
3.330998875303926021e-01
3.298162242608529970e-01
1.872708806509324753e-01
4.630416440151694513e-01
1.570079442341790754e-01
1.447976170135167884e-01
4.316739181800220426e-01
2.827808257016279914e-01
2.396685743417453218e-01
3.762116726175253612e-01
4.369869879640264076e-01
5.113571187412517816e-01
1.955338610541691446e-01
5.431970839752487956e-01
1.449418084833871134e-01
4.179359074359220161e-01
2.710425917408303409e-01
2.391960418334096727e-01
2.570547267792416268e-01
4.385340733605937458e-01
3.686139299700278427e-01
4.023157813320129561e-01
3.873928412941922694e-01
1.278087938172007554e-01
2.559975162022716799e-01
3.916155303816543642e-01
2.890495628544778040e-01
4.163921917590496791e-01
2.979768325652050742e-01
1.645770784603761139e-01
5.051554649952153531e-01
2.338396551446367544e-01
5.260241916595370659e-01
3.805666378584891540e-01
4.461875071222714539e-01
5.262074387211577164e-01
4.433079648148876006e-01
5.268216619141735668e-01
4.632798531590781588e-01
6.468868585294914597e-01
1.488633159326397670e-01
5.114233999427409971e-01
3.636380616540112465e-01
4.197739698951216125e-01
2.108566291435090001e-01
4.103352686172467845e-01
5.501879666102642563e-01
4.198617412189197262e-01
1.052778986569007369e-01
2.019854729572284069e-01
6.030697969308164152e-01
1.194400763495788581e-01
1.847987353758792362e-01
2.463946705979267737e-01
1.635341523975147038e-01
3.620137998021734638e-01
3.648156001192818798e-01
5.632042461751813889e-01
1.397024770427447993e-01
4.123166299135980206e-01
5.132951112670069982e-01
3.700764399755910872e-01
4.745854248813585197e-01
3.977389877137724183e-01
5.579020276785352506e-01
3.387467804357084389e-01
2.909200494592136255e-01
6.247778394904383026e-01
1.491739636560367732e-01
3.264749359781620730e-01
2.889073259675458694e-01
6.103305510824315050e-01
4.356148621142690858e-01
3.573196771590695930e-01
2.006665889904701294e-01
2.877760953710765124e-01
4.264464141229025174e-01
4.024957770610678720e-01
7.462881034464374785e-02
4.107645768309387546e-01
5.073166211055021302e-01
4.174958629959359957e-01
5.027800545815004352e-01
5.877423721424706038e-01
2.033708927773344444e-01
7.943137746911667352e-02
3.840861778687926220e-01
1.424865436123061435e-01
4.601434548514316547e-01
2.301890700406732937e-01
4.473420095725428869e-01
2.723346383120093805e-01
4.709926521935263177e-01
4.498892362976175674e-01
3.491646274640849978e-01
3.573358863215307379e-01
4.163965010921327203e-01
2.866641736218537573e-01
3.703762799622946078e-01
4.008438837156104717e-01
3.152775836042198687e-01
3.682149737113508264e-02
3.125405517526216870e-01
1.562714865899887118e-01
6.243987182728991669e-01
5.471887712939745851e-01
4.056081270865926625e-01
6.404071170545652114e-01
5.342730482391849778e-01
4.482694349069454298e-01
4.027689756821534739e-01
3.318386222364740901e-01
4.625695502356071964e-01
5.551863811781955205e-01
2.814176897900525498e-01
5.431970839752487956e-01
2.254944341441500744e-01
5.434611119073026186e-01
5.344327147465871564e-01
2.325027439050871558e-01
2.376471744974700540e-01
5.527975440633469129e-01
3.989226128781589997e-01
2.979768325652050742e-01
1.697169343620454074e-01
4.380066163960812942e-01
5.174463918157634623e-01
1.362331343186080068e-01
1.716311683890999473e-01
3.291405791435056960e-01
3.967240737711044685e-01
2.609510398051302360e-01
3.109145613863321111e-01
5.770721815447640290e-01
2.051476531544854931e-01
3.039732111362837830e-01
5.386202903570082023e-01
3.877505917120077084e-01
3.977389877137724183e-01
5.325207222795246276e-01
3.176443480156711519e-01
3.316540839340216262e-01
4.054279780467249794e-01
4.102626006432067429e-01
4.565250854942385916e-01
4.487837209655174964e-01
3.548816343412093954e-01
1.245503346374018105e-01
5.027800545815004352e-01
3.716470259968749912e-01
2.661960127718639990e-01
5.926693123779711581e-01
1.801747501949186314e-01
1.772649057715264542e-01
5.103003166466507645e-01
5.773311148805548854e-01
4.645409306862283844e-02
3.062702049921470770e-01
6.052430150161544065e-01
2.844909226916229605e-01
2.649120835664782181e-01
2.026530810540422833e-01
6.135229996153483967e-01
2.545647046319028939e-01
4.133429232603968995e-01
5.138434359638981430e-01
3.784681077600663551e-02
5.987989072356373343e-01
5.138269641462344106e-01
4.113822442682956160e-01
5.334648857246773179e-01
4.343544323902650550e-01
1.385386624417358215e-01
5.743002569836951343e-01
5.427028425518850563e-01
2.930819716038665645e-01
2.499487558478384608e-01
2.316263899883329036e-01
4.271616799512468754e-01
5.103551561842282203e-01
4.506513946546424343e-01
4.401916557325096235e-01
1.258036301596654749e-01
3.957825865610754001e-01
4.826219394371262239e-01
2.817920798878793542e-01
3.292918711387073372e-01
5.346675370207777389e-01
5.862836709491640874e-02
3.122164085201193928e-01
3.645665778338240126e-01
2.968402974146138185e-01
4.590123329757149762e-01
2.237490672481152743e-01
3.498901497338340327e-01
4.673419876797588191e-01
4.999517564392705893e-01
4.095165211084672574e-01
4.350594885499950437e-01
2.719794356600533369e-01
5.921487906749308694e-01
4.428906009166942992e-01
5.773311148805548854e-01
2.508645302880471162e-01
2.717257981474635598e-01
1.810375140175915498e-01
3.817537936409694521e-01
4.399945283776285909e-01
2.503054435878574457e-01
3.387467804357084389e-01
5.154484563213074244e-01
3.009362363978432819e-01
2.774938486903806845e-01
1.543412277892065032e-01
5.304443492314311337e-01
2.323382774700009645e-01
2.798991594938047278e-01
4.612487455701985706e-01
1.947830750333868766e-01
2.602277506762709636e-01
3.870243869752778565e-01
2.994387186217452035e-01
1.938657220634741329e-01
5.451485609925186271e-01
3.713348458929269791e-01
6.243987182728991669e-01
3.862561247691139732e-01
6.358303234363246181e-01
4.212342071588325854e-01
4.718143580293249206e-01
5.596891116420300571e-01
3.443633957547459490e-01
1.719494244863918331e-01
3.096924720461443070e-01
4.169086155420191897e-01
4.183487325025410097e-01
1.572787045377345982e-01
5.450496355015599370e-01
2.510982862465575005e-01
2.088306867258361565e-01
1.849364047439254199e-01
2.440774914766654924e-01
3.642907336397774309e-01
1.620767407300377771e-01
3.677203291585041667e-01
3.891373691903079468e-01
5.618272378697500846e-01
2.740066142306050723e-01
2.574854411908901741e-01
2.538355287835912799e-01
1.379604103308566532e-01
4.778057644449116848e-01
7.926589668811737099e-02
5.532668653597770936e-01
5.205085652390888384e-01
5.064972871698713019e-01
3.070697884414509971e-01
4.576375940860707980e-01
5.818165656047271650e-01
2.951049501857250235e-01
5.002540750720433360e-01
4.591264846729609661e-01
4.015578586149415319e-01
3.995348374178741002e-01
2.855037369517628987e-01
3.642359937802131520e-01
2.081823560865295464e-01
4.023157813320129561e-01
2.286600769830456348e-01
4.334612319538266312e-01
3.527396020657985187e-01
2.622824167841876219e-01
3.451125559533360643e-01
4.134387568620352393e-01
4.397311642034393286e-01
6.404071170545652114e-01
5.766987139103022519e-01
2.938701381268677970e-01
2.938841225675414282e-01
3.718170654618996318e-01
5.358402383480113107e-01
1.509738394579910881e-01
5.122835122678994768e-01
5.599614795783592891e-01
4.155625563761958796e-01
3.639801707310402201e-01
3.498995608350080055e-01
6.102049271630506366e-01
4.075695570418277347e-01
5.161781484372848228e-01
3.863042213333573449e-01
4.240155030122338964e-01
6.143658662930118197e-01
5.297731700840447866e-01
4.360749882958770973e-01
3.969810649967009941e-01
4.385328664147239430e-01
2.233505656729301014e-01
3.083729601806606269e-01
1.767616395902369131e-01
4.117212853620970670e-01
5.422434873937408417e-01
4.679213743945920267e-01
1.279941622847119431e-01
3.809249866562023357e-01
2.589235476490042154e-01
6.341341237856737978e-01
3.803468775661220658e-01
5.431970839752487956e-01
3.405900583728492803e-01
3.969810649967009941e-01
3.873928412941922694e-01
3.632691729717839046e-01
5.064972871698713019e-01
4.350585361520442063e-01
2.850959757153049279e-01
4.970148219432917736e-01
4.765066203626477925e-01
2.896191594006561898e-01
2.979768325652050742e-01
3.096649530151004970e-01
1.664589525765265143e-01
4.240259811566647885e-01
3.737679568838344624e-01
4.774982193166070199e-01
5.721219202920617697e-01
2.552453709642021895e-01
6.260562744520524747e-01
3.265381091797031621e-01
5.132951112670069982e-01
4.851386770589707353e-01
4.150950858271096333e-01
8.272203649293728700e-02
2.846015681965657351e-01
6.243987182728991669e-01
2.322006381404801423e-01
4.061489310306162226e-01
5.102207486466405761e-01
3.451125559533360643e-01
3.101899492111435119e-01
5.136218333432893690e-01
1.287346122464064213e-01
4.989973373842295223e-01
4.020288946018654164e-01
1.742584814606412680e-01
2.889624553924838857e-01
3.861439912658012896e-01
2.498117456643174639e-01
3.661120811667430419e-01
2.941005735290828649e-01
4.528718478533653169e-01
3.083233658477311234e-01
4.087995314429501703e-01
3.891158603588829590e-01
4.981982770626006141e-01
4.317057436338418985e-01
3.081573729566474129e-01
1.202592758913921117e-01
1.090079721431912452e-01
5.964510927682213914e-01
3.593534389478914570e-01
4.368431177712559510e-01
4.299483361742998944e-01
2.303848067885278239e-01
3.229218860699493154e-01
3.046262131300706555e-01
2.207509223447569890e-01
3.801319465123875196e-01
5.380449910643527733e-01
4.478502710878404236e-01
3.810308933499071959e-01
3.738029071758070532e-01
3.810766132327642053e-01
4.172215838194541226e-01
1.055404499199939228e-01
3.015502622096840057e-01
5.641750209474266642e-01
2.217366310453197653e-01
5.345021138222803003e-01
3.125383509369270008e-01
5.177506808302839714e-01
5.400937991401285609e-01
5.190038026695861229e-01
3.280337992830339444e-01
4.945324047398432787e-01
3.874414728352175152e-01
2.802688447686212392e-01
5.753368241298009167e-01
5.321405488820819540e-01
3.327090939031759897e-01
4.301382238288134485e-01
2.338396551446367544e-01
4.024238122379759086e-01
4.140522430198149695e-01
5.649933292077351510e-01
5.512898641190014937e-01
1.392145165814861751e-01
5.223540203976501095e-01
2.121332614817835471e-01
3.860246372909349466e-01
1.051032304526047789e-01
4.015578586149415319e-01
4.790366898927709838e-01
5.476848377916172517e-01
2.564583009447676254e-01
4.175184390784969501e-01
3.285677003947199970e-01
2.691081832580893840e-01
2.318564503767090168e-01
5.959050056816199703e-01
3.523106418416666608e-01
2.078001412126979364e-01
2.982916238381282947e-01
3.523028194562711213e-01
2.944755006824822385e-01
4.032138517513813025e-01
4.147591634390283000e-01
3.974578026907065742e-01
4.213111778138255437e-01
4.128511046675726881e-01
2.334199015726153570e-01
4.784010027702088053e-01
5.002540750720433360e-01
3.157523008176224000e-01
2.278111628954101742e-01
2.131897904232889773e-01
5.124971252644023867e-01
3.328984096823729977e-01
4.143388427729089440e-01
3.310448048328233916e-01
3.916665423458892126e-01
5.620991104302598407e-01
4.738105480671851444e-01
4.135845523267955293e-01
3.301376088341811954e-01
2.744472499826004497e-01
6.089063423794196517e-01
4.325781357913150438e-01
5.664412210532854264e-01
3.328984096823729977e-01
4.098237060862863212e-01
5.743002569836951343e-01
2.988103253520477121e-01
2.937971093787049015e-01
4.291860824007827091e-01
2.780509336190834513e-01
4.332287453049064596e-01
1.289140818335397787e-01
3.988799096323996651e-01
4.154596287974168800e-01
5.736837952449337363e-01
2.534194097691976899e-01
3.728047221972101699e-01
4.477994357168739725e-01
6.286574414298556901e-01
3.239225124842622927e-01
4.005941217964280598e-01
4.150037333706041998e-01
4.346719472947393470e-01
4.159962625833935057e-01
2.933373335772663237e-01
2.301664440671359890e-01
3.754991068264579290e-01
3.221816968925458879e-01
4.142818169711716125e-01
1.968595363261448628e-01
1.633088114876231345e-01
5.377967595508702514e-01
2.401889935604050175e-01
5.897747716997587819e-01
4.812099301172297339e-01
1.937431946067531552e-01
1.969502632745341320e-01
2.044482419508515669e-01
3.752919294540869033e-01
1.568459638248690668e-01
4.400722475012064372e-01
2.589332453114736587e-01
5.122835122678994768e-01
2.267192935768607698e-01
3.009697268590596497e-01
4.104333424276631614e-01
4.385739669128677076e-01
3.131439524495303051e-01
3.504546095882380419e-01
2.663892661963702113e-01
3.131439524495303051e-01
3.757937616855642204e-01
4.143388427729089440e-01
3.873928412941922694e-01
2.320609087948079796e-01
1.442010052312163171e-01
2.252357434032317973e-01
2.419273849703680035e-01
5.614428064853541622e-01
4.571014077597884140e-01
3.830626073220285699e-01
1.910248299836576347e-01
3.208926639442180595e-01
3.471688767786352825e-01
3.805666378584891540e-01
4.849223437569818995e-01
1.703521419075973431e-01
5.052188999165032612e-01
2.373930197817586685e-01
5.068153697920807499e-01
4.477756238971923319e-01
2.822904799320016811e-01
5.523442417200304932e-01
5.487066397032693832e-01
1.668638740809738341e-01
5.570843467972544927e-01
7.265026030087083642e-02
4.790722647574038318e-01
2.955662345655613032e-01
5.295572032728530498e-01
4.062130229536990988e-01
5.655923627811798582e-01
2.508645302880471162e-01
4.779605213684214871e-01
1.670491125201278848e-01
3.991973341094793293e-01
5.505216463989582865e-01
3.448407475235188979e-01
2.816151718905633983e-01
3.064672194686940965e-01
5.187632537428257251e-01
2.281687152044736822e-01
3.388579934505073221e-01
3.411161132969864340e-01
2.602684570357015059e-01
2.987349915368375242e-01
5.685227727847251833e-01
2.618254589913970865e-01
5.386202903570082023e-01
3.653184126045051494e-01
5.987989072356373343e-01
3.011159836074722151e-01
2.678074265539542309e-01
4.289919790627063079e-01
5.304443492314311337e-01
2.051222941948390444e-01
4.001690814439450294e-01
3.257580916201135990e-01
3.280337992830339444e-01
2.668051461498354149e-01
1.902448062916355376e-01
2.811354339819065462e-01
4.169400458177304758e-01
2.320609087948079796e-01
4.131879028501681539e-01
4.267573265802928062e-01
4.245914423645401614e-01
5.635990815951203992e-01
2.467512488896163592e-01
4.098704071583450514e-01
5.137508985967041975e-01
5.383881339239877661e-01
6.449288111304837812e-02
3.536770673355562611e-01
4.404890869205108084e-01
2.951049501857250235e-01
2.784474287455026564e-01
2.207807230564529377e-01
3.596372754684717954e-01
3.790918548806205268e-01
2.888794299478120164e-01
3.288640758688735066e-01
3.711973713075676917e-01
7.409103821288987035e-02
2.352493387135186353e-01
2.605700141035081074e-01
2.603676461173186074e-01
6.263137502437569060e-01
4.711250418489992264e-01
5.538996294947617915e-01
3.688158630732067400e-01
2.217965883576763497e-01
2.939467774226260932e-01
2.047095146537359911e-01
5.857620892187854755e-01
2.861558728174122823e-01
3.847680498996873255e-01
3.328984096823729977e-01
1.179857386938224506e-01
5.319422441001588897e-01
3.083729601806606269e-01
5.687951461259100894e-01
2.557032325112416071e-01
2.350014929196470315e-01
7.308630670667833062e-02
2.842062140144121507e-01
3.002450096010020886e-01
3.583113740240699285e-01
3.783339321635491026e-01
4.217149766673652378e-01
3.267755233940551896e-01
4.068569968634950795e-01
1.076796605488730546e-01
4.361254790033484707e-01
2.703125117225118057e-01
5.702189724353760036e-01
4.031473837705492613e-01
5.267020489219883528e-01
2.819782039958033115e-01
3.511431433117511713e-01
2.486407932236844032e-01
2.840800463873284776e-01
1.476253725913787285e-01
3.570511884540314429e-01
2.893111997614896680e-01
2.519518793801987511e-01
1.550452524530002429e-01
5.753368241298009167e-01
3.662669795519588045e-01
3.144029841868009600e-01
4.025597320957843839e-01
5.503216301486668627e-01
4.529471120290876618e-01
2.965009987586468831e-01
5.923191657607110860e-01
4.147871457285754460e-01
6.067375560679358903e-01
5.702189724353760036e-01
4.551759856812852001e-01
1.210534186257844758e-01
3.859375891784149748e-01
4.015578586149415319e-01
5.167521351815037578e-01
5.015897493791676709e-02
2.494605309644051250e-01
1.997746073490083984e-01
4.381724702160684215e-01
7.603103687559238655e-02
5.021215794436673097e-01
1.070585621714356672e-01
1.207569691466827133e-01
3.888109437574557847e-01
2.369479338586115147e-01
4.156084424583679215e-01
6.256307355016245131e-01
3.185597502484082688e-01
3.877955463920148005e-01
6.291886238471185167e-02
4.208625614804637483e-01
3.176353656650752755e-01
3.637795164998887110e-01
3.230615289379291655e-01
5.223540203976501095e-01
3.480561734495377646e-01
3.881052094962054166e-01
1.964511160091012287e-01
5.764346392054580104e-01
6.062230316760122140e-01
3.428835264957769691e-01
3.479580767724239077e-01
2.805746664755112696e-01
6.468868585294914597e-01
2.960895456938777981e-01
1.005853969508308521e-01
3.049920392339262043e-01
1.544525474459673420e-01
3.261116225086034270e-01
3.392557197407077285e-01
4.436662599798011919e-01
1.838021132321168427e-01
5.522392351426907986e-01
5.593999225472630066e-01
1.913602232155709182e-01
4.054235250692058146e-01
4.042040722592394886e-01
2.475091716066878111e-01
4.483537078339053794e-01
6.241533265953668197e-01
3.020694811346040787e-01
3.005808602708048838e-01
1.909167990776947099e-01
1.545219364395256922e-01
1.566323242198454924e-01
3.590117161101711307e-01
4.289688438893915490e-01
4.151920688960553107e-01
2.851784769929063823e-01
1.989393991440952525e-01
4.265397874757690944e-01
1.973138905375461660e-01
7.042466937097824342e-02
4.538145737108220668e-01
2.803228836599676588e-01
3.595905125523902734e-01
2.890948756061798020e-01
4.154209748280263681e-01
3.925337230790629794e-01
5.501698471431062387e-01
6.101870617241139660e-01
6.095155020540932167e-01
2.946555827852899712e-01
1.489083892076552285e-01
5.431970839752487956e-01
1.704238887694863591e-01
6.241533265953668197e-01
2.127391181659430419e-01
6.222253566470645758e-01
4.298573553016288296e-01
4.970154179325802501e-01
2.132802306025037287e-01
3.569897073881052041e-01
3.140891930200747084e-01
3.898822000994244807e-01
3.660338099163601422e-01
3.551927500003888016e-01
5.441683005944534246e-01
3.234454157831059828e-01
1.578538937584234025e-01
1.785926057856261073e-01
3.968540896554980102e-01
5.505430354920399783e-01
3.836878761693315321e-01
4.119663501497947689e-01
1.250331204689561215e-01
5.046778200130167535e-01
3.747080681423113901e-01
5.092546136312572358e-01
3.977622705851651119e-01
6.287050981219908241e-01
3.421254374754509886e-01
3.854097620852217077e-01
5.298714190845458388e-02
1.973987783707897292e-01
5.832474937907383694e-01
3.177818472347000434e-01
3.907713371237174216e-01
2.828886472733692647e-01
4.363859923239968852e-01
5.344861059906966805e-01
3.780816487752093336e-01
1.962827861415331887e-01
1.839633099373398639e-01
2.928704478959383017e-01
3.838020746393678295e-01
3.275389440967214627e-01
1.113961055873941564e-01
5.792423795629997318e-01
1.629215269630166774e-01
2.962416979966030484e-01
3.953253168457430688e-01
4.100014249159075752e-01
4.300479436125416721e-01
5.798785617495627598e-01
3.363471027392735402e-01
5.304443492314311337e-01
5.085745188624558599e-01
3.113286215664345935e-01
4.606795540763845009e-01
1.471163459771707704e-01
5.702189724353760036e-01
3.838020746393678295e-01
4.202959432176949228e-01
2.286002777627203497e-01
3.359415791131052931e-01
3.679843930536368934e-01
5.068153697920807499e-01
1.667399332544683976e-01
4.282331763935393054e-01
2.702403970186116333e-01
5.818104325485791151e-01
5.431970839752487956e-01
4.745686278368925759e-01
5.102207486466405761e-01
2.305064787189437803e-01
4.765066203626477925e-01
6.298053714715684537e-01
5.297734180837730955e-01
3.891373691903079468e-01
3.948702820382725687e-01
2.987370051574312901e-01
3.684613098354597160e-01
1.495613474428982848e-01
2.341960875052205016e-01
5.572679329096352774e-01
5.234126971456878330e-01
2.098133095655715374e-01
4.103030026676814934e-01
3.714381466146333133e-01
1.880307744773282996e-01
4.440260548882520864e-01
3.458188266465218041e-01
3.949029194677327048e-01
2.733438246666516913e-01
4.901177619917486683e-01
1.886788247917114969e-01
5.321405488820819540e-01
4.350594885499950437e-01
3.172719142677549176e-01
5.421456890230897940e-01
5.431970839752487956e-01
3.577399369166219811e-01
5.367173425003225473e-01
1.800187075393721858e-01
4.026425207661976091e-01
2.001652272932635812e-01
1.599566489469369246e-01
6.198340087688306577e-01
2.291014333478308129e-01
2.570059292467803957e-01
4.526636405441510358e-01
1.545992984268644566e-01
2.150597795734146833e-01
3.513105229640986482e-01
5.685534650897444697e-01
2.497802710064251086e-01
5.001685600676512022e-01
2.109887747489558596e-01
1.666312671740126927e-01
3.387467804357084389e-01
1.397792878387343340e-01
3.169304865143718342e-01
4.305899590757744644e-01
4.356979908748378483e-01
3.792976446602115970e-01
4.303983392689254006e-01
1.469871590105615855e-01
5.068153697920807499e-01
3.476282445134630805e-01
5.022546491755116582e-01
2.028520872199414127e-01
5.987989072356373343e-01
5.766987139103022519e-01
3.478977984947860258e-01
3.940573318609460474e-01
3.134378932440374799e-01
1.090079721431912452e-01
2.542281597499519430e-01
3.565161499320239624e-01
3.898848599121016445e-01
2.844945152576789926e-01
3.442616437320974443e-01
4.972562346075804496e-01
2.969965220682844187e-01
5.691551737549778167e-01
2.591795150701899919e-01
3.870434939719492595e-01
5.114233999427409971e-01
5.718879773463294569e-01
1.310144620036995111e-01
3.121221246569342300e-01
2.969965220682844187e-01
5.042963827108396524e-01
3.722617124483943440e-01
2.507787694666567813e-01
3.318367581848698511e-01
3.828884113150359814e-01
5.434664445250987352e-01
3.770085285895154459e-01
3.015502622096840057e-01
4.320163983211877112e-01
2.882208978511142106e-01
3.971900507090859733e-01
1.807432513223473369e-01
3.199345042092848757e-01
6.306330680702929570e-01
4.672162239617045909e-01
1.821166266292438829e-01
2.889579431694302980e-01
8.162715022547159527e-02
3.925337230790629794e-01
3.068285508113378079e-01
5.423199798229375590e-01
4.015780692415857889e-01
3.906660493899380415e-01
5.916617457130884938e-01
2.067940105764181080e-01
2.023654473104632978e-01
4.831198470157361258e-01
1.317320993164534937e-01
4.118547532862965599e-01
3.387467804357084389e-01
2.347181354563792621e-01
5.933840547668218779e-01
5.431970839752487956e-01
3.184524451522118271e-01
3.068159294337141074e-01
1.537380696871704089e-01
4.746295846318089318e-01
4.280910731728482244e-01
3.827803736530033252e-01
4.375963225689358249e-01
2.736235261607476432e-01
2.307607665811983177e-01
5.235920059383619707e-01
2.272065448586783609e-01
2.200144663635991704e-01
2.463946705979267737e-01
4.092002346653462741e-01
5.438224108208117302e-01
2.377966789405645542e-01
2.965391899892316774e-01
1.562565093188855170e-01
3.971487623922041466e-01
2.668850214990478587e-01
3.287818023227911390e-01
2.096183387481436455e-01
4.372295253580133489e-01
1.395702568087124618e-01
4.672106515554033668e-01
3.351587506127559624e-01
2.958998645672184513e-01
4.985417891154606540e-01
3.357090407022971235e-01
2.903878658443887484e-01
5.478991004102080620e-01
2.482567021373230931e-01
1.354628141096692884e-01
1.535749802430317335e-01
4.757485405929403055e-01
3.378166358352152066e-01
5.140288237641627012e-01
1.559904847083818935e-01
4.250825266245561451e-01
4.127728350802222779e-01
3.650559309808997788e-01
2.352493387135186353e-01
4.235094347250449864e-01
3.401120218504257720e-01
4.071778044684696285e-01
3.865915731929199239e-01
2.581538192717725555e-01
3.255187244858557261e-01
4.749524233192189970e-01
4.606538501414244036e-01
6.064684233535445612e-01
4.537721377975443837e-01
5.770721815447640290e-01
2.620931661750784403e-01
3.355412997561291744e-01
3.023301289530096470e-01
3.172719142677549176e-01
4.379045244911563550e-01
6.306330680702929570e-01
6.291522771794753055e-01
3.172719142677549176e-01
4.315382020437003585e-01
2.249533041418081414e-01
5.323955464434753093e-01
3.421556984314038652e-01
6.306330680702929570e-01
5.816489751630046223e-01
3.269438720746788984e-01
2.727825709311159641e-01
4.675404740440479712e-01
2.551655705553938502e-01
4.298786325557718557e-01
2.566566579043368379e-01
4.033253546535406908e-01
5.440889425523021128e-01
1.578538937584234025e-01
9.591567432123196402e-02
4.200505515401625201e-01
1.848255710044864331e-01
4.015643936052679108e-01
4.023157813320129561e-01
4.157655401001852935e-01
3.990381581966779834e-01
2.799171284565174500e-01
3.831839696165725284e-01
5.319422441001588897e-01
4.471134268925228139e-01
1.385122615921997036e-01
4.177513510479906045e-01
2.987441010054835977e-01
2.812612683788439094e-01
2.461343572569419103e-01
5.124971252644023867e-01
2.592206356286638758e-01
2.441150468051807576e-01
5.158742789227238612e-01
3.752875341630091399e-01
2.154285326145500001e-01
6.151291910594881562e-01
5.187632537428257251e-01
4.237521944456953404e-01
1.820268128936010643e-01
2.165613237591840767e-01
4.765066203626477925e-01
6.376510634367135166e-01
3.914696614316434675e-01
3.126643001870495486e-01
4.457838176131215802e-01
3.809638633680144104e-01
3.376945941918765293e-01
4.477756238971923319e-01
5.676745783744236995e-01
2.415577762989881139e-01
7.050153172097668730e-02
3.074127409877990824e-01
4.165066304333492342e-01
3.946964102186867884e-01
5.234126971456878330e-01
5.323955464434753093e-01
5.254625026252326414e-01
4.317510893343762257e-01
2.758439284290988280e-01
1.636948444762997279e-01
4.290155370620457043e-01
1.947830750333868766e-01
2.358011069271739868e-01
3.758919394355146881e-01
1.780138124615929796e-01
3.068307063093955733e-01
4.255255698240399398e-01
2.476387714211263913e-01
3.062733317012113488e-01
1.814943353377738433e-01
3.371685167128604110e-01
3.633474718700829276e-01
2.678537806758481965e-01
3.207301223653635236e-01
6.830221868015137754e-02
2.476642431551673296e-01
2.914721251260107837e-01
2.292321464586189461e-01
5.118335112520646657e-01
4.115373683062398258e-01
2.130679728735857814e-01
2.765609174709787177e-01
2.714458821221693019e-01
3.083729601806606269e-01
5.908335546740003386e-01
5.237663029745817100e-01
4.527931235305532875e-01
4.552281882728829721e-01
1.390347689560991196e-01
5.677999739386481171e-01
5.665233066766901526e-01
2.885537541268796136e-01
4.069202406399798910e-01
3.589485273176998836e-01
3.020399844460453509e-01
4.129357206989346385e-01
4.307745605734636385e-01
2.906697125465286247e-01
3.101899492111435119e-01
6.392357022908845554e-01
4.257221808073156644e-01
1.405108377699438860e-01
2.057458725695596458e-01
3.836523737505539433e-01
3.277892283120626971e-01
3.954082946341385546e-02
1.987363254084693331e-01
3.643111859258384433e-01
1.039777250535517672e-01
3.248386214018915696e-01
2.750418249657910486e-01
6.387109174039142800e-01
2.365123839719583398e-01
2.303164626991056063e-01
4.208342502222912063e-01
4.114891289290766863e-01
2.845336540010564574e-01
3.946964102186867884e-01
3.062702049921470770e-01
4.395894842245310352e-01
1.857357581750404274e-01
5.218390900179062930e-01
2.242907792079085472e-01
1.100061428820719445e-01
3.309217765954272084e-01
4.229338090622525859e-01
2.596422911902194208e-01
2.803228836599676588e-01
4.041056111701191167e-01
2.191359320032989499e-01
6.918010476957753285e-02
4.091854046765628916e-01
2.646777387905072110e-01
4.682840346041789448e-01
4.314417617470016064e-01
6.176485630288240936e-01
3.010702900213172994e-01
2.242160815026469356e-01
3.582304074136891670e-01
1.294961659871615156e-01
4.010998186037221247e-01
4.381625812009167231e-01
3.630596894929701834e-01
2.075272458871728343e-01
4.142819258998033383e-01
1.863659403480589782e-01
4.627299492049061214e-01
5.685534650897444697e-01
5.068153697920807499e-01
5.051191701414298185e-01
4.023157813320129561e-01
4.051077684058900230e-01
3.811358727990284967e-01
3.940097022970293628e-01
6.326859654391581156e-01
2.461924144506759393e-01
2.853925031490572306e-01
3.745332378962817899e-01
2.401658949738062487e-01
3.310191554661187086e-01
1.730194807425000092e-01
5.205085652390888384e-01
1.836457922264981280e-01
1.939784200623964339e-01
3.830681894986460723e-01
4.296951896720691000e-01
5.400538165116738343e-01
2.088924343966673258e-01
6.131438783978092610e-01
2.728278950122272062e-01
2.237586139903812443e-01
3.190801775743515867e-01
2.901081512539115392e-01
4.031849363966366617e-01
3.280001488588746295e-01
4.043724860060115556e-01
3.847183661787585418e-01
2.030842956227288665e-01
3.329583844565713324e-01
4.901908768018457541e-01
3.395076527488781193e-01
2.210805172058219470e-01
2.971594694270799919e-01
1.616542401400700990e-01
6.205291569964137555e-01
2.983708637010293319e-01
4.314639052332217006e-01
3.637560704434275038e-01
1.558621648053659936e-01
5.505216463989582865e-01
4.256280895440872070e-01
2.732118374650547854e-01
5.624788973805148196e-01
1.548115585463916699e-01
3.328984096823729977e-01
4.063600092537013597e-01
1.156364543135155465e-01
1.732161353803800263e-01
4.936298748467349284e-02
3.739645526919382346e-01
3.657911054915419236e-01
3.925337230790629794e-01
5.407486874285799550e-01
1.878837723785168334e-01
4.866906221484540995e-01
1.958453727229734487e-01
2.769464257728872503e-01
5.818883305520951010e-01
1.124885670494692319e-01
2.928949886435724959e-01
2.375299699921685215e-01
2.316015654857707107e-01
4.719006603756877860e-01
5.414865022112668180e-01
1.883297849226103216e-01
4.152670465104822406e-01
3.453518952317988222e-01
5.517401018051555361e-01
5.073786212454615141e-01
2.545488122771416006e-01
2.945826319917776437e-01
5.958496420289419171e-02
5.102207486466405761e-01
3.696174277139698261e-01
4.845283231190505857e-01
6.105363808787431790e-01
3.332441747285738165e-01
5.458645002451043560e-01
5.431139229934244250e-01
4.480263995386506992e-01
3.526855708659776267e-01
6.438124959091250377e-01
3.908311439316286551e-01
2.969790486892702197e-01
3.101845340653573424e-01
4.316739181800220426e-01
5.832441683492849416e-01
4.548028948276344741e-01
4.906030376948419258e-01
3.950430724709457775e-01
5.019075122314005100e-01
2.438335935141774102e-01
2.493888742180921658e-01
3.123510403592215101e-01
6.238795649338251259e-01
1.597944824858609225e-01
3.188116749414158790e-01
2.866665338807937169e-01
3.996198660891863153e-01
5.288678814797925787e-01
3.171198532239405954e-01
3.045180032402300396e-01
2.855037369517628987e-01
2.796129176045266673e-01
1.843032559287250682e-01
5.900099134840771642e-01
5.051191701414298185e-01
5.664412210532854264e-01
2.195073394522556731e-01
4.462040527370044196e-01
3.672631273156876097e-01
3.349816393097114209e-01
2.306218441181292489e-01
4.216243172796730887e-01
3.440109941692939266e-01
3.984471837828875151e-01
4.030376215437670995e-01
5.431970839752487956e-01
2.639269922667478729e-01
5.132951112670069982e-01
2.182349270590648871e-01
2.887942576320636778e-01
4.439463926150845063e-01
4.436238955769229997e-01
3.381519716925056596e-01
2.108951557869702675e-01
1.667926026385136984e-01
4.117212853620970670e-01
4.734147884169090936e-01
2.780067000715638059e-01
2.674696401142686586e-01
4.146681076259531862e-01
2.256506554717556123e-01
3.830735351088839225e-01
3.484046222145086302e-01
3.808911784518302923e-01
5.686176548199288749e-01
3.790774017765877191e-01
3.941557929500664192e-01
3.978958832971355997e-01
5.409533601699981764e-01
2.722858407795481495e-01
3.881941172948691898e-01
2.467512488896163592e-01
3.471764850485906106e-01
3.221987297758146518e-01
2.772229235387241308e-01
1.054961242820471046e-01
3.796933684513483787e-01
2.734241338594793902e-01
1.886272284794160425e-01
4.878538061483098098e-01
5.205085652390888384e-01
2.932193124190454747e-01
3.271828853987627794e-01
2.456485460573690494e-01
4.807328895434218596e-01
3.252681148358332885e-01
2.727189722011222894e-01
2.065794182616251529e-01
2.654214082792699103e-01
4.491313135805460877e-01
5.813703895637465369e-01
4.331918148608701058e-01
1.044032203493754501e-01
6.044363008990543129e-01
2.994387186217452035e-01
2.705048356157647160e-01
5.161304012138154818e-01
2.271499797169560797e-01
3.585699618648494624e-01
4.395894842245310352e-01
4.010125689524455805e-01
3.516068230820899032e-01
1.873784653444755810e-01
5.141780792720730409e-01
2.888612328378220018e-01
5.188113783707433146e-01
3.566460057495349778e-01
5.319422441001588897e-01
1.616572530353445614e-01
5.051191701414298185e-01
4.790154825899343716e-01
3.574823377486905929e-01
4.687557869423717438e-01
3.111980704973801304e-01
5.624788212967758438e-01
3.100865811366191327e-01
5.443754770313686819e-01
1.735643612989898055e-01
1.828259632268664781e-01
5.254625026252326414e-01
4.186802988886884069e-01
4.684726818442927487e-01
3.066103284083169789e-01
4.818043817241933757e-01
3.185239764435071619e-01
2.959570972086286167e-01
4.658673291175124409e-01
5.375688954048493118e-01
4.212646001179937150e-01
2.880270741103844734e-01
2.581424826907297021e-01
3.935285099624720728e-01
1.956368243881478619e-01
1.923798043551378234e-01
4.087398391764054950e-01
2.885628151597028346e-01
3.244127067100479045e-01
3.850544222330806732e-01
3.920685758903820206e-01
4.129357206989346385e-01
5.748906480888202886e-01
5.654116750227069499e-01
1.643385580175628635e-01
4.128988587510512009e-01
3.005394235282683457e-01
1.744936965223311542e-01
4.116072319916503353e-01
2.601008672176161052e-01
2.791967623152356581e-01
3.344334622069586316e-01
5.385372015092205755e-01
4.396473977738289962e-01
1.680414472620488930e-01
3.280337992830339444e-01
3.060861263103143437e-01
3.741066866787313705e-01
5.355459277366418913e-01
1.611124179004311541e-01
4.107024792996358808e-01
3.377745426105814297e-01
2.463489876136043533e-01
3.999581505031796769e-01
5.438418886737407254e-01
6.306330680702929570e-01
3.947015678023074736e-01
3.788553738354055178e-01
4.259861171686400438e-01
3.009362363978432819e-01
2.561181453073421710e-01
4.385340733605937458e-01
4.090037755377298745e-01
2.731743407584367178e-01
4.489528753854094001e-01
4.661603168904315808e-01
3.367941192353267610e-01
2.570569470316291794e-01
4.894091007932185322e-01
1.863674292818847111e-01
3.769165764018984066e-01
2.071099548505929144e-01
4.364472259098925444e-01
4.222808488521583858e-01
1.909655236446029802e-01
2.784819531972040907e-01
3.852980409100407178e-01
3.886876504742476923e-01
2.062635639990868519e-01
5.132951112670069982e-01
1.758818812379833452e-01
1.616572530353445614e-01
2.707481599359641833e-01
2.557004257280632298e-01
3.709704550900975728e-01
2.717629858418467714e-01
6.198340087688306577e-01
3.541519373400738857e-01
4.985710567212862654e-01
3.143412561605417044e-01
5.130054082951834848e-01
3.734592538691201558e-01
4.312600679577783813e-01
4.391322430925705955e-01
3.707030649219951735e-01
3.014567499935998929e-01
3.747949318660978579e-01
4.014744360173099214e-01
5.139660106091675784e-01
4.030946051460536084e-01
2.072874485471833672e-01
4.013401193228751107e-01
3.339738685075837599e-01
4.389631496851851833e-01
3.620568033292467791e-01
3.248498533158236667e-01
3.297100800653127162e-01
3.387467804357084389e-01
1.857084150096883213e-01
3.062702049921470770e-01
4.171169970538926020e-01
7.159990640708525922e-02
3.387467804357084389e-01
5.483981138015211476e-01
3.911564834042287608e-01
4.202252020747376804e-01
5.727543212623142921e-01
5.614428064853541622e-01
5.530749748943812882e-01
9.482130037172976922e-02
3.022690141700014599e-01
2.615105679365211100e-01
2.886682300115324118e-01
2.161918404388822879e-01
3.893953242472040222e-01
5.664412210532854264e-01
6.311713219617873794e-01
1.437698612374733731e-01
4.306000357017851776e-01
1.185390135110243187e-01
5.068153697920807499e-01
4.807328895434218596e-01
3.653984416802885105e-01
5.187632537428257251e-01
2.161918404388822879e-01
3.563295127785597316e-01
1.015334252836188611e-01
4.124352006001355542e-01
4.438555139149754636e-01
2.979768325652050742e-01
4.254941830989933949e-01
5.399989171049247583e-01
2.169941222624305610e-01
5.048773772663255333e-01
2.821197498927126013e-01
4.851785123011661538e-01
5.635522651501788660e-01
4.074092125368446449e-01
4.341267731090657778e-01
4.796217653222440425e-01
3.083729601806606269e-01
3.087706650593170510e-01
3.210409694447869389e-01
2.677146291300460113e-01
3.730228007479158281e-01
8.661720265000683039e-02
2.508134628201010297e-01
3.762333010833540659e-01
3.140718334548502910e-01
3.080937311956866154e-01
3.916726284213678522e-01
6.241533265953668197e-01
4.745835743418936881e-01
2.455711790809326223e-01
3.000620720713140233e-01
4.790722647574038318e-01
2.645519122929744227e-01
2.447703068853455954e-01
6.300603690329616979e-01
2.004379304345901835e-01
2.578840828765672777e-01
3.783880816465597374e-01
5.223540203976501095e-01
2.757164983524342250e-01
1.849975699376076033e-01
4.479623475283489031e-01
2.326941404498170107e-01
4.499435392993200722e-01
3.919664116435413459e-01
1.624838180443615165e-01
2.851949998448813917e-01
5.268216619141735668e-01
4.576888384591038528e-01
1.549596392257483191e-01
3.828974704769475546e-01
3.011384536717083282e-01
4.277533558529528213e-01
3.914510744444610890e-01
2.744599273836329512e-01
2.467512488896163592e-01
3.204253140689308221e-01
5.170207067263505873e-01
5.816454974501337194e-01
2.993872437108255347e-01
5.813097175631536384e-01
3.868322574489536647e-01
5.512854171699753669e-01
6.108992082750706876e-02
2.396753054659725435e-01
4.623225164173758173e-01
2.576968905820515854e-01
1.966935415641495044e-01
4.100086283413776900e-01
1.525464896144823612e-01
4.201884069599746696e-01
2.855037369517628987e-01
3.220626228268447799e-01
3.933296617846647192e-01
3.962334125449922251e-01
4.015578586149415319e-01
2.977922684857481905e-01
3.757562612371229127e-01
3.981525808935482691e-01
2.983483299218587792e-01
3.006194728722608178e-01
4.535681931525624155e-01
6.356320186544015538e-01
3.863289227715112073e-01
2.863437796962248760e-01
4.851837512694420207e-01
1.579520593474483814e-01
4.419794009593202011e-01
6.216089325344144045e-01
2.510999382615122233e-01
4.279106446395734009e-01
4.625393423927562364e-01
3.183347278092491517e-01
3.934247635480435656e-01
4.390875580317148974e-01
4.867754332743215451e-01
3.520486626617690407e-01
4.119762196243140773e-01
1.552684995009777080e-01
3.717591614750388462e-01
4.177241971565300860e-01
3.668277001816241945e-01
4.355577718700205936e-01
5.751264188632292107e-02
2.331502557087442584e-01
2.265215471581147333e-01
3.011974115015051967e-01
3.606579079564259382e-01
2.738408786938076878e-01
5.046375111183645235e-01
2.917648692646619968e-01
4.396258030883488654e-01
5.386202903570082023e-01
2.564606128718242006e-01
5.064972871698713019e-01
2.734066300261817073e-01
4.270971245617815049e-01
3.692078630226559577e-01
5.182548537800687471e-01
2.767651191584284964e-01
2.453220925608426695e-01
4.551339512864276959e-01
5.350211428496716159e-01
3.062702049921470770e-01
3.256577170041707325e-01
2.029979781011939932e-01
5.476283331427037604e-01
6.404071170545652114e-01
2.122207974864764868e-01
1.167216302378886045e-01
4.038516574734666853e-01
4.969811249542211984e-01
3.137899528684223172e-01
6.127027731509384623e-01
2.714296390754200594e-01
5.051554649952153531e-01
2.449405407172989824e-01
5.431970839752487956e-01
6.299045168985812904e-01
2.756803770776706797e-01
3.699731348884243154e-01
1.042147385809998883e-01
4.765066203626477925e-01
4.183975285798486876e-01
5.064972871698713019e-01
1.135624120055342690e-01
6.112637228179154114e-01
2.107415416786376505e-01
3.700475933248784655e-01
2.161918404388822879e-01
5.422594439831341928e-01
4.015578586149415319e-01
5.319422441001588897e-01
5.766987139103022519e-01
5.455981574756868513e-01
5.141780792720730409e-01
2.973095228787935307e-01
3.519095193271900568e-01
3.827729085077864468e-01
3.387467804357084389e-01
2.826833815569090858e-01
4.147312772935501379e-01
3.812726862250115367e-01
3.563179285096071403e-01
2.487814765264003691e-01
4.133423466038618210e-01
1.350956967649818430e-01
5.942221136173968521e-01
3.775808625912029926e-01
4.943371771917662305e-01
2.819428188208201180e-01
3.862366934810962937e-01
4.468082785059345752e-01
3.245977627353195949e-01
4.534424562509080103e-01
4.250693646574156825e-01
5.132951112670069982e-01
3.880065905229327927e-01
2.714199566920620921e-01
3.639638567975287398e-01
8.679783022748942256e-02
2.907637197226740078e-01
4.309951755606195034e-01
3.124814681559885954e-01
4.807328895434218596e-01
3.040645165081802270e-01
2.640794523344335842e-01
2.279443356313328450e-01
4.745109835949274935e-01
4.872126310183480524e-01
1.688556030340312430e-01
3.995467400536195646e-01
2.425523938648961875e-01
3.790918548806205268e-01
1.235014087688749984e-01
4.047658803043104880e-01
5.659920584137325683e-01
4.544306222899355818e-01
3.805340748497354486e-01
4.041877413835839317e-01
2.964498063553808738e-01
2.838530999234539776e-01
5.414865022112668180e-01
1.255325917139167580e-01
3.222761726281109240e-01
2.308178903979162810e-01
4.019241798867374538e-01
4.296365783766789015e-01
4.229794782226169447e-01
5.068153697920807499e-01
3.351049394529287406e-01
4.209831247918091601e-01
3.342698179335870101e-01
4.440022158364124727e-01
3.672202602612225641e-01
6.306330680702929570e-01
3.266777202421855542e-01
3.787161040064135342e-01
3.859278380910249884e-01
2.035688657842647797e-01
4.015578586149415319e-01
4.409849584275875034e-01
3.999528727654575455e-01
5.092546136312572358e-01
4.349222570792059539e-01
5.248710097610461700e-01
2.887942576320636778e-01
5.051191701414298185e-01
1.854201545107188043e-01
3.303424801001095812e-01
5.395200926168933764e-01
4.833133616402915389e-01
3.507550606354624678e-01
5.296053505076192547e-02
2.171141054872362530e-01
5.237663029745817100e-01
1.747564516108506827e-01
2.382666725179011513e-01
4.236087084134428360e-01
2.349064763866861583e-01
2.653443951130075029e-01
3.083729601806606269e-01
1.534755434735049218e-01
3.383725056068249692e-01
1.585217472564772745e-01
5.132951112670069982e-01
2.913827890964665879e-01
6.468868585294914597e-01
6.493524901737925126e-02
3.032064566770013014e-01
2.668051461498354149e-01
3.308778791883608128e-01
1.568179888110892706e-01
3.052907933643171923e-01
5.773311148805548854e-01
2.119018633916038008e-01
5.635990815951203992e-01
2.836437375341974709e-01
1.952630267456653412e-01
1.751102902643009163e-01
1.940602203717800844e-01
2.004379304345901835e-01
1.573861762490041394e-01
5.987989072356373343e-01
5.548909004155514468e-01
3.830735351088839225e-01
2.769323051714239758e-01
1.468433680197160640e-01
4.587383031501753305e-01
2.004379304345901835e-01
6.161992373374011178e-01
3.418247780294607074e-01
3.752326865181480064e-01
4.970148219432917736e-01
1.845675653290372586e-01
4.406639633156935187e-01
5.346675370207777389e-01
3.461607526860313033e-01
2.088306867258361565e-01
2.598164564311099545e-01
1.733281431168564868e-01
4.252337244505399183e-01
2.685595030879916467e-01
4.013637691008231090e-01
2.868953315077702459e-01
4.184311224609014723e-01
2.666034187429944802e-01
2.296375266482301725e-01
4.060154707979422573e-01
5.118335112520646657e-01
3.050598344186689626e-01
3.879079536720602683e-01
3.296010436482971206e-01
4.156120587226376784e-01
5.664412210532854264e-01
2.152731456095845486e-01
3.941643065333636509e-01
5.288805847617690237e-01
3.893953242472040222e-01
4.318091987057564030e-01
3.432275431750749783e-01
2.434897214147712929e-01
1.537380696871704089e-01
4.298573553016288296e-01
1.985255605630794062e-01
4.026581931849047558e-01
1.921411498303255971e-01
1.740232182749471002e-01
1.617051244665570764e-01
3.280337992830339444e-01
5.517805197323789601e-01
5.431970839752487956e-01
4.482421800901972841e-01
4.907753835781278884e-01
4.765066203626477925e-01
2.606175311009094053e-01
2.161918404388822879e-01
3.207496674671710957e-01
3.912873944158897777e-01
2.911867904209861635e-01
5.472698211599221763e-01
4.431185797080213207e-01
2.857221748214378576e-01
4.164454065138303296e-01
5.599614795783592891e-01
3.682856528543759778e-01
3.597567052152585432e-01
5.826028365824452715e-01
3.583831551860051645e-01
5.007884998311020741e-01
3.439179516559643379e-01
3.846956011341246540e-01
4.236133738433696672e-01
4.413328825057903360e-01
2.786580424628100072e-01
8.695242490138657687e-02
7.751855587639079614e-02
4.460767880281385489e-01
2.997035724573369198e-01
3.150853044049666263e-01
1.127569194897781873e-01
5.010735077502316281e-01
4.083886885032461667e-01
3.355412997561291744e-01
1.884794506798617153e-01
2.161918404388822879e-01
4.447276119235671343e-01
3.699569502556931955e-01
6.306330680702929570e-01
1.458554258664449266e-01
3.420426558729260380e-01
3.123259345962800526e-01
3.417746590097631709e-01
1.405769301132997195e-01
4.625695502356071964e-01
4.887922609224320536e-01
4.730473127926476118e-01
2.855037369517628987e-01
4.264942064561296209e-01
2.541004841681078208e-01
4.405637395160146297e-01
3.920724488853010170e-01
3.847183661787585418e-01
3.838184822223995596e-01
1.969709542057654084e-01
4.938568203231838982e-01
5.431970839752487956e-01
3.716438807346038320e-02
2.326736999089233371e-01
2.161918404388822879e-01
4.303184242148109795e-01
5.767935959455060546e-01
2.750428478347459182e-01
3.659019326827902541e-01
5.652466564608157329e-01
3.494192021994536046e-01
2.979768325652050742e-01
3.011608775867913868e-01
5.068153697920807499e-01
3.018188435248470025e-01
5.704560533156421975e-01
3.659865155574408280e-01
6.408619065647351842e-01
3.131581108849840200e-01
4.127165853949859575e-01
1.455614590870542846e-01
2.618156255838960944e-01
3.253193783337405831e-01
5.002176760708447745e-01
5.051191701414298185e-01
5.296266683501503758e-01
4.164958605306461892e-01
5.386202903570082023e-01
2.798122178153676920e-01
2.004379304345901835e-01
5.132951112670069982e-01
4.420910489610692107e-01
3.704159264502960847e-01
3.987920821812531713e-01
3.889294628899843675e-01
4.154209748280263681e-01
3.981604788429851105e-01
2.717629858418467714e-01
4.178106878413287428e-01
6.127027731509384623e-01
3.894486273505886054e-01
2.907253306951558813e-01
2.013661936255770057e-01
4.184980543238741024e-01
1.914291577854862758e-01
3.671823678567983085e-01
3.931363398640055351e-01
4.121980953980183826e-01
2.023137872832334594e-01
5.431970839752487956e-01
4.197123624387218976e-01
5.435288720644223526e-01
5.051191701414298185e-01
4.960629019064686784e-01
5.204160278718950039e-01
2.757380466808821429e-01
5.375166013464615089e-01
3.817143758199429415e-01
3.526027699306993890e-01
3.839974322158020703e-01
4.851343791592364618e-01
5.228600311023371416e-01
5.949681918009223081e-01
6.803391800173039239e-02
2.874124533486506761e-01
4.496821381271715046e-01
7.499844666393970516e-02
3.706371700637540734e-01
3.358931592969109370e-01
4.138772866951305751e-01
3.930104576548825168e-01
3.783339321635491026e-01
1.726820202571933138e-01
1.350106138372327846e-01
4.088135384385027105e-01
3.617748393833124521e-01
2.352493387135186353e-01
1.947830750333868766e-01
5.341743110866620237e-01
3.685577898370604455e-01
4.289633040161644484e-01
1.996601658683413716e-01
2.985028932060166396e-01
2.491055938779586920e-01
4.193506000588304028e-01
6.208456077679380680e-01
3.483125902013294306e-01
3.977457092755625201e-01
2.877601017792090765e-01
5.146799259511456448e-01
1.947830750333868766e-01
4.165072377520468994e-01
2.843300015301047923e-01
3.083729601806606269e-01
2.908182622010630491e-01
3.999306852088750364e-01
1.383974760716748797e-01
2.943420529225523885e-01
4.027811374391573884e-01
5.582652799277083577e-01
3.180371534965095170e-01
4.004016885587852737e-01
3.604971228517578896e-01
2.537392244398031238e-01
5.654438740352123460e-01
5.391184160007606030e-01
4.123842876902766852e-01
1.352532331355725814e-01
5.237663029745817100e-01
3.675183375373676231e-01
4.046945283087114986e-01
4.143268640534245040e-01
2.810531848616147355e-01
4.283709632132589595e-01
2.368950140842286112e-01
3.083729601806606269e-01
5.431970839752487956e-01
4.214317626406545170e-01
5.149951552252653997e-01
5.068153697920807499e-01
2.854510175728017241e-01
1.861867676122349324e-01
1.644395679119380338e-01
3.665791879274600262e-01
2.890072838898966046e-01
4.302817441611122007e-01
2.233893924937657982e-01
4.434537921890848722e-01
1.929673511549128140e-01
4.425947371368670891e-01
5.347793499745673307e-01
3.393263761729446992e-01
2.951049501857250235e-01
5.636240168452561622e-02
4.749524233192189970e-01
5.664412210532854264e-01
5.068153697920807499e-01
4.395276961212211120e-01
4.244387434438051665e-01
2.039005036808116955e-01
5.321405488820819540e-01
6.134831359976602450e-01
3.557762628029065288e-01
5.367173425003225473e-01
5.611948368994974512e-01
2.643538956314397947e-01
5.641750209474266642e-01
2.548208834661009892e-01
1.659613485013561318e-01
3.487791238394554738e-01
3.086034210480615436e-01
5.267868179523443883e-01
4.299483361742998944e-01
8.425978292236725731e-02
3.211030576215317400e-01
1.582903640296508818e-01
3.998067147596023885e-01
5.246816377505612028e-01
4.015578586149415319e-01
3.747653943293022261e-01
3.165403593474477306e-01
5.706547624223529125e-01
2.368950140842286112e-01
4.560618366572081195e-01
2.799177216394384549e-01
1.205929596297883460e-01
2.500519934782476361e-01
3.026492786184760142e-01
2.141144527330570424e-01
2.111099851878404932e-01
4.341267731090657778e-01
3.387861112593449353e-01
1.597648678259309674e-01
2.661410449729014749e-01
5.350211428496716159e-01
3.256220661597384880e-01
4.965098024060018433e-01
4.879463435155037554e-01
2.685175166092593768e-01
2.690797445700480739e-01
3.752326865181480064e-01
5.166791592346242634e-01
3.073112483982276544e-01
4.392787202967349258e-01
4.047945207389874733e-01
4.066148242972728033e-01
5.068153697920807499e-01
4.411468452913168692e-01
3.083729601806606269e-01
4.233570520923122249e-01
1.864663035306530769e-01
1.621410474961376136e-01
2.855037369517628987e-01
4.023415794361909215e-01
4.128622645514076206e-01
1.549028093500327274e-01
5.375166013464615089e-01
2.558236834639506796e-01
5.571193401201941509e-01
5.114233999427409971e-01
6.174502582469009182e-01
3.665019109626601601e-01
5.255211677613015331e-01
1.374548073809618576e-01
3.752326865181480064e-01
3.112539280187543445e-01
3.794763528902577732e-01
3.583113740240699285e-01
2.813030725476334259e-01
2.932181231428965251e-01
2.607875982138501136e-01
2.393940543373629659e-01
5.033161395667370419e-01
6.201000794245478120e-01
3.577565927072610674e-01
5.549630650104279139e-01
2.430488637518706252e-01
5.114233999427409971e-01
5.027800545815004352e-01
4.397311642034393286e-01
1.832521959736844730e-01
1.922463074318083442e-01
8.196492273725958233e-02
5.237663029745817100e-01
4.297734597791171840e-01
2.545647046319028939e-01
1.236420396860657828e-01
5.431970839752487956e-01
5.585515046669633499e-01
4.205615038421184337e-01
4.165470213362938434e-01
5.553846859601186958e-01
1.391309206127117060e-01
3.404452675876253886e-01
3.280768671486788413e-01
4.914020852319081478e-01
4.048088527534631220e-01
2.348764693550150495e-01
5.367173425003225473e-01
5.386202903570082023e-01
2.810980491142271998e-01
2.977040644616696929e-01
3.874676454335367892e-01
2.907637197226740078e-01
4.395894842245310352e-01
1.362755127533233357e-01
3.904349457604583407e-01
2.018476140034720645e-01
4.434367296830489247e-01
2.106413914681488919e-01
3.881734886234188275e-01
3.399719541815702240e-01
3.527533063894278120e-01
3.437772547371694132e-01
3.263274898496609788e-01
4.043678498870333371e-01
4.051336558980673241e-01
1.873837713537509775e-01
2.241732498915630090e-01
2.926617573718300891e-01
3.533572981904667398e-01
3.328984096823729977e-01
5.677613183062251156e-01
2.958998645672184513e-01
5.991323575258400425e-01
5.554231404695433305e-01
3.985092589671906382e-01
1.448828351665996939e-01
4.018579425477315503e-01
3.606929409842676293e-01
3.619842437641407340e-01
5.925645574382435443e-01
2.413393791736105076e-01
4.856270700126307238e-01
5.431970839752487956e-01
4.403468045080629611e-01
5.051191701414298185e-01
4.335827284343090615e-01
4.009177924158688899e-01
3.854257448673776287e-01
5.132951112670069982e-01
2.553281118224297597e-01
3.631184200070060042e-01
2.324380471578554319e-01
5.348327742714487076e-01
4.517357318909149821e-01
5.741288829350529310e-01
4.117212853620970670e-01
3.375859033738117243e-01
5.345631825600748455e-01
2.181392841864716325e-01
5.257554846814773697e-01
3.900564308222214671e-01
2.919313762406813284e-01
4.927143939837403397e-01
5.068153697920807499e-01
5.438418886737407254e-01
4.832733607184788172e-01
3.915060218712749229e-01
2.984168032081218613e-01
1.518385695048302397e-01
2.235158713158144905e-01
5.572679329096352774e-01
3.645495167829415073e-01
4.692617689597473607e-01
2.886045042674281191e-01
2.515303190272564215e-01
4.606538501414244036e-01
5.132951112670069982e-01
6.062230316760122140e-01
3.676934338686044801e-01
3.092759515133305381e-01
5.256790203159549257e-01
1.558027118076287798e-01
5.051191701414298185e-01
3.328984096823729977e-01
6.104541730224464224e-01
4.248435878251182185e-01
2.084467723366827674e-01
5.237663029745817100e-01
4.205563574839673580e-01
1.563809754557962117e-01
3.734253160521491255e-01
7.192423319680477101e-02
4.569758681353697227e-01
2.489265377622918995e-01
1.471246894114506820e-01
2.618519188785884966e-01
2.598105782346994408e-01
1.370188886129022343e-01
1.532949773242869851e-01
5.538690317747184677e-01
4.277967798154414525e-01
1.388295108272249168e-01
8.438620042009081779e-02
4.067523423293573082e-01
2.692983156902057362e-01
5.401227213548823736e-01
2.715692130314887320e-01
3.756506210443834592e-01
3.207496674671710957e-01
2.033837439652679824e-01
2.646868879640553174e-01
1.865581857669636745e-01
4.590042761027305351e-01
3.480696799762337257e-01
4.167102716788312344e-01
3.764075693283228663e-01
2.661960127718639990e-01
1.550597634513535550e-01
3.666139106957924665e-01
4.245867343194043575e-01
3.570755192438067604e-01
1.948548974593171668e-01
2.344599631658569883e-01
5.156888911224594141e-01
1.189181564519260909e-01
3.779688380018925153e-01
4.105144840722193544e-01
4.030733287234268825e-01
4.770301486206509622e-01
4.392438974346311586e-01
3.548599877899017430e-01
5.658971763785287656e-01
5.319422441001588897e-01
1.834981307352824553e-01
5.188297663137179105e-01
5.158742789227238612e-01
3.226154462346501606e-01
2.635943471961157414e-01
3.369097332578777637e-01
9.971376240862164786e-02
2.939313676591215341e-01
2.623662674048205523e-01
2.611072941855075991e-01
3.298122454554883176e-01
3.230676378801053406e-01
4.330686984827489816e-01
3.491790773459922392e-01
1.482888849508520734e-01
5.731202343635599661e-01
4.798059765269827581e-01
3.969810649967009941e-01
2.861046197134584079e-01
4.385340733605937458e-01
1.506223116922021099e-01
3.862164010540387049e-01
4.219598562348131909e-01
2.307715561284733041e-01
5.350211428496716159e-01
6.289321068456462660e-01
4.362038857908838718e-01
4.151551141301679793e-01
3.702121405209826133e-01
5.544521265324301451e-01
2.866665338807937169e-01
2.989402648408837071e-01
4.314978081265092857e-01
5.611736870752231932e-01
3.982927454340496332e-01
1.783245690096821601e-01
5.321405488820819540e-01
4.398074723478420101e-01
5.465296706480253786e-01
1.645860682946184705e-01
4.587356894866512769e-01
2.799554671773010761e-01
5.404170319662517930e-01
4.801293076799053039e-01
1.949299454408086607e-01
4.275221898597526549e-01
6.222253566470645758e-01
2.903071987877452464e-01
3.158394096308302923e-01
2.290903794823206385e-01
4.586513244692641544e-01
1.480096379843386933e-01
4.154277567786857639e-01
2.872170596012585952e-01
5.654438740352123460e-01
2.713097877498830690e-01
8.339909030279001045e-02
1.741125516020634034e-01
5.660762750054649795e-01
5.296691224528464748e-01
2.772290595051791762e-01
5.993670560080455179e-01
5.499461860000249835e-01
3.458544162705685099e-01
3.353628001327278452e-01
2.867145086279030974e-01
3.915987097429142194e-01
5.220191798122395532e-01
2.763116155881741309e-01
2.916001022364432260e-01
3.137120026872601830e-01
3.687650723962399568e-01
4.803253342111808433e-01
3.572164230022745190e-01
8.060986240778471312e-02
3.969810649967009941e-01
3.599320130634472426e-01
3.917068349220345080e-01
2.668714692389569376e-01
4.236036979042628325e-01
4.610605748928485181e-01
1.203608031967679237e-01
4.104948238054080267e-01
5.308908491479998881e-01
5.027800545815004352e-01
6.148206558031819036e-01
1.139714418240057453e-01
3.367682724874468403e-01
3.617748393833124521e-01
3.259896245198690701e-01
3.715867441852929720e-01
5.558558983324319858e-01
4.067594202998097708e-01
3.900857490466002053e-01
3.559624952158250144e-01
3.814146214794155165e-01
4.383909199348502983e-01
4.571014077597884140e-01
4.270908601260623438e-01
2.912365082340821476e-01
5.620194914998779545e-01
2.121024046404817731e-01
3.836878761693315321e-01
1.812077891135399632e-01
5.029230404567148760e-01
4.113937771911183594e-01
5.326131434423194699e-01
4.286250002694177441e-01
5.954221352432849113e-01
5.480602112613759402e-01
5.412590914494935790e-01
3.809806633227872941e-01
2.412748615141959985e-01
5.323416901738902141e-01
4.065495333277246992e-01
5.506133857184094538e-01
1.921770454523606397e-01
3.209282040930465096e-01
3.046959640410866754e-01
1.608012364475266409e-01
8.594547075217820464e-02
5.731944484381694682e-01
3.197394051304719431e-01
2.147692387450069185e-01
5.352583293325045011e-01
2.448132563638611703e-01
3.314258570390267167e-01
1.676255334242955641e-01
1.353712221764773738e-01
5.205085652390888384e-01
2.745848284035542486e-01
1.074789634946334699e-01
5.282892489502186706e-01
5.547365637195779131e-01
3.911753426090508468e-01
5.367173425003225473e-01
3.822410379588382368e-01
3.478948636581016829e-01
3.864959145215174918e-01
1.380348261521018305e-01
1.348609549399906182e-01
4.677080145947942191e-01
4.839529350620330739e-01
4.415069999344951590e-01
2.566958165001653192e-01
2.908133775626588480e-01
5.530124079721424613e-01
2.921382263074595032e-01
6.143658662930118197e-01
5.865344309477225071e-01
3.923015666460425432e-01
2.239971956535800612e-01
2.838681208491614649e-01
5.702513642557170970e-01
4.214834748455304481e-01
3.499056058543707493e-01
4.029902055755929524e-01
5.380151029395087159e-01
5.027800545815004352e-01
3.405998633009179044e-01
3.621413571008277876e-01
4.978820918565857734e-01
1.775794572559445395e-01
5.349050298134174763e-01
3.221335575052144962e-01
1.904734746178316784e-01
1.489123713390850257e-01
3.172719142677549176e-01
6.333164429043930399e-01
3.236239476277628646e-01
1.512978540133502192e-01
5.114233999427409971e-01
3.083729601806606269e-01
6.268301542782148683e-01
3.257384226223814516e-01
3.202336179704637908e-01
7.682950557339328357e-02
4.129357206989346385e-01
5.173831225740929129e-01
2.139561981402857693e-01
5.743002569836951343e-01
2.531672621258894695e-01
6.306330680702929570e-01
3.572950446328267970e-01
5.472698211599221763e-01
7.918289733226854810e-02
2.197491354455460011e-01
2.609123808466420891e-01
3.088735835953565489e-01
1.538719815371199506e-01
4.157778601570996657e-01
5.051191701414298185e-01
3.642837076390920137e-01
6.039438496262860001e-01
4.297733119770996701e-01
1.087017263630021824e-01
3.628657262653857130e-01
2.958998645672184513e-01
2.834092360174090275e-01
5.748922537467429095e-01
3.083729601806606269e-01
4.230081829958655670e-01
5.431970839752487956e-01
4.098317000758526230e-01
2.175077498640541895e-01
5.542793403612777947e-01
4.469732113177102284e-01
4.283077449019600524e-01
3.807433392240113235e-01
5.660762750054649795e-01
2.565707172675525394e-01
3.272578184231295650e-01
2.118705470336218477e-01
5.840571168635788624e-01
2.192861272285369645e-01
5.130629548339865620e-01
3.100865811366191327e-01
2.196261060648149466e-01
3.805666378584891540e-01
3.562014571937790475e-01
3.868917798782997020e-01
4.286250002694177441e-01
2.667026141649231352e-01
4.812613688571915072e-01
2.282032968229188163e-01
4.232910746021415482e-01
3.775561038823658788e-01
4.157137160563706413e-01
4.851162126074694547e-01
5.134642431320199929e-01
5.942221136173968521e-01
2.799484289117507019e-01
1.808972880488255441e-01
6.356320186544015538e-01
2.207807230564529377e-01
2.544874482471307098e-01
3.363386911206592833e-01
5.528708054281870066e-01
6.021643458690724149e-01
4.447722822250089747e-01
3.033539642337669817e-01
4.657534017217810351e-01
4.498892362976175674e-01
6.143658662930118197e-01
4.029973936180119565e-01
3.929383857740704200e-01
3.845599973564393093e-01
3.631179384551446176e-01
5.406243050669337080e-01
9.381411880282082560e-02
3.142529608775523342e-01
1.874540229415026793e-01
2.973095228787935307e-01
5.773311148805548854e-01
5.916559685459050755e-01
5.164103048703051480e-01
5.068153697920807499e-01
4.194387093939933586e-01
5.605459872900971918e-01
6.387109174039142800e-01
3.977389877137724183e-01
5.773311148805548854e-01
2.821591134573023241e-01
3.125657299614183482e-01
3.597048676593044836e-01
3.783339321635491026e-01
5.963487021410754929e-01
2.463489876136043533e-01
3.699402012312920096e-01
5.355276493459362186e-01
5.386202903570082023e-01
4.832733607184788172e-01
2.018476140034720645e-01
3.638965384873683595e-01
4.170797512573097832e-01
5.118335112520646657e-01
3.416304598483673183e-01
3.009555117765598808e-01
2.842174640138231401e-01
4.516159087329917887e-01
3.909488496333635710e-01
5.573293686579247064e-01
2.483881081090454079e-01
4.508047014137727682e-01
3.354676548544082704e-01
3.062702049921470770e-01
4.241576024911017373e-01
5.156282577873730899e-01
2.829643386405767402e-01
2.534342784234877577e-01
2.640084119495577086e-01
7.691963570097785918e-02
5.350211428496716159e-01
3.048605388851069464e-01
2.477592368214307228e-01
2.272968933632240340e-01
3.629611629219433588e-01
2.991108784678945809e-01
5.767935959455060546e-01
3.197864151108259501e-01
5.470104400526184518e-01
6.828333515347828619e-02
3.854548487684370528e-01
3.819404794381355828e-01
2.096248405817586757e-01
3.630644893167145892e-01
2.821591134573023241e-01
3.664188161903190188e-01
3.265091119206056658e-01
2.779481526989870388e-01
6.018916297353040790e-01
3.571800117362108895e-01
2.839331850226461951e-01
4.021975242310497634e-01
4.267573265802928062e-01
2.992619130048703724e-01
2.489265377622918995e-01
2.371231331939266385e-01
5.367173425003225473e-01
4.971902119037124312e-01
3.542760588134896138e-01
2.713164834307291717e-01
5.380477402650293284e-01
2.598860577731364474e-01
3.354651120776464546e-01
2.556476635260139796e-01
1.946778674369882556e-01
3.565134154907612651e-01
2.011157045454141090e-01
3.172719142677549176e-01
1.508031461093575221e-01
4.036180404821133050e-01
1.279671041215622862e-01
4.062382023058306868e-01
5.639459791664845900e-01
5.124971252644023867e-01
3.440094111701898494e-01
2.308772334276264493e-01
3.584828958747296457e-01
2.025461925474984770e-01
5.321405488820819540e-01
4.434496059204101615e-01
5.051191701414298185e-01
2.748526310037279208e-01
1.727041698758459143e-01
3.960851541290323352e-01
5.342446380305759801e-01
2.249906348569902514e-01
4.573607372091436640e-01
4.266825966537756143e-01
4.061662054693621626e-01
5.341488666367488064e-02
2.616083648520187155e-01
4.465229640691191215e-01
5.322349559136150265e-01
2.206078086239155467e-01
4.015578586149415319e-01
4.057380602351170484e-01
2.561181453073421710e-01
6.291522771794753055e-01
3.986808226015430279e-01
5.408405335978722084e-01
3.904432540631757043e-01
3.526289578081301390e-01
3.994027913865008661e-01
4.476207791447762152e-01
6.468868585294914597e-01
3.198054309525259487e-01
2.707016914805827068e-01
4.312406176488259302e-01
4.006127132530103441e-01
3.341553331101342894e-01
3.313019807589719368e-01
2.692185957305967547e-01
2.508976427211779825e-01
3.472539244708823247e-01
1.368219589510150103e-01
3.007579206434777830e-01
3.660132427771139452e-01
1.806955227040546452e-01
3.166740221582736159e-01
4.575561568374796884e-01
3.894486273505886054e-01
4.679267918270479387e-01
4.057916106106532750e-01
3.648433413730495234e-01
4.438637586066979668e-01
3.848664843802869773e-01
4.159847102238778960e-01
5.197996510517327584e-01
1.961927213919155422e-01
3.501771438335202768e-01
4.232901620130322673e-01
1.229245598417059437e-01
4.429669873275661751e-01
2.880181814596065037e-01
4.350594885499950437e-01
1.696694973980853727e-01
3.259090261672575317e-01
4.397311642034393286e-01
4.979997737561673854e-01
2.240832978124003283e-01
2.977955371762159853e-01
3.387467804357084389e-01
3.969788364291507166e-01
5.633846747084562123e-01
5.430726935063189265e-01
5.068153697920807499e-01
5.068153697920807499e-01
4.872126310183480524e-01
1.659214871703377225e-01
4.208563971385158586e-01
8.146963370733184551e-02
8.765837660414221855e-02
4.276012223632832399e-01
3.446950237770370906e-01
3.371506702948584011e-01
3.500859591354228972e-01
1.182188692481563053e-01
3.895786135082753843e-01
2.794606171879653322e-01
4.126918715880275590e-01
5.412590914494935790e-01
2.213101006156761585e-01
4.783389950426633064e-01
3.856023951985885212e-01
3.322566536343552479e-01
5.831918368726649593e-01
4.514569685550536837e-01
4.329956968628045355e-01
3.273151648783295120e-01
4.458153077580045420e-01
3.715054954830167011e-01
