1.724964214596746148e-01
4.280556416408328735e-01
1.526592830298969528e-01
3.387467804357084389e-01
2.850526068407693292e-01
2.914721251260107837e-01
3.286207127792277749e-01
5.664412210532854264e-01
4.150037333706041998e-01
5.467967412020604545e-01
5.414510636113631925e-01
3.485466244059725605e-01
1.549596392257483191e-01
3.087706650593170510e-01
6.243987182728991669e-01
4.157778601570996657e-01
1.147068004115626982e-01
3.887458315639063522e-01
3.949822521486376914e-01
3.573419300936190313e-01
3.535924753142267174e-01
3.387467804357084389e-01
4.198445740457729114e-01
4.278987800456973689e-01
4.933255781926587646e-01
3.117423598458000655e-01
2.385797088757309337e-01
3.397426426775371766e-01
1.207497132317479349e-01
1.782048044736561643e-01
5.261092052596169077e-01
4.312677948227421343e-01
5.229600415141525405e-01
1.998419247237129270e-01
2.026674623358570571e-01
3.525925525705594921e-01
4.168909642185226194e-01
3.478740375015365593e-01
2.787163384056538518e-01
2.846425293117942901e-01
8.125662501528015114e-02
3.722012204710744010e-01
2.899818200260012580e-01
1.470721594103205632e-01
1.235459636974340081e-01
5.187632537428257251e-01
1.474610121746172953e-01
1.979786973599770017e-01
3.062401281131090780e-01
4.481819118946942515e-01
1.795527584571857960e-01
3.162548318345873577e-01
2.067803272485747301e-01
4.152792729178764186e-01
2.454769561263144828e-01
2.492940707611761564e-01
3.062702049921470770e-01
3.614936584138884190e-01
3.128250108710111665e-01
5.599614795783592891e-01
4.417978628715190648e-01
5.703138544705798063e-01
2.996310554035003237e-01
3.404082317489015019e-01
1.647748904649681545e-01
4.191019419774999477e-01
2.813069870144265239e-01
3.740531463853299932e-01
1.668638740809738341e-01
4.807328895434218596e-01
3.928680596616727638e-01
2.099415407042253268e-01
3.276376752207514342e-01
3.187468977449847696e-01
2.471828499054906647e-01
5.365392483450436290e-01
3.048663814302572383e-01
3.172719142677549176e-01
5.071083518483254782e-01
1.153123747959476086e-01
4.030733287234268825e-01
3.315679839579315780e-01
3.794414431347035155e-01
1.132305791184214372e-01
3.110367854435531210e-01
2.277242275572847197e-01
1.373207586426459514e-01
1.889990252858674558e-01
1.240157979354648693e-01
3.804670530790658090e-01
2.873203968057413960e-01
2.546300882115757891e-01
3.747614034669515815e-01
1.833823639216163315e-01
2.510633663049289255e-01
2.733085942576348182e-01
3.544225567016212053e-01
1.762336246783055282e-01
3.655759541899346043e-01
4.555666612331911169e-01
3.039732111362837830e-01
3.083729601806606269e-01
2.797337016834424706e-01
3.819941685729498215e-01
4.601434548514316547e-01
3.143688118822410282e-01
5.214271874146523267e-01
2.108421921501039686e-01
2.186460397218598639e-01
3.328984096823729977e-01
2.545908245328783459e-01
3.814156519359563902e-01
3.582778115327564517e-01
1.139151617884254508e-01
1.579649199938795157e-01
4.348904125005118027e-01
4.456849170676511207e-01
2.753799033716278211e-01
3.083729601806606269e-01
3.790918548806205268e-01
2.815244395373183717e-01
2.878083590339721165e-01
4.894162214828194912e-01
1.797459382925019056e-01
2.045896587548595436e-01
2.398333814906242478e-01
5.635990815951203992e-01
2.816050205320276834e-01
4.523073309361570482e-01
3.417193815749286490e-01
2.972923615262606512e-01
5.132951112670069982e-01
3.100865811366191327e-01
1.614885367205887989e-01
4.074708553326859550e-01
2.608718822623402045e-01
1.759406498978281774e-01
3.970078844107408078e-01
3.903106513316579318e-01
3.296165523622380800e-01
5.488924412868190217e-01
2.161918404388822879e-01
3.379778188204197176e-01
5.296266683501503758e-01
1.751222359310135313e-01
5.438418886737407254e-01
5.132951112670069982e-01
2.080770373787689809e-01
3.031913012535366603e-01
5.351334081483135607e-01
2.500519934782476361e-01
4.055028831113571264e-01
3.694251756429349776e-01
3.126643001870495486e-01
2.766599135368810192e-01
4.812071205276839403e-01
5.551863811781955205e-01
4.945345637718452370e-01
2.477129091001784023e-01
3.328984096823729977e-01
2.662404260308380288e-01
2.497766381118298462e-01
3.715049337937745277e-01
2.097485969155911123e-01
1.885935010360619835e-01
3.342603549665855156e-01
3.083729601806606269e-01
5.051191701414298185e-01
3.505259742644602494e-01
1.826044096657178373e-01
1.866257035370899320e-01
5.645783801367372234e-01
4.201871875413608626e-01
2.602684570357015059e-01
3.744612668368177966e-01
5.192796577772837985e-01
4.575803606131443879e-01
2.790542950982962123e-01
2.601888728211240176e-01
2.730342581222882092e-01
1.606538686894342649e-01
2.522742138569289971e-01
1.730754048891156027e-01
3.969810649967009941e-01
4.287660899757119726e-01
1.888984844706096122e-01
6.112637228179154114e-01
5.805346067810890354e-01
5.662888502696595827e-01
1.982559525331987482e-01
2.981527577102867088e-01
4.468082785059345752e-01
5.927687807451164081e-01
2.090596741464019193e-01
3.783339321635491026e-01
9.355313131001791183e-02
4.840760813747399527e-01
3.286492480270962746e-01
2.592683495914822611e-01
5.028683680539083323e-01
2.865034465154456811e-01
3.463552339482536824e-01
2.567906729662436938e-01
3.229449634528831492e-01
4.074374597682642318e-01
3.213309479603152496e-01
1.024308331923969168e-01
5.794295619832597888e-01
5.551863811781955205e-01
5.319422441001588897e-01
1.170046158055034202e-01
4.003269907495841107e-01
5.122437163148479966e-01
1.527583252449523921e-01
5.857033971623771818e-01
2.070363039203790279e-01
1.651860398184186451e-01
2.870022654358904135e-01
4.922890027313902572e-01
6.217285757730041107e-01
4.283914415881430182e-01
2.844945152576789926e-01
4.875256492906989148e-01
1.447768859616253845e-01
1.744915571349011096e-01
8.824965691198145834e-02
1.943483888842619245e-01
1.204888639785253457e-01
3.977389877137724183e-01
5.103455197421443712e-01
4.118761054808436906e-01
4.029432450704571456e-01
2.960933910408807268e-01
2.926317152085964879e-01
4.804350175478566132e-01
4.990676953021245810e-01
3.969810649967009941e-01
5.957204315200282929e-01
2.240832978124003283e-01
5.068153697920807499e-01
2.520244122328444969e-01
4.231642260671701350e-01
2.138013024574979271e-01
6.143752217345653521e-02
2.587905143999362778e-01
2.077433390888379638e-01
1.515532840671448001e-01
4.151215864585984239e-01
5.018913969263386621e-01
3.551156657394851091e-01
3.883149827584401748e-01
1.631537010657578834e-01
5.755019558818448289e-01
2.909188779567249417e-01
6.438124959091250377e-01
3.642503376437956630e-01
3.522514519148901568e-01
4.153187674462790469e-01
5.165558110713421858e-01
2.906169296605121133e-01
2.370753878413689730e-01
1.495605213314813997e-01
2.076380737020583900e-01
1.640206682031891128e-01
2.199028317700500723e-01
3.764627208923816415e-01
1.011261703366313769e-01
4.201888523408782161e-01
5.386202903570082023e-01
2.161918404388822879e-01
5.599614795783592891e-01
3.501397663455477760e-01
5.433319573698280891e-01
9.121625990856883914e-02
1.376573186997688547e-01
1.862574443126810420e-01
3.132678120992596349e-01
2.828979695062416311e-01
3.848220595840246561e-01
5.503046093223841195e-01
4.862134758681400659e-01
3.059327445068403817e-01
