6.274560775288243741e-01
2.828281522818028582e-01
3.168951285715466137e-01
4.218844301212967274e-01
4.286610692625956731e-01
5.315014036912208972e-01
2.797059448387447245e-01
4.248201484207871914e-01
3.647657333608335661e-01
5.282652527418034705e-01
1.918853181541713138e-01
3.773994330162754318e-01
1.902960660477196198e-01
2.932193124190454747e-01
2.989186510305292810e-01
2.485390722789565798e-01
5.204196574404251763e-01
5.770721815447640290e-01
2.925236880444567755e-01
3.751362167026215944e-01
5.656491827826396479e-01
3.992263858328927162e-01
3.745009218478610458e-01
3.941228143910554538e-01
2.970369512209775631e-01
4.565394839260764615e-01
1.866762687692072875e-01
3.998631423893210801e-01
2.703050035463277490e-01
3.068159294337141074e-01
3.555914201654982731e-01
5.676745783744236995e-01
5.187632537428257251e-01
5.254625026252326414e-01
6.306330680702929570e-01
4.953861044115069889e-01
5.041945789263031497e-01
3.059873305358942197e-01
2.026166552364438989e-01
3.500625858366355203e-01
3.900643448822860848e-01
4.129039820346256939e-01
1.359990541726907864e-01
2.385256639558915592e-01
5.051191701414298185e-01
2.324434399566417953e-01
2.233687894953803876e-01
4.854896691204010906e-01
5.341440386973603793e-01
4.436926412887048921e-01
9.506973882882473192e-02
1.828771306846442846e-01
4.670368651741145793e-01
6.306330680702929570e-01
3.172719142677549176e-01
1.775004392000092135e-01
5.207278433559573427e-01
6.287050981219908241e-01
5.067865841538746752e-01
5.645783801367372234e-01
3.794226334050996297e-01
4.099589239364815896e-01
3.601867440199355563e-01
2.565645478325675466e-01
2.574820758366556661e-01
4.232501778254845748e-01
4.315766565531249932e-01
3.253193783337405831e-01
2.388799882148450182e-01
1.796174880493102699e-01
1.974655276120009795e-01
3.887797286365800020e-01
3.083729601806606269e-01
2.105126621473082660e-01
1.916263393968040962e-01
2.511443565095838881e-01
4.262740889235838715e-01
1.311233201644141921e-01
1.876991609026323615e-01
5.248710097610461700e-01
4.316739181800220426e-01
2.237924190765672727e-01
8.666084093581476189e-02
2.240832978124003283e-01
5.685227727847251833e-01
3.233684713208756500e-01
2.855037369517628987e-01
2.507632806051667829e-01
3.373119101349880689e-01
3.947083698132969332e-01
5.140288237641627012e-01
4.297614554905073159e-01
5.064027418987578910e-01
5.271843851111182033e-01
4.560304269615245709e-01
1.944083045168653601e-01
2.958998645672184513e-01
5.169177985842644540e-01
5.685227727847251833e-01
3.750901935242041407e-01
3.322282531960624730e-01
1.784574074760632290e-01
2.086510234993507740e-01
2.929199948324402447e-01
6.086440873439986632e-01
2.194251944793770281e-01
3.738781388184552190e-01
3.790918548806205268e-01
2.483243713473504977e-01
4.128516686434846039e-01
4.274884182420966017e-01
5.160632087744309038e-01
1.991440497463927151e-01
4.940191492417516650e-01
4.183764037010626602e-01
3.691811214593271329e-01
3.817124279930742548e-01
5.665389586193091409e-01
4.048635338871905964e-01
2.995262989046796331e-01
4.009231976873993131e-01
3.493096272717118866e-01
4.751427964752962252e-01
3.622379277377022477e-01
3.166825737834402799e-01
2.448350513408234508e-01
3.563179285096071403e-01
3.803227601642102385e-01
6.404071170545652114e-01
3.109147474380981602e-01
9.325917170245510979e-02
5.664193456271238158e-01
3.684320934718243734e-01
6.089063423794196517e-01
3.404076591460082346e-01
4.137586170581565859e-01
2.680194956326177880e-01
6.070287290565899996e-01
5.558558983324319858e-01
4.328898575219177203e-01
5.132951112670069982e-01
1.851598751579616176e-01
4.869616677660307258e-01
1.748541808617115612e-01
2.937971093787049015e-01
3.690885092556686620e-01
2.096095509723555628e-01
1.706488838725480073e-01
1.932306754163209683e-01
4.290736971559184765e-01
3.226965790443458992e-01
5.840206950996222890e-01
4.692169369283904490e-01
4.363859923239968852e-01
4.807153285433803935e-01
3.570217735658859914e-01
1.350956967649818430e-01
4.667465958357698286e-01
6.356320186544015538e-01
2.710630732339004423e-01
3.592532302194449967e-01
2.181392841864716325e-01
5.132951112670069982e-01
1.996257432773833607e-01
2.929542112073626470e-01
4.757485405929403055e-01
3.862297740184333361e-01
6.404071170545652114e-01
3.913510204819808935e-01
1.501594757030010330e-01
2.673893736405894561e-01
4.635980030301661836e-01
6.069352015613943552e-01
2.682931143773001348e-01
3.435591758746451840e-01
2.826205490691606759e-01
3.500609169834763001e-01
1.271641957505025844e-01
4.269141570975076294e-01
2.892855494593291610e-01
3.162492777216441286e-01
2.520144706242885557e-01
2.544874482471307098e-01
1.407278986486713290e-01
1.860460212182217798e-01
6.062230316760122140e-01
2.936541197616671650e-01
4.886146740960190527e-01
4.129054379156795740e-01
4.420577457988932868e-01
1.283620146897844205e-01
4.086824047883596545e-01
2.541924182702459678e-01
4.084280623578497305e-01
4.037652751976020804e-01
2.855517743744113712e-01
3.883972323984296593e-01
3.678546334841344412e-01
2.392800434781856556e-01
5.164103048703051480e-01
1.673035763520136221e-01
3.679275405191028692e-01
4.018344382851312679e-01
4.020792973764910072e-01
1.957249581491012913e-01
3.790918548806205268e-01
3.009644247994865407e-01
6.041621097593576906e-01
3.065905903947341860e-01
2.567705142054269585e-01
6.347883603732464852e-01
3.818899405027204041e-01
4.212342071588325854e-01
4.320094144160135929e-01
4.290155370620457043e-01
3.286979778949207787e-01
4.180209629236340541e-01
4.162073325952554970e-01
3.007426677247301838e-01
4.609494294387468383e-01
3.650696138929850898e-01
4.734074613033934509e-01
4.374526068303130066e-01
4.353992244795818478e-01
4.608905043499031962e-01
3.091316635875725471e-01
3.085671588312897673e-01
9.055100500280657827e-02
5.030708689787618537e-01
4.052575480808707775e-01
1.210225344483852467e-01
2.120527781902362685e-01
4.797195900935367630e-01
4.005349519299816752e-01
2.961811270252372452e-01
2.004379304345901835e-01
2.144217485104193965e-01
6.287050981219908241e-01
3.274277137240204083e-01
5.051191701414298185e-01
4.157778601570996657e-01
5.051554649952153531e-01
3.909932779635700295e-01
5.466718410136554018e-01
3.127798985147308697e-01
2.753160332555106837e-01
4.428443909589341310e-01
2.767188642987895575e-01
2.503054435878574457e-01
3.406468436585047277e-01
2.807669048265276635e-01
3.083233658477311234e-01
4.129357206989346385e-01
4.289919790627063079e-01
6.222253566470645758e-01
3.828900479469396489e-01
5.092546136312572358e-01
5.556379896189249656e-01
5.386202903570082023e-01
3.790918548806205268e-01
