2.342045676199877302e-01
3.242185388255207634e-01
3.252216694550283949e-01
1.132943602622974028e-01
4.914861082882281407e-01
2.853890189919352505e-01
5.832441683492849416e-01
2.518669397850672453e-01
1.874999072567025971e-01
4.023157813320129561e-01
6.079282864349327964e-01
1.547605725670403720e-01
5.421456890230897940e-01
2.026761144705531703e-01
6.062230316760122140e-01
4.234544214005666052e-01
3.387467804357084389e-01
5.633846747084562123e-01
1.046888630272395510e-01
4.248019956929782182e-01
3.257384226223814516e-01
4.249202442708996386e-01
2.785074798113190142e-01
4.223011399280020561e-01
1.154760797700071229e-01
3.933602475516616015e-01
2.857918245992872586e-01
3.427711377169685436e-01
4.774982193166070199e-01
6.064684233535445612e-01
4.097403143586963448e-01
3.333850297394000961e-01
3.919812409047480073e-01
1.840344739063217439e-01
4.484273188513381858e-01
3.536405309262936059e-01
4.234544214005666052e-01
6.021643458690724149e-01
2.472968388334262635e-01
4.480588793957771543e-01
2.975392974334509222e-01
4.242560569280919291e-01
4.150037333706041998e-01
4.263598257349417997e-01
2.833427529653446131e-01
4.113511549142561119e-01
5.963901457436212583e-01
4.108403087345645077e-01
6.001987648806647035e-01
3.083729601806606269e-01
2.995851471822075784e-01
5.952135834784547663e-01
4.123568765484693088e-01
2.821726901431837464e-01
2.992808943386450204e-01
1.561801037831393735e-01
4.923051162694800920e-01
2.927554253932758144e-01
3.865313753644814554e-01
2.566603158483597991e-01
2.736603473643336448e-01
4.152309056950863053e-01
5.353603262366952720e-01
2.861612671752916670e-01
1.373056363758926868e-01
1.652063657140062092e-01
3.280337992830339444e-01
4.195454823197752314e-01
2.566958165001653192e-01
3.603562360354342076e-01
4.097832928363419058e-01
4.111753933700011410e-01
1.287990527826866072e-01
5.366822978312529857e-01
2.829896628844187911e-01
6.404071170545652114e-01
3.884370283514811395e-01
2.863638681939165709e-01
3.389520423064058541e-01
4.123601612456254117e-01
2.929199948324402447e-01
3.472231688666867488e-01
2.815171701102441304e-01
4.266871841290519329e-01
4.094773911999501914e-01
5.114233999427409971e-01
4.871039915464130954e-01
5.080918308380031334e-01
5.652761214478165819e-01
2.915165974226401890e-01
1.605463851290578337e-01
3.083729601806606269e-01
6.387109174039142800e-01
2.079334355578754956e-01
2.969954916117435451e-01
5.293576168125351256e-01
4.499534746715039835e-01
1.292025795225260620e-01
5.255203968937469799e-02
2.088924343966673258e-01
2.961811270252372452e-01
3.621751788173392939e-01
5.068153697920807499e-01
2.522999905495629247e-01
3.627871740664421751e-01
2.932567225440316783e-01
5.275274281888004957e-01
3.175139736438246096e-01
3.421901435772407574e-01
6.754252608069355457e-02
1.570186641419662466e-01
5.237663029745817100e-01
3.911277181381713208e-01
4.443842659660825478e-01
3.015502622096840057e-01
3.926386642784357450e-01
2.479890618907016619e-01
2.836790455860462856e-01
2.167975911047170245e-01
1.662598063001354542e-01
3.174431745026073393e-01
1.409472900596319689e-01
5.678034954100629195e-01
2.789035322592625654e-01
4.152792729178764186e-01
1.647261083155580064e-01
4.070892200256964188e-01
3.447042826067936439e-01
3.143102338475016744e-01
5.158742789227238612e-01
3.971638965080642736e-01
2.791056549481516491e-01
4.819004527237275015e-01
3.387467804357084389e-01
4.151587693717631034e-01
2.594212567031040084e-01
2.897231399908549720e-01
4.316739181800220426e-01
2.987805593561561612e-01
4.777815975677816018e-01
2.144217485104193965e-01
3.172719142677549176e-01
6.143658662930118197e-01
5.164103048703051480e-01
2.904145830858665955e-01
2.554245645918725716e-01
1.857076243416525552e-01
4.090898249992063196e-01
3.326250670010931776e-01
3.374518055760357127e-01
4.232872548242639921e-01
3.533938726415988829e-01
2.865882377888621102e-01
2.815171701102441304e-01
4.419794009593202011e-01
3.777429870607072471e-01
3.031891814067390611e-01
2.087087200229015560e-01
4.381091537858493590e-01
3.935055260211793859e-01
4.261224401039616638e-01
5.584852269994181606e-01
1.887096892205992471e-01
3.354676548544082704e-01
5.622335057029823613e-01
1.795503159820743821e-01
4.150140720281803586e-01
3.665453822176368281e-01
4.982305675418959856e-01
2.872279120319516932e-01
2.827116680774724999e-01
2.580037744470403682e-01
2.983795236311905241e-01
3.377745426105814297e-01
2.489097784478768449e-01
3.967212530600285336e-01
2.717188647569030446e-01
4.189087298169887341e-01
2.873817168693293400e-01
2.955596047823798589e-01
1.543581399986761749e-01
5.951700811455573614e-01
2.046501410658027875e-01
2.453415846534878209e-01
1.811173475831112656e-01
4.074690632072393015e-01
7.047747938521317645e-02
4.116072319916503353e-01
3.885049804849203259e-01
5.104380571093382057e-01
1.896743036005989758e-01
3.386143056537571083e-01
2.972418505505801112e-01
5.499119348053587153e-01
4.743153793699788623e-01
9.708358299654894219e-02
3.501350705652769846e-01
3.100865811366191327e-01
6.035468153655035861e-01
5.743002569836951343e-01
9.870837369273610662e-02
2.138013024574979271e-01
3.151872666972925785e-01
5.166105472930226927e-01
2.772135467375964057e-01
3.593501237964518702e-01
5.652466564608157329e-01
1.938105647827410016e-01
2.872506853917483061e-01
1.578510515318639063e-01
2.029979781011939932e-01
4.538813884339397697e-01
2.963787181583193431e-01
3.062702049921470770e-01
5.187276423954164661e-01
2.756398668521409800e-01
2.878964695124699436e-01
4.117212853620970670e-01
4.868641273733032016e-01
5.319422441001588897e-01
3.440979302349961300e-01
5.343881059773495368e-01
4.564050805460702631e-01
5.004916971654636004e-01
2.738765472079607854e-01
1.043136772722793731e-01
1.857880667849629297e-01
3.632810996175617757e-01
3.048599453903673151e-01
3.387467804357084389e-01
3.976106547143752890e-01
5.319422441001588897e-01
4.229130895476494456e-01
3.012377104179621568e-01
2.452084258454627075e-01
3.081573230656710072e-01
1.731095834300475644e-01
3.062702049921470770e-01
2.982950534269949161e-01
2.005244933573650246e-01
5.146703094654522248e-01
4.748704376856460740e-01
3.169890384602880862e-01
2.161918404388822879e-01
4.268576424703989236e-01
2.604162047967304994e-01
1.747613532953384841e-01
3.172719142677549176e-01
4.528718478533653169e-01
3.102711230769552575e-01
3.495037294664534167e-01
8.086646677043535236e-02
1.110386285305533516e-01
3.829688858756624126e-01
3.545908933252590045e-01
4.761102436233578539e-01
3.952183828136833221e-01
3.647657333608335661e-01
1.206335688057545014e-01
3.914661068035173441e-01
6.081319898362562704e-01
6.217285757730041107e-01
6.241533265953668197e-01
4.529367598593720956e-01
3.183102767614328643e-01
5.350211428496716159e-01
3.900934320490805352e-01
3.915467753153143993e-01
3.002017227347588690e-01
3.816413507096638180e-01
1.905904647998139245e-01
1.183053605565921734e-01
2.786033754648591931e-01
3.717156869979366118e-01
5.119838395199063363e-01
1.423634715124265648e-01
2.765313048898394577e-01
4.379874395520430008e-01
2.725219348578777900e-01
3.017296179830275538e-01
2.769143260226369363e-01
4.481063353806719607e-01
4.034823085469824711e-01
3.626006122691401434e-01
5.996174230631954316e-01
2.163428211351793862e-01
4.509418723917529848e-01
4.008657895960556217e-01
2.665545451267943289e-01
4.290155370620457043e-01
4.258249373016215200e-01
3.933668758796896037e-01
2.905978496881195805e-01
4.723755223768613121e-01
2.507526716008625089e-01
2.983174800445058117e-01
2.707481599359641833e-01
1.969566062885410862e-01
3.722152973139938315e-01
2.817764305437487349e-01
2.944034338947073004e-01
5.407527897141111151e-01
5.051191701414298185e-01
4.843876447014927034e-01
4.765066203626477925e-01
6.387109174039142800e-01
4.652354120897305156e-01
2.324714577935096116e-01
4.777815975677816018e-01
4.181544886382144721e-01
3.955697035319203914e-01
4.031473837705492613e-01
4.675762669738233179e-01
2.965009987586468831e-01
4.086824047883596545e-01
4.587789372716296610e-01
4.003710619435514872e-01
5.029230404567148760e-01
3.931071199664260551e-01
2.498002743776384094e-01
5.178133749745124081e-01
4.595571151014660183e-01
5.942102566111067130e-01
5.392650950555001321e-01
1.486958529207859647e-01
4.509772744049406756e-01
3.369638560284281548e-01
4.601434548514316547e-01
4.138372458605367732e-01
5.367173425003225473e-01
6.041909092215218546e-01
6.294751223111364480e-01
2.052008528380337149e-01
5.027800545815004352e-01
4.345183186348719473e-01
1.776486049019047331e-01
2.530607633925984756e-01
5.132951112670069982e-01
3.282995725677441690e-01
2.592132833617809551e-01
1.429072436577249194e-01
2.388998253867433419e-01
2.682644858956695910e-01
3.645460406291636257e-01
3.458461135805859787e-01
3.068606653210019242e-01
3.800181761692920657e-01
3.447042826067936439e-01
2.969154799978019343e-01
2.918241551276284373e-01
3.783339321635491026e-01
5.695701228259757443e-01
5.001685600676512022e-01
5.443735730669833073e-01
6.241533265953668197e-01
3.177743539218694235e-01
2.218749271687564528e-01
1.102048713215359882e-01
3.817124279930742548e-01
3.640539351632253173e-01
3.888109437574557847e-01
4.562612548394203715e-01
1.842379175627494592e-01
4.586433615576185341e-01
5.685227727847251833e-01
4.905803363651424220e-01
6.170626524451945372e-01
4.123570037704590296e-01
3.663508130225686110e-01
9.191735680356655225e-02
3.061318145955529979e-01
5.187632537428257251e-01
4.355857222501308135e-01
4.284825108094180712e-01
5.791039819945777989e-01
2.987774737032078409e-01
4.905193823765934824e-01
1.088287250906003478e-01
4.244409302276627161e-01
5.633846747084562123e-01
2.825966300878194337e-01
1.148026528262566653e-01
2.004379304345901835e-01
4.420198132738087926e-01
2.395602540681195380e-01
1.874290289135603915e-01
5.664412210532854264e-01
2.823458204581334452e-01
5.695701228259757443e-01
1.798528684787988885e-01
2.352422736315684382e-01
2.453088026441357650e-01
1.754109215426774282e-01
3.687663854643740691e-01
5.132951112670069982e-01
3.839877161560350527e-01
2.489265377622918995e-01
2.837020613328364305e-01
3.894486273505886054e-01
9.563484934471214172e-02
5.254625026252326414e-01
5.068153697920807499e-01
2.316145018001826705e-01
4.328626769179969580e-01
3.351587506127559624e-01
3.499829603580630333e-01
4.088834469218524115e-01
1.606480313412606553e-01
2.934596488933982616e-01
5.132951112670069982e-01
5.022097905356340819e-01
2.348541484440102856e-01
3.111261902810688595e-01
4.212646001179937150e-01
4.354355080039580828e-01
5.210215662932010661e-01
4.088135384385027105e-01
3.925337230790629794e-01
4.969462330762668412e-01
3.678546334841344412e-01
2.796425433859867637e-01
4.571355746594926162e-01
2.976279360287213960e-01
2.369055155111151334e-01
2.578840828765672777e-01
3.477683763130112182e-01
4.421556385466413053e-01
6.404071170545652114e-01
2.068491606853233855e-01
1.717500361348258675e-01
5.104380571093382057e-01
3.935082583836513326e-01
5.285352151015558775e-01
1.201543088110753471e-01
3.979554691295973945e-01
4.755883016905239069e-01
2.885528324950309420e-01
1.701612587202263327e-01
1.767232335166351864e-01
3.165403593474477306e-01
3.790918548806205268e-01
3.755159333897515328e-01
2.979768325652050742e-01
1.699608798249005737e-01
4.307507487537819979e-01
3.942224755660363456e-01
4.650988726483593627e-01
3.019598345925234018e-01
3.035716873112660474e-01
3.387467804357084389e-01
1.948890328653425097e-01
7.818314536125585412e-02
3.522514519148901568e-01
1.163446082871193304e-01
1.370874257180392242e-01
4.118507479763506840e-01
3.056851848585060982e-01
3.667535926450370964e-01
3.790918548806205268e-01
5.027800545815004352e-01
3.798889286059344839e-01
3.382066357801495893e-01
3.625539849941505910e-01
3.261583763819455029e-01
4.056237670761652092e-01
2.213010972692943668e-01
3.932916457961344037e-01
2.981133723183948536e-01
5.091630408229396165e-01
3.382058535312160719e-01
3.280337992830339444e-01
3.933962686287142962e-01
5.367173425003225473e-01
5.695701228259757443e-01
5.122835122678994768e-01
1.647226177141848935e-01
4.078203214578163815e-01
2.748406917812664663e-01
4.454828858455520679e-01
4.081931596344597901e-01
4.310420728705186000e-01
2.161918404388822879e-01
4.377218105354060973e-01
1.353302357000024936e-01
2.789494309181182463e-01
2.884325522110368079e-01
3.943899786985503031e-01
2.894143964397223878e-01
1.527968582287252408e-01
2.187624402548652702e-01
3.738761521182007996e-01
3.479728494905240388e-01
5.593999225472630066e-01
2.467512488896163592e-01
1.516659131541560068e-01
3.536980313159435729e-01
4.789965162234526286e-01
4.071033317922992945e-01
2.481443270785331778e-01
1.424865436123061435e-01
4.195965099788797614e-01
5.993670560080455179e-01
3.996228317959122922e-01
2.474040021560982017e-01
4.639359141972926315e-01
3.646439337926697943e-01
3.013375723001833761e-01
3.726725343923124600e-01
3.851372623535632700e-01
3.437160938050081160e-01
4.342376377185463987e-01
3.252329355650671605e-01
3.703762799622946078e-01
5.664412210532854264e-01
4.054093926186356223e-01
3.759479946498827108e-01
9.124626351023532034e-02
5.551863811781955205e-01
3.247364139162047247e-01
5.276932069644439949e-01
3.143412561605417044e-01
1.373272259683356311e-01
4.000634452009078634e-01
5.281816562533313553e-01
4.133369632635731095e-01
1.656451269165044038e-01
2.890948756061798020e-01
3.574513652226873894e-01
3.468117609116754263e-01
3.328984096823729977e-01
3.440265583869460686e-01
3.005769334352072497e-01
2.026956106168401606e-01
5.607887041876594703e-01
2.957328553553704165e-01
1.923114713872457471e-01
2.248274978085449682e-01
3.946964102186867884e-01
4.316063582104449625e-01
4.830691979044147710e-01
2.993541127764575704e-01
3.122688116110783896e-01
4.050608193341029839e-01
4.015268385885712443e-01
2.128483580965664090e-01
6.134831359976602450e-01
2.969965220682844187e-01
1.803347199978813375e-01
3.764103064720134006e-01
3.954729244962800760e-01
5.002540750720433360e-01
4.397216403278708663e-01
4.302437914717581191e-01
3.194654165689272962e-01
1.812173111181968055e-01
2.906697125465286247e-01
2.397376714730919678e-01
5.250798176328883571e-01
3.846278541773257564e-01
3.797324000330662419e-01
1.703255032444072614e-01
3.641259666115586602e-01
5.504589249186322419e-01
2.823189105127593690e-01
4.344092024962337151e-01
2.387475923230000796e-01
3.776674872540611294e-01
5.538922736939347891e-01
3.025458942254447559e-01
5.897620829693169808e-01
1.681293734557527675e-01
3.490827860985853959e-01
4.080890214719273268e-01
4.482561603732895805e-01
4.765066203626477925e-01
6.468868585294914597e-01
2.934980543433627909e-01
3.706263752155628532e-01
3.219931680395614060e-01
4.021144256129459138e-01
3.349676492563029018e-01
2.242160815026469356e-01
5.512898641190014937e-01
4.770538449635102207e-01
2.391322780474358922e-01
4.227204060236086081e-01
3.990391784671445397e-01
5.092546136312572358e-01
6.281567298224650930e-02
2.731981877096809064e-01
1.586151436839204065e-01
5.122835122678994768e-01
2.834552904816262653e-01
3.526025626752684050e-01
4.170797512573097832e-01
5.647671714370453566e-01
3.142334023675448784e-01
5.813703895637465369e-01
5.482177767350362441e-01
1.687290506227924203e-01
4.682365662504796022e-01
4.312272203625803213e-01
2.612809370262998421e-01
3.794878119120718152e-01
2.175193898445970664e-01
4.345183186348719473e-01
3.896953799084407755e-01
3.132895376446131475e-01
3.321944550738252233e-01
5.766987139103022519e-01
2.834670484335403140e-01
9.210157653134704026e-02
4.023157813320129561e-01
3.735364868674971306e-01
5.164103048703051480e-01
6.468868585294914597e-01
5.360149812848322703e-01
1.532362277893164204e-01
6.101870617241139660e-01
4.223011399280020561e-01
3.025406591029315972e-01
4.015578586149415319e-01
5.590222879768799169e-01
2.179156528740366916e-01
3.078082296677098206e-01
4.174334555169424976e-01
3.229218860699493154e-01
4.061929006756587746e-01
4.872126310183480524e-01
2.034170705138390878e-01
5.611139885723065435e-01
5.407527897141111151e-01
2.345917602620460618e-01
4.279159539749138874e-01
4.273618567881183328e-01
3.846163796685211356e-01
4.790397369841521424e-01
4.819862443112199468e-01
4.209599721566526509e-01
3.404681220202586123e-01
2.998805144428804415e-01
3.208547773604076836e-01
3.805666378584891540e-01
3.694159657686989506e-01
3.418247780294607074e-01
4.198035811250469540e-01
3.083729601806606269e-01
5.517619986428612400e-01
5.068153697920807499e-01
3.376067802528694428e-01
5.416528389343293615e-01
1.285560886129727132e-01
4.955672412927065729e-01
1.889739112077632732e-01
9.105045597955807590e-02
5.386202903570082023e-01
3.976898036301839690e-01
4.336499334503772785e-01
5.321405488820819540e-01
1.569437922340454761e-01
4.206122819424015780e-01
3.087065283382949277e-01
6.306330680702929570e-01
4.751428484450632705e-01
3.174431745026073393e-01
3.541048679063063531e-01
1.925815709471830894e-01
1.315728794372292010e-01
4.260004224706553932e-01
3.623318027027603305e-01
3.250269436230823206e-01
3.419327700620378718e-01
3.647657333608335661e-01
3.583113740240699285e-01
1.823932737561912432e-01
2.657499835974450608e-01
1.876012516284984444e-01
4.464631703575891453e-01
2.701921372692998036e-01
4.071356877535011187e-01
1.326118333468561117e-01
2.634603891970130896e-01
4.792137298932951373e-01
2.700674104520376373e-01
1.018670395904063414e-01
3.143412561605417044e-01
4.485990976405261343e-01
3.015285280373491417e-01
2.826574004152115904e-01
9.506375211954062876e-02
3.554294388207324684e-01
1.601475649792007128e-01
3.172719142677549176e-01
3.302634643308439699e-01
3.577399369166219811e-01
2.797761744952547147e-01
5.068153697920807499e-01
1.708322588837350164e-01
4.183690932178724675e-01
3.600416947370904674e-01
5.021210186898809047e-01
1.048417353191174045e-01
1.901174499081005886e-01
4.057901514035342494e-01
4.347397785465004216e-01
3.992263858328927162e-01
4.519574037352533935e-01
1.714138321745467264e-01
5.132951112670069982e-01
5.483653712891920495e-01
3.412108357850053841e-01
2.661075846541500201e-01
3.356662072203016045e-01
3.176520257172352757e-01
1.480604024685428788e-01
3.659510181277608742e-01
2.668051461498354149e-01
2.937971093787049015e-01
4.066595074872168536e-01
5.431970839752487956e-01
4.851946754184137123e-01
2.598271343473253503e-01
5.450589962959995205e-01
5.406313180751773917e-01
5.596004930031500679e-01
2.861541698720859173e-01
4.843555768606793710e-01
6.208456077679380680e-01
2.604471614199849738e-01
5.706456551364370577e-01
1.615661310127862460e-01
3.923145280098822019e-01
5.438679833174093758e-01
3.999383130194627545e-01
3.476380178439133495e-01
4.128193135137990244e-01
5.223540203976501095e-01
5.299069458771441532e-01
8.503056971587448498e-02
4.113650121329400222e-01
2.534321350863554811e-01
5.204895615583143842e-01
5.840571168635788624e-01
2.821611305079007037e-01
5.633357730285819542e-01
5.122835122678994768e-01
4.783842763006865284e-01
2.464295081155048472e-01
2.891199668175864490e-01
5.470718758009078808e-01
5.282602426483816727e-01
6.022282961225703390e-01
5.642183525076696071e-01
2.088306867258361565e-01
5.336971088868786017e-01
4.795555327644567267e-01
3.934739820356177864e-01
3.628382895544529085e-01
4.374526068303130066e-01
4.937013509981074133e-01
3.460272706260552056e-01
2.725219348578777900e-01
5.018957162376169734e-01
4.164958605306461892e-01
3.806236837205566048e-01
4.834192795594660641e-01
5.223540203976501095e-01
1.621183986559028289e-01
1.594097758695787459e-01
1.109063929134699589e-01
4.186132195355169450e-01
5.329770598651153435e-01
3.726398603761363337e-01
5.064972871698713019e-01
6.023447206136383486e-02
1.647261083155580064e-01
5.987989072356373343e-01
2.696416666367879578e-01
1.345751481416022077e-01
3.894486273505886054e-01
6.306330680702929570e-01
5.587198201908756268e-01
4.593137192708670602e-01
3.138268232354080034e-01
8.142676467801565621e-02
3.387467804357084389e-01
3.811106640320088279e-01
2.928479778317021887e-01
4.068569968634950795e-01
4.299860041732700977e-01
5.431970839752487956e-01
3.304284776957585046e-01
7.573135581243646552e-02
1.960673430816537444e-01
5.549630650104279139e-01
3.203269646108700686e-01
3.787615064579334945e-01
2.927261968687149829e-01
2.554618888628035767e-01
5.350211428496716159e-01
5.114233999427409971e-01
4.195726397451799428e-01
5.068153697920807499e-01
5.553846859601186958e-01
1.846097859835398591e-01
4.607309100804771185e-01
4.695375708504035406e-01
3.790918548806205268e-01
3.327997709605888810e-01
4.872049831474302706e-01
5.261974523146625282e-01
2.580879170338245543e-01
4.361188998387200977e-01
3.661984005591895630e-01
5.099935085535822754e-01
4.215639146903524814e-01
9.872139970696595934e-02
4.324499049644798809e-01
4.463691547623415135e-01
6.633682862866777108e-02
4.192674390770060877e-01
7.331765397042591670e-02
2.409563284180458176e-01
4.807328895434218596e-01
2.522742138569289971e-01
4.465229640691191215e-01
5.534817570204282333e-01
3.984682257179253950e-01
2.441867324466842071e-01
3.855046053509792459e-01
5.450496355015599370e-01
3.358007198407580995e-01
4.798059765269827581e-01
6.243987182728991669e-01
4.025519823641231509e-01
3.011159836074722151e-01
5.342730482391849778e-01
4.023157813320129561e-01
5.114233999427409971e-01
2.531896718012562886e-01
5.582652799277083577e-01
3.757192819415055562e-01
3.870874539506151679e-01
3.068159294337141074e-01
1.979099911452180394e-01
5.123772337142656896e-01
3.621134759444472606e-01
9.337546725653109170e-02
3.328984096823729977e-01
1.441535578733028344e-01
6.193782281952030511e-01
5.367173425003225473e-01
4.202676167843503729e-01
3.098423127336315530e-01
3.854081297148388985e-01
2.839364313661141836e-01
6.015125848613527004e-02
2.565047678410560805e-01
3.063054500566382843e-01
3.901104195107729100e-01
2.991910278017188562e-01
5.082481970573191621e-01
6.095155020540932167e-01
5.849466462596130123e-01
3.708258269702445764e-01
5.251268768805815723e-01
3.461367933761508309e-01
3.231035081408940579e-01
6.243987182728991669e-01
3.174431745026073393e-01
3.044114909947996384e-01
4.438129387227221501e-01
2.763878827804003846e-01
3.661984005591895630e-01
3.279851586992691970e-01
2.138013024574979271e-01
5.457851422029530442e-01
5.367173425003225473e-01
3.172719142677549176e-01
3.913281270720224136e-01
3.137306590021117780e-01
3.105924606696141010e-01
4.376669301495917930e-01
2.668051461498354149e-01
6.101870617241139660e-01
3.946964102186867884e-01
8.507293598966431114e-02
3.747653943293022261e-01
3.330051721102619822e-01
6.357481155800278616e-01
4.003777888062577950e-01
5.087133168059631005e-01
2.672700826530807761e-01
5.091625342216504757e-01
3.383529805653475164e-01
5.773311148805548854e-01
3.223484293134146195e-01
2.096089654809600578e-01
4.183975285798486876e-01
2.008886916641773046e-01
2.631235835307711435e-01
5.717888154968703285e-01
3.829919492267591097e-01
2.904205974430668080e-01
2.497802710064251086e-01
5.612537316379971886e-01
5.168252612170705085e-01
4.891598305080323006e-01
3.726911391531551598e-01
5.051191701414298185e-01
4.120487241014670343e-01
3.719867880152848416e-01
2.545396478244820182e-01
1.740758881786901024e-01
4.485990976405261343e-01
2.369055155111151334e-01
4.944260849904300037e-01
5.412590914494935790e-01
2.394609323596569306e-01
4.588765265159381879e-01
5.430859362344773178e-01
3.825202082179754992e-01
3.381339883861372853e-01
2.424614530089457543e-01
5.570843467972544927e-01
5.920053013166133304e-01
3.279919447035704039e-01
1.703566780367437861e-01
9.453831137411033980e-02
2.979768325652050742e-01
2.405177014014861225e-01
4.507757375192656957e-01
2.703499386857024511e-01
3.576470413737936060e-01
1.585934894410872542e-01
4.838767170332063938e-01
5.068466063245005149e-01
2.672408425912316532e-01
2.578796790624477420e-01
4.255016635233218047e-01
4.025138307345008659e-01
4.047602149760657908e-01
3.838020746393678295e-01
2.881158407591609683e-01
5.533421956410431441e-01
2.467512488896163592e-01
3.809840758655702597e-01
4.230702380158989917e-01
5.234011875053207197e-01
5.508690362279559105e-01
4.170640789425422157e-01
6.243987182728991669e-01
3.995708652509964431e-01
5.200426309163163063e-01
3.976070557040681241e-01
4.536172735044958770e-01
5.483653712891920495e-01
2.301942220115591742e-01
3.873928412941922694e-01
5.664412210532854264e-01
5.350211428496716159e-01
4.153073218326649441e-01
4.491683828877999773e-01
3.445435967643806774e-01
4.677269786746062197e-01
4.366263824311492625e-01
1.991337802086067532e-01
2.482521899142694777e-01
5.077779400972032287e-01
4.197071808450688057e-01
3.018739063245436394e-01
5.234982121500800778e-01
4.882513254948979142e-01
1.666827733707320902e-01
4.223011399280020561e-01
5.421456890230897940e-01
3.052338621475558789e-01
2.927056498937384288e-01
3.221047168829948570e-01
3.434732987449162223e-01
1.201352813281475473e-01
3.368256523072372666e-01
5.223540203976501095e-01
2.189834885659387165e-01
3.981861020169272236e-01
2.141674802927368004e-01
5.257530612273006998e-01
4.316739181800220426e-01
3.199664548063037572e-01
3.429260284106587786e-01
3.800181761692920657e-01
3.479195277819627785e-01
1.502684117144267584e-01
5.237663029745817100e-01
4.411016039460747828e-01
3.600910246478452037e-01
3.669618008897071459e-01
3.327970065847404291e-01
1.451944414203799882e-01
5.613273867257924099e-01
5.461080397201393266e-01
4.497333760559534266e-01
3.840609240959546589e-01
3.758536655730002618e-01
3.348083778230697138e-01
5.431970839752487956e-01
5.237663029745817100e-01
4.447012612768260209e-01
6.408619065647351842e-01
4.538503619633184050e-01
2.345554844291953545e-01
4.743025684066450309e-01
2.594059869461519119e-01
1.035048239756282684e-01
4.378449031113739176e-01
2.105126621473082660e-01
1.231335394216584445e-01
5.105873126172486565e-01
5.170841827037544469e-01
5.766753346869615271e-01
4.927322566163096496e-01
2.334520998575440043e-01
3.213517151831645768e-01
2.712954787060445350e-01
1.957980332542963442e-01
3.904349457604583407e-01
2.503054435878574457e-01
1.927332956426651422e-01
4.061522274729396642e-01
2.879165811886777449e-01
5.033161395667370419e-01
2.458784004375886012e-01
2.866665338807937169e-01
4.072779596680560221e-01
2.134395215763693343e-01
4.993800223765737512e-01
5.187632537428257251e-01
1.162887199996430060e-01
2.029979781011939932e-01
4.537711825932261855e-01
3.141481808883969107e-01
3.757366581370553682e-01
2.932193124190454747e-01
2.589602791527723658e-01
3.377745426105814297e-01
4.340022248599231247e-01
5.132951112670069982e-01
7.530257384460554981e-02
4.004721626810794355e-01
5.553846859601186958e-01
3.766846534170715244e-01
3.014523092809457405e-01
3.062702049921470770e-01
3.009555117765598808e-01
2.752138271210377574e-01
5.302377330286045520e-01
2.214181813086758821e-01
1.752204333255359403e-01
3.299500320673289244e-01
3.290082915566552302e-01
4.363859923239968852e-01
5.068153697920807499e-01
4.198445740457729114e-01
5.383418656561489435e-01
3.387467804357084389e-01
5.579003338798879108e-01
2.976950651689297400e-01
3.712423683949047093e-01
3.835016194345620688e-01
4.137034130046331470e-01
5.214271874146523267e-01
2.087087200229015560e-01
2.348005892336136879e-01
3.791433038066566730e-01
5.444215016649396333e-01
4.190163118081039473e-01
3.731549790943159417e-01
3.521067733843631364e-01
1.824237210757287397e-01
3.951660322121890445e-01
3.828498674176120664e-01
3.734864503757897025e-01
5.186464897332696555e-01
1.579649199938795157e-01
3.442442619238127444e-01
5.319422441001588897e-01
3.880352525770328631e-01
2.648311882586178445e-01
2.088306867258361565e-01
1.610610744730221200e-01
7.300697548092682787e-02
2.610574688989333869e-01
3.195351453408225573e-01
6.241533265953668197e-01
2.065669032141448369e-01
3.120919211795437076e-01
2.389797487560205158e-01
1.936650997417595499e-01
4.026979978688771111e-01
3.328984096823729977e-01
3.630683665731544996e-01
6.216089325344144045e-01
2.908182622010630491e-01
2.335081889562001800e-01
3.992905196436078441e-01
3.062702049921470770e-01
2.928560601698724231e-01
4.248070024603349815e-01
5.620991104302598407e-01
2.473281384571432429e-01
8.954515895297107675e-02
3.610567075262552938e-01
3.723704491037936881e-01
3.122302554487894066e-01
3.465380514277798252e-01
5.386202903570082023e-01
4.482468203667568929e-01
1.659093361191057714e-01
8.759170739637221759e-02
3.630406962061490939e-01
4.695846177292921642e-01
4.287949049248667155e-01
2.340298586713943918e-01
5.987989072356373343e-01
3.788934585279679079e-01
3.728709738798717810e-01
4.734074613033934509e-01
4.781050401438846631e-01
4.936847246223564634e-01
5.568660128671136800e-01
1.385122615921997036e-01
4.914784104223944294e-01
4.224415040324088211e-01
3.107488242904417608e-01
1.928947942922346892e-01
3.083729601806606269e-01
4.354615313451064007e-01
3.044489623401713252e-01
4.198035811250469540e-01
1.928602709838681262e-01
2.620726725210828501e-01
4.828352256477339566e-01
1.958128463009357056e-01
2.064540831902095253e-01
4.660378660371472526e-01
4.540047641411984469e-01
3.615293901232781715e-01
7.749886162135184720e-02
6.360853209977179734e-01
8.166533126998204439e-02
2.807407560303616934e-01
4.325029835584708882e-01
4.441128436716344496e-01
5.350211428496716159e-01
2.581962067492273305e-01
3.523380662877343972e-01
2.983831484185021088e-01
8.170922857310890242e-02
1.034852920741415605e-01
3.900937392943433224e-01
1.848452566325440305e-01
6.039438496262860001e-01
2.849530996002384020e-01
3.687650723962399568e-01
1.238875092143092022e-01
6.468868585294914597e-01
3.886396303055618673e-01
2.564248503963323378e-01
3.817124279930742548e-01
4.349407560296029152e-01
2.602684570357015059e-01
3.192214740163791253e-01
4.768176538056557723e-01
2.259451726109792391e-01
5.286638174082858299e-01
2.965172069856522041e-01
5.431970839752487956e-01
1.888196330297474135e-01
3.259859975498272111e-01
3.019639304338034846e-01
5.139399159654989280e-01
5.520809331534920483e-01
2.795299100374546430e-01
1.156498359048915014e-01
5.702189724353760036e-01
3.482771242653282529e-01
4.086269311156848216e-01
6.387109174039142800e-01
5.064681905445791443e-01
5.323955464434753093e-01
1.510744438842437920e-01
3.981587409739752448e-01
6.104541730224464224e-01
3.417912296739238909e-01
3.472349418898332263e-01
2.551856308854718036e-01
9.557053769345420779e-02
5.026519451560410578e-01
3.994506661437784434e-01
4.117703621800863911e-01
3.572224893292417214e-01
4.374474290824226785e-01
4.270971245617815049e-01
2.754633326213896116e-01
2.427340347488965433e-01
2.847536950341051365e-01
3.664746806756420394e-01
1.301139441201221714e-01
3.570881819893649833e-01
4.132837095314671472e-01
5.153523091340947992e-01
4.093713143572280111e-01
1.957249581491012913e-01
2.941113223320604986e-01
4.363859923239968852e-01
2.491421580390769663e-01
4.686397677635169012e-01
3.422712353308205446e-01
3.728932052989376578e-01
4.418836811714717538e-01
2.879276677951411734e-01
1.532413406789374932e-01
5.579003338798879108e-01
5.987989072356373343e-01
2.939313676591215341e-01
4.123842876902766852e-01
4.793563898141307567e-01
5.876900591670876084e-01
4.313180687123454038e-01
3.280337992830339444e-01
5.166737633176519129e-01
1.487601036634769169e-01
3.046254774460484538e-01
3.695021777916067118e-01
4.296332051230397631e-01
4.089689830259700676e-01
3.943191177133102410e-01
3.609080033136337073e-01
3.889200607276103172e-01
3.937083598643606464e-01
7.577434458009590923e-02
2.346974882836918574e-01
1.405409883421115669e-01
4.150037333706041998e-01
4.538503619633184050e-01
7.375621955872097013e-02
4.276763861334156869e-01
1.355892255788998801e-01
3.729270344990955888e-01
3.653828831793107246e-01
5.734027553214573469e-01
5.254625026252326414e-01
3.642765906913142948e-01
4.015578586149415319e-01
5.500286659700219793e-01
3.819053097298066302e-01
2.410455252725538511e-01
4.219598562348131909e-01
5.064972871698713019e-01
5.925645574382435443e-01
1.937519701176762255e-01
3.894486273505886054e-01
3.859949006059919530e-01
3.941003692723074603e-01
4.745686278368925759e-01
2.058922326338690767e-01
5.232624434024921722e-01
1.435992811829319704e-01
3.662669795519588045e-01
4.102626006432067429e-01
1.796174880493102699e-01
3.664537526583335758e-01
5.354770228934332410e-01
4.113949010893004354e-01
3.371473768667814785e-01
5.349432989986528941e-01
2.817395841867954553e-01
5.868160064716180235e-01
3.838020746393678295e-01
1.648439755393288353e-01
3.705259065343416425e-01
5.431970839752487956e-01
1.756028340432544688e-01
1.152824295043597541e-01
2.423157029657618533e-01
1.863480362436155391e-01
3.783339321635491026e-01
2.942239439354252806e-01
4.462767142667933284e-01
3.939121422597299249e-01
2.510982862465575005e-01
2.587657986181267078e-01
4.248019956929782182e-01
1.908843985264327414e-01
1.178250745747720790e-01
4.064369904065872618e-01
1.662215012557608507e-01
2.992310806932986234e-01
3.019513190343750542e-01
4.903278246216463132e-01
3.364893345331682606e-01
5.177118587906668346e-01
3.853773002096346212e-01
2.872802184591440322e-01
1.596785409498380215e-01
6.052430150161544065e-01
1.779641372637059682e-01
6.298053714715684537e-01
3.508297583407241071e-01
3.916665423458892126e-01
5.051554649952153531e-01
1.012332566401085432e-01
5.123784722577537920e-01
2.030375482975774470e-01
3.441305335722891212e-01
5.731202343635599661e-01
3.239854441303262056e-01
5.223540203976501095e-01
3.805666378584891540e-01
5.122800111686334201e-01
3.062702049921470770e-01
1.659613485013561318e-01
4.066373536070433947e-01
5.614428064853541622e-01
5.132951112670069982e-01
4.897543295114235029e-01
3.955666567523578037e-01
5.122835122678994768e-01
4.120124658343976010e-01
1.606480313412606553e-01
4.015578586149415319e-01
5.269452925851093594e-01
5.498989966200351631e-01
4.170609660574359778e-01
5.350211428496716159e-01
3.280337992830339444e-01
1.496391136510851205e-01
4.052047633239426738e-01
3.754875861685001981e-01
3.328984096823729977e-01
4.213270892934610767e-01
2.728310081052124914e-01
4.571014077597884140e-01
3.774445906901925940e-01
2.212051445529500115e-01
3.907082735783847793e-01
1.444126067898555965e-01
5.939332712649154633e-01
2.874931280968197056e-01
3.727992533146848864e-01
4.766975743328414894e-01
4.042263010798170519e-01
3.055527747269450312e-01
4.267300371516798418e-01
5.386202903570082023e-01
3.172719142677549176e-01
3.136005716073188565e-01
4.173830626165726532e-01
1.537380696871704089e-01
3.761941748127206608e-01
2.651246219321382047e-01
2.612077766906868437e-01
2.598395248752438658e-01
2.584167220583700186e-01
3.928070889388588505e-01
6.198219246546585737e-01
3.668110452225013529e-01
2.121332614817835471e-01
1.453976094291633270e-01
3.127873703120779836e-01
6.134831359976602450e-01
3.322431531361523249e-01
2.548473145620415159e-01
5.773311148805548854e-01
4.316739181800220426e-01
4.551788886085326169e-01
4.309299715884614690e-01
6.306330680702929570e-01
3.121123116215819282e-01
5.321531187056968148e-01
3.317090816675699050e-01
1.840211900181078220e-01
3.428458858329042069e-01
5.276881565424829112e-01
5.132951112670069982e-01
1.365795883799802712e-01
4.265186617654667667e-01
2.965154746254376472e-01
3.681404884065271332e-01
5.747384395548071900e-01
2.791001410598080712e-01
3.814156519359563902e-01
1.204388305010643673e-01
1.676256412095924186e-01
5.114233999427409971e-01
3.363172541114524128e-01
1.824242712276826495e-01
2.564248503963323378e-01
4.330195289506952872e-01
1.881776992451263952e-01
1.674772602489218165e-01
3.129718366883728620e-01
4.801293076799053039e-01
4.438129387227221501e-01
4.020995109134422596e-01
4.094773911999501914e-01
4.797951333469081536e-01
2.622252619934885010e-01
2.113999318978714292e-01
4.248019956929782182e-01
3.873580829785391311e-01
3.611168343639920009e-01
4.242560569280919291e-01
3.386547144343015625e-01
3.155094722890005032e-01
3.169363488080336189e-01
4.181409853336441329e-01
6.105363808787431790e-01
5.895252593393977003e-01
4.796506734012213058e-01
8.149006250305815269e-02
4.880798955787560983e-02
5.350211428496716159e-01
4.318748039884555134e-01
5.164103048703051480e-01
5.068153697920807499e-01
4.149755886235652613e-01
3.790918548806205268e-01
4.054591881785031271e-01
4.329206059542854423e-01
3.989360486220322466e-01
2.848667779211221385e-01
2.607722604804427191e-01
1.982060695601831068e-01
1.851561239801765568e-01
3.873928412941922694e-01
2.369201025932073656e-01
2.164737879623702121e-01
5.362762765425955758e-01
4.219598562348131909e-01
3.164205399313477218e-01
3.782197336935127496e-01
3.455951939828729169e-01
1.300294711095591194e-01
5.718879773463294569e-01
5.431970839752487956e-01
3.650559309808997788e-01
5.350211428496716159e-01
3.467462137311758674e-01
4.851946754184137123e-01
3.017024251142417235e-01
1.947830750333868766e-01
5.851440820550614375e-02
4.111679907963837755e-01
5.051191701414298185e-01
5.691551737549778167e-01
3.081484809295065852e-01
6.022282961225703390e-01
4.132901342419478818e-01
4.098506249704602644e-01
2.156712411969495813e-01
2.240606872219140788e-01
5.068153697920807499e-01
5.664412210532854264e-01
3.732164366699074476e-01
1.175276544043615257e-01
3.797744354673190381e-01
3.226127076358061285e-01
4.089226638277595471e-01
1.980256320881083609e-01
1.274859747743626592e-01
3.985483173653082689e-01
4.015578586149415319e-01
5.325870487986508195e-01
1.961722699373708301e-01
3.293844155737896129e-01
6.201000794245478120e-01
3.586760125148090173e-01
6.170626524451945372e-01
3.621319109720307905e-01
5.695701228259757443e-01
2.866541813947446893e-01
5.068153697920807499e-01
3.033661884584309409e-01
1.525478256532534493e-01
3.977389877137724183e-01
5.504568178563973291e-01
3.469227770649967457e-01
3.203636616067128684e-01
2.081128520319069641e-01
3.208806703613802380e-01
4.562266893316029859e-01
5.726248396271260699e-01
4.015578586149415319e-01
5.794801888515207500e-01
3.716910317089358595e-01
1.751222359310135313e-01
2.943717892956767557e-01
3.600365504577300868e-01
3.937519140630855174e-01
3.002320047904371569e-01
1.124396981105481169e-01
3.301483630420146143e-01
2.672818557801667771e-01
3.178630452144836638e-01
4.660378660371472526e-01
2.064054861571095745e-01
5.528708054281870066e-01
4.712706171698263224e-01
4.050608193341029839e-01
5.177118587906668346e-01
5.718879773463294569e-01
2.104209449669777743e-01
2.903771729608804475e-01
5.042778545534335466e-01
1.970590800673142629e-01
5.813097175631536384e-01
4.235747403500673691e-01
4.627717975479976320e-01
2.407989935862116515e-01
4.315701175091567476e-01
2.711875611981132694e-01
1.519528456176985343e-01
1.369923718707856120e-01
4.193286278649624998e-01
5.386208000764833859e-01
4.994125097173466865e-01
2.974076820235674323e-01
3.083729601806606269e-01
3.467173530486261646e-01
5.651829706294925204e-01
2.308672846472426543e-01
4.363859923239968852e-01
2.940799199121443275e-01
2.751564073884662509e-01
5.607887041876594703e-01
3.143425664223083449e-01
2.319016626188815655e-01
3.173108209141528024e-01
4.905803363651424220e-01
3.980095314073389123e-01
5.582652799277083577e-01
3.884366660182653752e-01
7.986704948472239662e-02
2.322349289361089475e-01
5.124971252644023867e-01
5.462430860701034119e-01
5.727543212623142921e-01
2.845843032163173913e-01
3.638965384873683595e-01
3.059327445068403817e-01
3.797036931810269800e-01
4.077949609390769115e-01
2.493888742180921658e-01
4.169063057976927777e-01
3.266898281585108310e-01
3.083729601806606269e-01
1.326795620102970141e-01
2.163785462963785100e-01
1.860579833073807698e-01
3.068159294337141074e-01
1.581261918473856887e-01
3.507086188925412351e-01
2.531738631178199750e-01
2.846547752598208580e-01
4.224909302951116996e-01
3.783821374485450972e-01
3.569846392964233228e-01
2.268037790601679093e-01
4.054812058978869427e-01
4.489148026458935070e-01
1.649800456937036142e-01
5.132951112670069982e-01
2.071720926064954948e-01
3.784108252796495875e-01
4.723513840831031207e-01
5.412590914494935790e-01
1.894891905125230258e-01
3.210956667930817132e-01
2.887942576320636778e-01
3.235049397715449859e-01
9.944144571448276793e-02
6.404071170545652114e-01
5.624264513625282236e-01
3.958773759861543007e-01
4.774982193166070199e-01
5.611948368994974512e-01
2.819451266942349377e-01
4.050608193341029839e-01
5.875440673605474284e-01
5.367173425003225473e-01
3.563179285096071403e-01
4.345777218455723623e-01
5.914941552713658401e-01
5.307444540560675161e-01
4.151309737576190928e-01
4.219598562348131909e-01
4.041549212284228920e-01
5.498989966200351631e-01
3.235565649790309029e-01
5.010735077502316281e-01
2.230380932910122904e-01
4.083094303469871345e-01
6.173998234588988776e-01
2.772427807709524905e-01
5.105346761820356294e-01
5.660762750054649795e-01
5.124971252644023867e-01
3.598957271484616860e-01
2.104987277015505365e-01
2.508645302880471162e-01
6.081259795326978690e-01
4.718143580293249206e-01
5.346560273804106256e-01
2.819409718152994793e-01
5.367173425003225473e-01
3.594347495981300433e-01
1.128850208079539008e-01
3.986164592923366889e-01
5.470104400526184518e-01
1.750651857034856707e-01
4.015578586149415319e-01
3.790918548806205268e-01
6.241283045037502308e-01
4.068569968634950795e-01
3.973470788153550814e-01
3.454474653467182188e-01
2.646633317316879896e-01
5.346586743045855794e-01
5.063102045315639455e-01
2.741476863711180267e-01
3.820285813935916375e-01
4.234408227834434713e-01
4.229338090622525859e-01
4.064434972292998993e-01
3.585755100532392881e-01
3.191576742673265521e-01
2.368794318850370451e-01
4.348585377793527385e-01
4.815512880232459270e-01
3.507688329355470591e-01
2.909188779567249417e-01
5.132951112670069982e-01
2.745063141425406750e-01
4.855977914411842289e-02
2.506323738550266800e-01
6.243886649813138595e-02
1.045216593445232739e-01
5.187632537428257251e-01
1.833349718595350120e-01
3.225320063830559025e-01
3.134177222183556766e-01
3.951038566222960235e-01
6.113143496861764836e-01
4.232097165554754015e-01
2.853352943098003691e-01
1.287139596688632315e-01
1.638446383909966664e-01
3.083729601806606269e-01
1.803993407653136372e-01
3.375598570620263472e-01
1.759925449323445634e-01
4.418836811714717538e-01
5.695701228259757443e-01
4.547359018482158288e-01
2.870075383923940127e-01
4.473518236472904808e-01
5.122835122678994768e-01
3.056087596781880134e-01
5.304443492314311337e-01
4.234559303947224018e-01
2.970756918759395182e-01
3.503120245038670033e-01
3.941684299186202223e-01
4.919606155437717954e-01
6.468868585294914597e-01
4.590042761027305351e-01
2.668431630738215543e-01
4.715734202647675066e-01
1.406365370454869257e-01
4.792137298932951373e-01
4.494465376576892157e-01
1.963994427815505817e-01
2.499875075203910335e-01
2.416284402148715094e-01
5.240590147880379579e-01
3.439201283576870938e-01
2.490890342313886174e-01
2.655016931502466315e-01
5.472698211599221763e-01
4.319426376308258542e-01
2.607443151933696579e-01
4.292337719378105931e-01
2.577936440485664726e-01
5.311977200205469929e-01
5.290055207053737663e-01
5.169177985842644540e-01
4.632566573890150030e-01
3.790918548806205268e-01
4.477756238971923319e-01
3.537835274033406252e-01
3.739309989315456328e-01
4.345183186348719473e-01
2.876150668400196397e-01
5.136218333432893690e-01
2.991680654798493100e-01
1.686017104538247990e-01
2.992312917944923711e-01
4.803253342111808433e-01
5.284332306701091664e-01
6.360853209977179734e-01
2.091465677008347013e-01
4.530003502742030452e-01
3.078544639473209665e-01
3.127518338011331944e-01
2.950964924179576565e-01
1.170118391873640334e-01
5.300042515744036731e-01
1.399181611384037738e-01
6.227146973213962822e-01
2.833347051350996182e-01
2.199987983103524614e-01
1.976489383783877063e-01
2.019873658000835848e-01
4.397311642034393286e-01
3.019491117744292907e-01
1.438167160361030206e-01
4.514093173717139140e-01
3.138813775629039071e-01
4.399456886457165372e-01
3.221130345402702932e-01
4.476376047726139951e-01
3.090843517668115381e-01
2.925106885348081054e-01
3.621469066404315318e-01
3.530684678949714272e-01
2.534863524418818903e-01
3.062702049921470770e-01
2.514582800952765984e-01
4.956772814538028538e-01
1.725672508472962940e-01
2.022551623717642744e-01
3.942917082345354096e-01
3.035041275495680702e-01
5.302121927984106975e-01
5.110128834771135997e-01
4.186264206878617111e-01
6.143658662930118197e-01
1.633785282025324581e-01
2.514738589684030745e-01
5.876900591670876084e-01
5.431970839752487956e-01
3.447282039787442076e-01
5.987989072356373343e-01
1.805710027264653128e-01
4.624600715558740416e-01
2.171888153534233812e-01
5.865287055424270868e-01
3.280337992830339444e-01
4.264714061759936614e-01
3.865324286877198090e-01
3.503837782257652189e-01
4.590042761027305351e-01
5.386202903570082023e-01
1.880554512818125579e-01
2.576170100358624593e-01
3.346912132305492893e-01
3.873789446824248972e-01
4.280421714929738553e-01
6.216089325344144045e-01
3.328781058219666411e-01
5.118335112520646657e-01
5.342662930009858258e-01
1.693314141070904610e-01
5.685227727847251833e-01
5.925645574382435443e-01
4.025519823641231509e-01
5.350211428496716159e-01
4.535706688883247573e-01
4.632130679547881158e-01
3.473960824677078119e-01
4.816030766236794047e-01
5.630454171086053394e-01
1.743500612329076938e-01
1.561129555180567896e-01
4.679825851137901505e-01
4.906794584057600495e-01
4.081500403187455217e-01
4.070462117174045713e-01
3.890726338815090890e-01
1.509732796396605070e-01
1.594727434787214793e-01
4.151271528364067209e-01
5.266271139227703957e-01
3.190687113807096909e-01
4.350887455539881876e-01
1.872048571155482122e-01
5.907760336003831103e-01
2.018336536767703360e-01
5.851820042381622455e-01
2.773814848570604896e-01
1.657207280641962988e-01
4.015697395273243875e-01
1.442010052312163171e-01
3.301232369069245220e-01
2.957674584892991398e-01
4.021786230346559021e-01
5.309179680118374378e-01
2.661960127718639990e-01
3.847183661787585418e-01
2.423638373639956101e-01
2.411103007020128641e-01
5.794801888515207500e-01
2.502852668455012863e-01
5.223540203976501095e-01
4.492810811985408770e-01
4.761102436233578539e-01
1.355632587808580924e-01
2.899818200260012580e-01
4.556069359317366230e-01
5.599614795783592891e-01
3.966045050571607167e-01
2.278111628954101742e-01
1.952930849155872228e-01
2.593273776844041145e-01
2.679656882146138064e-01
2.951049501857250235e-01
2.701314297213861515e-01
2.323986928438842581e-01
6.306330680702929570e-01
3.266518444951756472e-01
3.583499854821909913e-01
3.637484539622489743e-01
3.360351664774725022e-01
4.022379374809941788e-01
5.927020325433004500e-01
1.286988442621192219e-01
4.496192260217399816e-01
5.574170855174068739e-01
4.507767014545047690e-01
1.764974329861239144e-01
2.237690301868498211e-01
3.957332770224692986e-01
2.668838979126844091e-01
3.083729601806606269e-01
3.027496465822886451e-01
1.748146666887369916e-01
5.497507448562054533e-01
3.847697347595347983e-01
5.091630408229396165e-01
2.292676024164247983e-01
4.790722647574038318e-01
3.865127352641971603e-01
4.409555214003213486e-01
4.250698733374954630e-01
1.688268705089270572e-01
6.333164429043930399e-01
4.021807715687649165e-01
1.581261918473856887e-01
3.006348410599517518e-01
3.717931743363535046e-01
3.561340178980010318e-01
3.781236091651185571e-01
4.506513946546424343e-01
2.784941131872359921e-01
2.905861057680426129e-01
5.923191657607110860e-01
5.347889864166511797e-01
5.331749856834971935e-01
5.092546136312572358e-01
2.087995628638713297e-01
4.406121653607019684e-01
3.031913012535366603e-01
4.453124426793770296e-01
4.792137298932951373e-01
5.138244734431791638e-01
2.525440881798959869e-01
3.606140050405642339e-01
3.764103064720134006e-01
5.708513734056286371e-01
5.691551737549778167e-01
4.830691979044147710e-01
2.412748615141959985e-01
2.503054435878574457e-01
2.974181162015753777e-01
2.593057531682777528e-01
3.717292141046602549e-01
6.241533265953668197e-01
4.100005174198355085e-01
1.965393499677655365e-01
3.125480553554662033e-01
3.740882939545382424e-01
5.349976030397507465e-01
5.431970839752487956e-01
1.896325483873300133e-01
4.179372252852746605e-01
1.326079439294907125e-01
5.773311148805548854e-01
3.176353656650752755e-01
4.469675909952837700e-01
2.581756649712275142e-01
3.793804135821133294e-01
5.132951112670069982e-01
3.231059632966286066e-01
2.883977625056444172e-01
1.599566489469369246e-01
3.602369786203949986e-01
4.424721820322300436e-01
6.836208234298776776e-02
2.521096590732387899e-01
2.716616963501249371e-01
3.766304493658054753e-01
3.272718267698960237e-01
3.308180736277239187e-01
2.959508972154205608e-01
3.273687103687076272e-01
3.969810649967009941e-01
3.844005184598960900e-01
5.087418574586873854e-01
1.500012276584204163e-01
5.315014036912208972e-01
1.399062615169047730e-01
3.858113729076294018e-01
2.974247714499427264e-01
4.455063684887292652e-01
2.909188779567249417e-01
4.985710567212862654e-01
4.015578586149415319e-01
5.923191657607110860e-01
2.165947707736751993e-01
3.100865811366191327e-01
4.422227523037985386e-01
5.237663029745817100e-01
2.007765431935717160e-01
4.661603168904315808e-01
2.157567838492578660e-01
2.790232874407305164e-01
4.031473837705492613e-01
5.104380571093382057e-01
5.102207486466405761e-01
3.810067397770375286e-01
4.559861109899544518e-01
3.017296179830275538e-01
3.999306852088750364e-01
3.210956667930817132e-01
2.983588417426987216e-01
3.986736935967793993e-01
3.450453862767094981e-01
3.853274539272745214e-01
2.165319744568846572e-01
4.068147310992347165e-01
2.032526680535361174e-02
5.102962251708311747e-01
5.431970839752487956e-01
4.727271428567146883e-01
3.453862507817573868e-01
3.712686173887814745e-01
5.702189724353760036e-01
6.422278570549541099e-01
3.927202554614768193e-01
1.660796018604961122e-01
6.468868585294914597e-01
1.297162137762798984e-01
4.246701399748918915e-01
2.598453083827388377e-01
4.304826949317545060e-01
3.969722050868762508e-01
5.770290106750408654e-01
5.315014036912208972e-01
1.549596392257483191e-01
4.845758388691774887e-01
5.367173425003225473e-01
3.606140050405642339e-01
1.826335807117163146e-01
4.795154015024682970e-01
5.485983850154895203e-01
3.068598172783433831e-01
1.933395198570171392e-01
8.194279047650919467e-02
3.589333045414171974e-01
3.704559568909364664e-01
5.207159987184718508e-01
2.979768325652050742e-01
3.656205598409862922e-01
1.982060695601831068e-01
3.806544800690495056e-01
4.516108277528076420e-01
5.064681905445791443e-01
1.468056340191417064e-01
2.084891971284302814e-01
3.499630443999979246e-01
3.654761121601644014e-01
3.830671195450822131e-01
4.166356771855269647e-01
2.988712950354662778e-01
5.401227213548823736e-01
1.383236104023835844e-01
2.780509336190834513e-01
3.261489333713345484e-01
2.500486770795336544e-01
4.803582472882854115e-01
4.750490559040557725e-01
3.452300610517701762e-01
2.208495766574712360e-01
4.177331910444142538e-01
4.343389956024816811e-01
1.606480313412606553e-01
2.144236535142000633e-01
4.301120034183085195e-01
1.658331164272465463e-01
2.299322508350056804e-01
5.111295953090235766e-01
5.780108344796080350e-02
4.678187527098618403e-01
4.231123310326537212e-01
5.237663029745817100e-01
2.779490253753151840e-01
5.472971070545910033e-01
5.810773653080509860e-01
1.851824418859644716e-01
5.015068700215109532e-01
4.038663734405811834e-01
3.658024883256774662e-01
2.847356271209560141e-01
5.545749460592418467e-01
5.832643335543528096e-01
4.218380362945007289e-01
1.022569718707040387e-01
4.559985430936865369e-01
2.770997215144269665e-01
4.796506734012213058e-01
5.708513734056286371e-01
3.707030649219951735e-01
3.901865086545773242e-01
5.593999225472630066e-01
3.183851306878142662e-01
3.946964102186867884e-01
4.687180735218251515e-01
3.415910490952291378e-01
2.872802184591440322e-01
5.386202903570082023e-01
6.170626524451945372e-01
5.553846859601186958e-01
2.684349760425139841e-01
2.327900446263989342e-01
4.071033317922992945e-01
4.684726818442927487e-01
6.333164429043930399e-01
2.627984995415458269e-01
5.204160278718950039e-01
5.612158883969724510e-01
3.310757239339060520e-01
3.015285280373491417e-01
3.320489710119090554e-01
3.725449264751050649e-01
3.083729601806606269e-01
5.027800545815004352e-01
1.505567089040517892e-01
4.118565544544826595e-01
3.712690409423828886e-01
2.986591592276218177e-01
6.468868585294914597e-01
3.956589128591725402e-01
3.950337755993197364e-01
3.230526889844949068e-01
3.333329290085457752e-01
3.859730678989788388e-01
3.563733814983147119e-01
5.081905679905259765e-01
1.442001787040412819e-01
2.151344772786763226e-01
1.774637981236357465e-01
5.595965335305387311e-01
4.283800756961515521e-01
2.675363632666568625e-01
3.451659196534690999e-01
2.451935058450427918e-01
4.446851594839035804e-01
3.774539259155066939e-01
2.485817851910925858e-01
1.509497484567209058e-01
5.813097175631536384e-01
4.407550609124613050e-01
3.809806633227872941e-01
2.737953893488372925e-01
5.702189724353760036e-01
3.410861366156592855e-01
4.258800855396152052e-01
4.205615038421184337e-01
3.144325571669777664e-01
6.143658662930118197e-01
4.473420095725428869e-01
3.074127409877990824e-01
3.328984096823729977e-01
1.453807981449812270e-01
5.583684438649878512e-01
3.358954439918095947e-01
3.682856528543759778e-01
3.967633257046345729e-01
4.057267184570974572e-01
1.890120995280411276e-01
5.512239814216859379e-01
4.093713143572280111e-01
4.341389100245210964e-01
3.491790773459922392e-01
3.100865811366191327e-01
5.238277387228711390e-01
2.521484010794147190e-01
3.255411244948459015e-01
5.316522573734072665e-01
2.855344781083632433e-01
6.404071170545652114e-01
8.582612415701876274e-02
5.313346052687479837e-01
6.134831359976602450e-01
1.433419420717148840e-01
4.136309062408104475e-01
4.248932069995963179e-01
4.279086092956169707e-01
3.982422721884199546e-01
2.728611456849384109e-01
5.664412210532854264e-01
4.023157813320129561e-01
3.475982988061170897e-01
5.302377330286045520e-01
1.860748330491904801e-01
1.957416240218751990e-01
3.694882391882676198e-01
5.955528410783056392e-01
2.716339771315385287e-01
4.228719332339758719e-01
3.137647790250860935e-01
3.889124222112505525e-01
5.572125499761736434e-01
4.493045948156992320e-01
3.671874651554892233e-01
3.328984096823729977e-01
4.837044525345756685e-01
1.595023983632511133e-01
4.297734597791171840e-01
3.916814106883606539e-01
4.276496837552912211e-01
1.634042014753299688e-01
5.010373637646798467e-02
6.825090082186774376e-02
3.475680987587311810e-01
4.276209010273920308e-01
2.557735860636762282e-01
2.562485046079562845e-01
4.461157171254757636e-01
4.103573353960907055e-01
3.089144587525904373e-01
1.659547723509742501e-01
4.469732113177102284e-01
2.297036225255301711e-01
1.945418441593433634e-01
2.920086326254534570e-01
3.528931351012945528e-01
1.615429829509692494e-01
2.960418644720126391e-01
1.071355245112658866e-01
4.197071808450688057e-01
7.805503998943831567e-02
2.830009415711411958e-01
2.412748615141959985e-01
4.061286876630186837e-01
5.367173425003225473e-01
5.254625026252326414e-01
2.782536376417866220e-01
1.344235780042073447e-01
4.477756238971923319e-01
1.653393615448418841e-01
6.202010458721978203e-01
3.861976793612201808e-01
3.072166259000405075e-01
5.122953678190360627e-01
4.129357206989346385e-01
3.842621113290369816e-01
5.049650379984593762e-01
4.296848483120650486e-01
1.645213899446842931e-01
3.010803847328069605e-01
3.949167698264073878e-01
2.553569223021844858e-01
4.605584489282478766e-01
2.149364074001001990e-01
5.141780792720730409e-01
4.326569945079446478e-01
2.796254728766066622e-01
2.040882281457419289e-01
4.635053057000292909e-01
2.029979781011939932e-01
5.068153697920807499e-01
4.232411732318283604e-01
3.305410312187284649e-01
7.031736822448413082e-02
2.370452347746524746e-01
2.567705142054269585e-01
2.327248171639061947e-01
3.368127867756480209e-01
2.781803758611883781e-01
4.017896480374670842e-01
3.871431194956699851e-01
4.447755870864346650e-01
4.015578586149415319e-01
2.144585685706705547e-01
4.463635936854494779e-01
3.172719142677549176e-01
2.230427496781996477e-01
3.387467804357084389e-01
3.094488432870494687e-01
4.131729748464041396e-01
2.059993423237414245e-01
4.441078500006589991e-01
4.581894759056368560e-01
2.696416666367879578e-01
3.031599281445691019e-01
3.309715986598758541e-01
4.059862121309165683e-01
5.528708054281870066e-01
2.182749447151425826e-01
3.829220683913254764e-01
1.973513975341780746e-01
2.958257646182173017e-01
3.121040098670552210e-01
2.931041819232070300e-01
2.101427352130750270e-01
2.041416581592976620e-01
3.146652405734359781e-01
4.924977742243955570e-01
1.387022348928893534e-01
1.128121577394083641e-01
6.360853209977179734e-01
4.179376676519316880e-01
4.350672965917348756e-01
6.161866062934007182e-01
1.743888410730739802e-01
5.613941817003986756e-01
4.104333424276631614e-01
5.156282577873730899e-01
4.765066203626477925e-01
5.253859366068458492e-01
3.121085350825505977e-01
5.158742789227238612e-01
3.224783666195203402e-01
4.267325996769531504e-01
1.985053253027655729e-01
1.352233741137980061e-01
5.550361145464975943e-01
3.841492001501302656e-01
3.609328048455588966e-01
3.904494121687515085e-01
4.966515983814301372e-01
2.937971093787049015e-01
1.609557151249037532e-01
4.932305136396331613e-01
4.400994952500662527e-01
2.908182622010630491e-01
3.073916100805200724e-01
2.029979781011939932e-01
3.542760588134896138e-01
2.904536252694169263e-01
4.846773670060695594e-01
3.032608458445775201e-01
2.078241405392990682e-01
5.132951112670069982e-01
6.009254957593160862e-01
3.921218746283062218e-01
3.859247343525977758e-01
3.711973713075676917e-01
2.821591134573023241e-01
1.579649199938795157e-01
2.658736103186785105e-01
5.961033104635431457e-01
5.882215320433784589e-01
1.737670016067585921e-01
4.409396881871549545e-01
4.193682240462294764e-01
3.614332436636422674e-01
1.650403536980482033e-01
5.087418574586873854e-01
5.300042515744036731e-01
2.018010054375986573e-01
4.261766128694279843e-01
5.033161395667370419e-01
5.172127224388849420e-01
4.074268614697319491e-01
2.004379304345901835e-01
4.812071205276839403e-01
5.509383630656727870e-01
1.300527785106818379e-01
3.977389877137724183e-01
4.894044539684683226e-01
4.856744523043958206e-01
1.218597439050876224e-01
5.092546136312572358e-01
5.026519451560410578e-01
5.496264291198005303e-01
3.274215928287978472e-01
2.259037326463171624e-01
2.455530135685609905e-01
4.389222257803098159e-01
2.933874653815265465e-01
3.287869736264303899e-01
2.107759998169163318e-01
2.954147698228540286e-01
1.767232335166351864e-01
1.317510732705212406e-01
2.908067608758586609e-01
2.714296390754200594e-01
4.460048159292791525e-01
4.987393459484965041e-01
4.800367703127113583e-01
5.987989072356373343e-01
3.062702049921470770e-01
4.374526068303130066e-01
4.848207833988342208e-01
4.068806901921078745e-01
3.627294339922266242e-01
2.479073912978565497e-01
6.387109174039142800e-01
3.233633749576404481e-01
5.132951112670069982e-01
4.478160883893270716e-01
6.143658662930118197e-01
3.881941172948691898e-01
3.973139676294986100e-01
3.295748148186898874e-01
2.844945152576789926e-01
5.051191701414298185e-01
2.216906172214603565e-01
4.957003851334387812e-01
1.842379175627494592e-01
4.117212853620970670e-01
3.096418611845714874e-01
4.152648816578663471e-01
4.420375133449468419e-01
3.996901849258165940e-01
4.730185405626414208e-01
4.419794009593202011e-01
2.909188779567249417e-01
6.170626524451945372e-01
4.556797723917614396e-01
1.973223925835550785e-01
1.792928176354910974e-01
3.669676280518064382e-01
2.242160815026469356e-01
3.351507245058736317e-01
4.447012612768260209e-01
4.540705578662728170e-01
2.338396551446367544e-01
4.230696969066845559e-01
4.112597530864720574e-01
4.202528582020269021e-01
3.787628364682116278e-01
2.282995570963445298e-01
3.990391784671445397e-01
2.125104811255466575e-01
2.577911669615902124e-01
2.570162734131518634e-01
3.680522907227602447e-01
6.260562744520524747e-01
5.259970073137930635e-01
3.168775376369193375e-01
3.996198660891863153e-01
4.290155370620457043e-01
2.509595299828034642e-01
4.053040330626381804e-01
3.268466486975303842e-01
3.164205399313477218e-01
5.959050056816199703e-01
3.287861020934371159e-01
9.819769319266184737e-02
4.266141270053962486e-01
4.857596141222512709e-01
2.827718382579949008e-01
2.662404260308380288e-01
2.879806291453377298e-01
2.147090438268754176e-01
3.715538015893607438e-01
4.743378340511639757e-01
3.741251937364120095e-01
5.460278572296036748e-01
4.442073185756832410e-01
1.630154523387487286e-01
3.387230663191888591e-01
1.823099794199447010e-01
3.112427637694589744e-01
3.603148638393483538e-01
3.574572079757167842e-01
2.904318311239709183e-01
3.100865811366191327e-01
2.976134855231769571e-01
1.824237210757287397e-01
3.974621357220033957e-01
1.993473923735933073e-01
3.387442407771326658e-01
2.498002743776384094e-01
3.855146818730504354e-01
3.328984096823729977e-01
4.848205149230176980e-01
3.552216861430402828e-01
3.331298519468547381e-01
3.076950375402424664e-01
2.306516934735271529e-01
5.568660128671136800e-01
2.924397920022474562e-01
9.662625850508214931e-02
2.813947161387737594e-01
5.457448365304263804e-01
3.176855390451491234e-01
1.609963831306461812e-01
3.686413903791744273e-01
5.319422441001588897e-01
3.263288558749876528e-02
3.761416379515813424e-01
5.718879773463294569e-01
3.252681148358332885e-01
1.744638792842492792e-01
1.265318822973376667e-01
4.465464234298406887e-01
4.054066265797546254e-01
5.656421788171355214e-01
4.508196057193230022e-01
3.529107064952893835e-01
4.611865172829618387e-01
1.412649740737282333e-01
4.399117329511456065e-01
4.092308144038501738e-01
2.956457853116087886e-01
3.281183150127455206e-01
3.575982332394999075e-01
2.744181247739364560e-01
5.745271883763372056e-01
5.064360898588730064e-01
4.857071458612043924e-01
2.877603725416953417e-01
4.970148219432917736e-01
8.004984908664872223e-02
2.183847952905286771e-01
6.356320186544015538e-01
2.647458193932105130e-01
2.360626165082565786e-01
5.113571187412517816e-01
3.159924980129995009e-01
4.751427964752962252e-01
2.544334959374162097e-01
5.177594084250818351e-01
5.452218433531447195e-01
4.557377664941982820e-01
1.610791959150313368e-01
8.571585751167772049e-02
4.632245550402763201e-01
3.883649225863809451e-01
1.751222359310135313e-01
3.081555375923545337e-01
3.694371091487220760e-01
3.124912067706344665e-01
3.062702049921470770e-01
3.617212204076837301e-01
4.578282798922665986e-01
2.054600006010833535e-01
3.919944233479766837e-01
3.717183116790512831e-01
3.987698601167453671e-01
1.566323242198454924e-01
4.247220733630963641e-01
3.741086687017067813e-01
4.810869833684282559e-01
3.062702049921470770e-01
4.068147310992347165e-01
4.604515172867974515e-01
1.871938164503588464e-01
3.820184281641442747e-01
4.107794455891684016e-01
1.712940269981629016e-01
2.965146337546069044e-01
4.246678969597463826e-01
2.991312563332492180e-01
1.822573866393359943e-01
5.368173749473191814e-01
3.140577907040980610e-01
3.909972710086508929e-01
4.048922169370765545e-01
5.508463468513027372e-01
5.691551737549778167e-01
2.182349270590648871e-01
3.015414745378354189e-01
4.504241401139889023e-01
4.377841429700560227e-01
1.563537748954848816e-01
4.982978062343731973e-01
6.208456077679380680e-01
5.182843149213068878e-01
4.213270892934610767e-01
3.943370595478045693e-01
1.574794885893641971e-01
1.998232170627315119e-01
5.877423721424706038e-01
2.553053972924094195e-01
3.861473879058355818e-01
8.281438022077922123e-02
5.300451213267818318e-01
2.453047280065206448e-01
2.909188779567249417e-01
2.508645302880471162e-01
5.051554649952153531e-01
5.512898641190014937e-01
3.377247076576305185e-01
3.789567843127450431e-01
2.570332442445187882e-01
6.343821650898090470e-01
3.428202137034415675e-01
5.304443492314311337e-01
2.732798575749492698e-01
3.522766806383004212e-01
2.317424851469871705e-01
4.052575480808707775e-01
6.040811802034208589e-02
4.447012612768260209e-01
4.013744564755361011e-01
3.724428839414588022e-01
3.218251812763953112e-01
3.559576843744899910e-01
2.836383444235924811e-01
4.115373683062398258e-01
5.057894036469351429e-01
1.583591632702928409e-01
3.916267543961818309e-01
3.541977389194047032e-01
4.217516735592685140e-01
3.789796491393316313e-01
2.199758279851387610e-01
4.389050383389538901e-01
6.159523633781731622e-01
4.766122023492481707e-01
4.431988302789517942e-01
1.645770784603761139e-01
4.724030731094630009e-01
2.575624512389665388e-01
4.214317626406545170e-01
3.901676176442577249e-01
7.145631591560100415e-02
5.705095748999274852e-01
1.441756793243416934e-01
3.699569403814374491e-01
4.664536435062318631e-01
2.225043818689759478e-01
5.664412210532854264e-01
4.314564288625351018e-01
5.397935074322098847e-01
1.628428145932510895e-01
5.703283927010910359e-01
5.521728321240676474e-01
3.083729601806606269e-01
5.321405488820819540e-01
3.947083698132969332e-01
4.619381715106722908e-01
2.391824490369004741e-01
4.084171423664594847e-01
3.899739855680288692e-01
2.161918404388822879e-01
3.355666533109198379e-01
5.008628123364504692e-01
3.809719141085663452e-01
4.649173290517629176e-01
2.744599273836329512e-01
3.308567776959698836e-01
4.344935917315322915e-01
2.956659226608815416e-01
1.723370997197069265e-01
4.132837095314671472e-01
5.218283104488266044e-01
5.635990815951203992e-01
4.307745605734636385e-01
6.357481155800278616e-01
6.114184499107789827e-01
3.110455660475133777e-01
3.910504447073155920e-01
2.517692691561035367e-01
1.537380696871704089e-01
3.275790123713522850e-01
3.172719142677549176e-01
3.627390130596876983e-01
1.721951867083632293e-01
4.420263099104471127e-01
2.001300494776509231e-01
4.009882490763213569e-01
5.582652799277083577e-01
4.429960463267469395e-01
3.570937069992387025e-01
4.267573265802928062e-01
3.896323124134057903e-01
3.476504132569899763e-01
1.594488116088779717e-01
1.739493864899439302e-01
3.447350475655472923e-01
1.796503849118474827e-01
3.280337992830339444e-01
3.936992195256729388e-01
2.119018633916038008e-01
4.367715596635607933e-01
3.530684678949714272e-01
3.590318509648950385e-01
4.563074788290176764e-01
2.766315822183783579e-01
4.793367372388450121e-01
2.429933268839590543e-01
4.397311642034393286e-01
6.306330680702929570e-01
2.427368017232333641e-01
3.098106790482520467e-01
4.408345111489793688e-01
2.656721195821566406e-01
4.136936434160060627e-01
3.419459289109922917e-01
6.468868585294914597e-01
3.688731324052724192e-01
3.901315761950563954e-01
1.399062615169047730e-01
2.609510398051302360e-01
4.268946563778811543e-01
2.333030336235251689e-01
3.707030649219951735e-01
5.708513734056286371e-01
4.031698866796781799e-01
4.864146450157434409e-01
2.906952330282110419e-01
2.132802306025037287e-01
4.278468028989490524e-01
2.614920231487896096e-01
4.249948015538507207e-01
3.033504788293706067e-01
5.933840547668218779e-01
4.087588189510871217e-01
4.219598562348131909e-01
4.881576698422567806e-01
3.999554368498238199e-01
5.587189766176170469e-01
3.840861778687926220e-01
2.352493387135186353e-01
4.618643546929619981e-01
3.900228144902293526e-01
4.899177500029782140e-01
1.003633260826210932e-01
1.944986085352904681e-01
4.445545199623055499e-01
3.257936489189651730e-01
2.806493602310705660e-01
1.673932521598947010e-01
2.920584258986511639e-01
5.585562642661080490e-01
5.261711735940789447e-01
2.884201349706581041e-01
3.512879190257425788e-01
5.102207486466405761e-01
5.664412210532854264e-01
4.830691979044147710e-01
4.186317758605367367e-01
5.325768485885340464e-01
2.385797088757309337e-01
7.553928334891647778e-02
2.438642034990857188e-01
4.928286921317898139e-01
2.590502780047253539e-01
1.537380696871704089e-01
4.345183186348719473e-01
1.393290822698964038e-01
3.328984096823729977e-01
3.892707820265543517e-01
3.328984096823729977e-01
1.430765167765647716e-01
5.524201907533430322e-01
2.063108053488437732e-01
5.123326241135117698e-01
3.536781897785848394e-01
3.028552667146980903e-01
3.713642821926164683e-01
3.640559255013634532e-01
4.137034130046331470e-01
4.341861495033663698e-01
5.128495337098636364e-01
2.442852710746969969e-01
1.605572659352437481e-01
5.149951552252653997e-01
4.501809978958530856e-01
3.083729601806606269e-01
2.986591592276218177e-01
1.410996273747278928e-01
2.561181453073421710e-01
5.431970839752487956e-01
3.917408698185304017e-01
3.849993151551425186e-01
4.963598137086180362e-01
5.255574626150869566e-01
5.438679833174093758e-01
6.275587054499266459e-01
6.134831359976602450e-01
1.821987585057412429e-01
3.579716953651663758e-01
2.009959248342161331e-01
5.154316996053807109e-01
6.662849927981100151e-02
5.240728735658148896e-01
3.251938361108335229e-01
2.002945625815879260e-01
3.982561930180987253e-01
5.973892474689087573e-01
2.508645302880471162e-01
5.341729484393702432e-01
3.590521261379899798e-01
2.924331706381682050e-01
4.197496106259139825e-01
1.987908185155796703e-01
5.380151029395087159e-01
3.772061133822859902e-01
2.983588417426987216e-01
2.927253840615584579e-01
5.649933292077351510e-01
2.029979781011939932e-01
3.925337230790629794e-01
3.421047657730335034e-01
4.291296685950220513e-01
5.285063567056759171e-01
2.579812745521579131e-01
1.833928944515724191e-01
1.406500273576155591e-01
2.765320003492620082e-01
2.610263797527729857e-01
3.587963831222582556e-01
6.468868585294914597e-01
3.497993805859939132e-01
4.103901422469914406e-01
5.829143806803842587e-01
4.268576424703989236e-01
1.524571626276776393e-01
1.719939723470625126e-01
3.056657582477674273e-01
1.397026525966178490e-01
5.664412210532854264e-01
2.590719373405956927e-01
2.003955479462330436e-01
5.574170855174068739e-01
2.197600708199873298e-01
4.159596180770154250e-01
2.826566199332501972e-01
5.505430354920399783e-01
5.115807668918912476e-01
4.687574620319030494e-01
2.837825834977694139e-01
2.566958165001653192e-01
4.751427964752962252e-01
2.334657933714617273e-01
3.975736100407909479e-01
3.803330548553634505e-01
4.985710567212862654e-01
3.061391272614734094e-01
3.442203144630391343e-01
1.605463851290578337e-01
2.564583172632744490e-01
2.855510899325794383e-01
2.152404723209851434e-01
1.634718474029017710e-01
4.266974886944608913e-01
4.013744564755361011e-01
2.156556395610651489e-01
2.970659121012381165e-01
5.304678188821665419e-01
1.562564080817793188e-01
4.389999690178595926e-01
1.790851999752536838e-01
4.608905043499031962e-01
3.776790606093626268e-01
2.916976360809800939e-01
3.365138191534540191e-01
6.306330680702929570e-01
4.807328895434218596e-01
4.266825966537756143e-01
4.566881228646706425e-01
3.987842378646159758e-01
6.022282961225703390e-01
3.061180114254267726e-01
1.884034381394939506e-01
5.514229135826368422e-01
5.163791598046754139e-01
4.013744564755361011e-01
5.114318072998343956e-01
4.277967798154414525e-01
1.228803240075165698e-01
6.241283045037502308e-01
3.387467804357084389e-01
6.468868585294914597e-01
5.276262385147553191e-01
3.180371534965095170e-01
2.910069465475905170e-01
3.840482108357828883e-01
2.133612989696883622e-01
3.450343813667198778e-01
2.088306867258361565e-01
3.125625587662335114e-01
1.122738941815373398e-01
5.105873126172486565e-01
3.059472344054682824e-01
4.207526547777292181e-01
4.494846718254698059e-01
5.231330118141894886e-02
3.881052094962054166e-01
4.015578586149415319e-01
5.731944484381694682e-01
2.570332442445187882e-01
2.868478087936945364e-01
