3.419459289109922917e-01
1.018658143511785713e-01
1.522530127021158308e-01
5.139399159654989280e-01
3.600248430204295857e-01
8.354524124075687896e-02
2.053459751903712882e-01
2.599555907229494922e-01
1.222109913459531738e-01
2.328631957113934114e-01
3.849993151551425186e-01
1.596534546235894581e-01
1.929589678078518222e-01
5.135719616996829995e-01
3.689968931045652933e-01
1.505764301833696084e-01
6.035468153655035861e-01
1.827860324642392731e-01
1.400808176743829903e-01
3.799556062328067751e-01
5.367173425003225473e-01
3.461595449086452558e-01
3.558998926423259657e-01
5.104380571093382057e-01
2.410925923157121176e-01
5.541421829993765646e-01
3.768166817787239609e-01
3.800013803721005723e-01
6.095155020540932167e-01
3.960799906208581356e-01
5.286501946771908766e-01
4.048037107607724838e-01
3.951951219774718638e-01
1.092413264793419686e-01
1.017256474200679273e-01
2.118705470336218477e-01
5.031811776156747129e-01
1.610614523971680700e-01
2.684187577333738695e-01
3.996198660891863153e-01
5.614428064853541622e-01
2.977544093419747795e-01
4.381854851087681468e-01
4.237832798500325571e-01
1.936650997417595499e-01
4.070725706793084098e-01
2.160326707624529718e-01
3.875405658767051009e-01
3.604186087986233633e-01
3.686675360571543547e-01
1.964511160091012287e-01
1.957270870386383921e-01
4.707743061024599607e-01
3.977389877137724183e-01
3.091598458567832997e-01
1.567412888146430816e-01
1.503648559608277979e-01
2.961323823979988834e-01
2.371317348140092041e-01
1.605463851290578337e-01
4.734074613033934509e-01
2.267217372992466062e-01
4.008005909248138487e-01
4.218720024869645480e-01
4.718662440211018327e-01
3.145030244292626453e-01
5.367173425003225473e-01
2.732600013821162022e-01
4.908271673973427784e-01
4.981588562273276399e-01
4.422983936760901402e-01
5.993670560080455179e-01
2.371516692733114107e-01
1.387921102646758886e-01
2.848291811207327995e-01
4.047945207389874733e-01
2.520144706242885557e-01
4.310711838394664097e-01
3.885915288561604397e-01
3.269062488736478866e-01
1.738624014687211727e-01
3.526333541386032500e-01
3.294965006412793884e-01
2.829505020019205674e-01
4.125029576390693009e-01
1.840344739063217439e-01
3.770102368357581279e-01
4.375724904810450733e-01
3.190795686965609557e-01
2.753046014658545593e-01
2.547622132369949388e-01
3.717589869605610886e-01
3.083729601806606269e-01
4.453764779554138520e-01
4.040244330427865127e-01
4.718143580293249206e-01
1.593361946827922537e-01
1.879450849584583250e-01
3.138813775629039071e-01
3.031353555914375053e-01
2.767411035133204855e-01
3.593479145616549908e-01
2.828342033296585845e-01
3.369989721039575725e-01
1.949040349779943559e-01
4.955672412927065729e-01
4.864735575279034441e-01
4.015780692415857889e-01
3.947437641349590964e-01
2.886603689606301870e-01
5.443116550392558262e-01
5.315408337771123648e-01
5.027800545815004352e-01
2.420369209207844374e-01
2.831299562060028974e-01
3.891270448763874956e-01
3.387467804357084389e-01
1.649568878615704226e-01
5.068153697920807499e-01
3.081608887113877482e-01
5.568050922431552197e-01
2.939573270774564206e-01
5.319422441001588897e-01
3.966620813226705566e-01
2.891851243287727469e-01
3.300515078186958551e-01
3.805666378584891540e-01
3.936984434091719276e-01
4.316739181800220426e-01
2.800563582687887743e-01
4.927595785779967930e-01
4.003777888062577950e-01
4.310711838394664097e-01
5.350211428496716159e-01
3.310769512519244895e-01
1.048295890491040133e-01
4.801293076799053039e-01
1.564763997435492937e-01
3.448082212054206508e-01
1.372572665546142601e-01
6.161866062934007182e-01
3.173259555497106033e-01
3.100643201987255404e-01
4.783211308510009752e-01
1.549596392257483191e-01
4.679267918270479387e-01
4.103875601810857421e-01
3.717961212300238127e-01
5.420073908208624669e-01
3.894486273505886054e-01
4.024821719996936609e-01
4.413615639965832727e-01
2.413865160641356644e-01
2.908025591201933713e-01
2.580111286887744049e-01
4.365514404679824989e-01
1.938939013184383942e-01
3.947175728275236772e-01
9.812739046665937270e-02
4.145773110380760462e-01
4.395894842245310352e-01
5.051191701414298185e-01
3.924803994995901268e-01
2.464162149766723764e-01
5.151461901779993413e-01
3.404273002879452670e-01
5.042125778236016265e-01
6.211205094382895586e-01
2.525557295116527823e-01
2.661563044398397304e-01
3.855481977994526521e-01
3.202020284593862232e-01
4.238506376572158674e-01
3.768233740295653944e-01
3.797744354673190381e-01
3.425490249611265470e-01
3.100865811366191327e-01
4.204629568989428634e-01
2.063868585295693669e-01
3.540538396235646812e-01
3.859059853236817550e-01
2.004379304345901835e-01
3.140651383976414412e-01
3.222286982459185989e-01
1.884913437531700875e-01
3.619775009986857528e-01
5.001685600676512022e-01
5.635522651501788660e-01
1.290342272040186644e-01
3.853753478094263940e-01
3.969810649967009941e-01
5.064972871698713019e-01
3.445564969078347417e-01
3.354676548544082704e-01
1.043136772722793731e-01
3.783339321635491026e-01
4.226486170662082653e-01
2.423773859862028424e-01
4.015578586149415319e-01
8.198067799577539450e-02
3.580157099120876985e-01
6.545338749084254892e-02
5.493443083291092988e-01
3.585977216198541484e-01
3.280337992830339444e-01
3.701791257910137523e-01
2.912977150035779283e-01
3.280337992830339444e-01
7.608934591481750220e-02
4.316739181800220426e-01
1.188468218142292449e-01
1.056931172431105764e-01
1.650412966375014168e-01
2.465975422750984192e-01
5.238277387228711390e-01
3.661262713037546357e-01
1.223477073805927379e-01
1.825246880430763108e-01
5.542793403612777947e-01
1.142441179410534774e-01
5.164103048703051480e-01
3.969810649967009941e-01
4.614316891283796185e-01
4.643470493110269937e-01
3.388467581065706113e-01
2.645872322978697344e-01
2.717693824886533438e-01
3.188288485588137711e-01
3.879186075782433130e-01
2.613213169116538337e-01
4.493540745033226536e-01
4.554654226718409804e-01
1.043419813586240613e-01
4.617361631552707180e-01
1.015184677610271313e-01
4.449020407551161349e-01
2.601614839223769238e-01
4.559985430936865369e-01
3.516638315259250636e-01
4.064433735412543713e-01
5.223540203976501095e-01
3.325097897426326221e-01
4.386366670855892380e-01
2.295480335660499971e-01
3.269279891784152570e-01
7.013792607738775220e-02
2.036931362030328097e-01
3.969810649967009941e-01
2.941005735290828649e-01
5.195122725836495148e-01
2.240832978124003283e-01
2.718943523165461840e-01
3.716470259968749912e-01
4.888468972582203365e-01
5.120513558348790406e-01
4.314981946776365596e-01
4.063751525162405120e-01
3.977389877137724183e-01
3.387467804357084389e-01
2.508645302880471162e-01
2.496501140760838400e-01
5.878411271725932918e-01
3.473406402887118105e-01
1.610277265129070046e-01
1.955087603842648736e-01
3.437843556782588794e-01
3.328984096823729977e-01
5.296266683501503758e-01
1.504916896324458297e-01
3.816955450945531680e-01
3.231124044295557440e-01
2.349971970987033698e-01
