3.127138431738492041e-01
3.997103955524608510e-01
2.439001994227711356e-01
2.389797487560205158e-01
3.943191177133102410e-01
3.298122454554883176e-01
6.291522771794753055e-01
2.064540831902095253e-01
4.143835585998666970e-01
3.368197356531991149e-01
5.104380571093382057e-01
5.745271883763372056e-01
2.979768325652050742e-01
3.401844993032998588e-01
5.304443492314311337e-01
4.276763861334156869e-01
2.363508858420864944e-01
2.955408548180080142e-01
4.599840894568596461e-01
3.633517788125567027e-01
2.334012940054052410e-01
2.090250951264451262e-01
2.534052579858742105e-01
1.467135779959301278e-01
1.586916243679496741e-01
4.879463435155037554e-01
5.051191701414298185e-01
4.083014488301648925e-01
4.642584068699937005e-01
4.121334780605906967e-01
5.562225209249371805e-01
6.333164429043930399e-01
5.132951112670069982e-01
3.083729601806606269e-01
5.721329815372788730e-01
2.587279680577251884e-01
7.074173847879089427e-02
1.744953588272997180e-01
2.466294769693686273e-01
3.280337992830339444e-01
5.695701228259757443e-01
4.458609548831876657e-01
4.472122681924588505e-01
3.265062790486042421e-01
5.261774992501837556e-01
3.764815763553805428e-01
4.807328895434218596e-01
4.807328895434218596e-01
5.539576824269749622e-01
1.231751407004774285e-01
3.951919543162311643e-01
6.705736117714361511e-02
4.210949328604406405e-01
1.699506254622865642e-01
6.304876455925507994e-02
2.812497525021047662e-01
4.139501835440246857e-01
4.185578291184088862e-01
2.965015214705638003e-01
3.554599359273067916e-01
4.765066203626477925e-01
3.567263222181300542e-01
5.503216301486668627e-01
2.116881969701804311e-01
2.551193638197591929e-01
4.086994036834007971e-01
1.415220988616260334e-01
4.275106026804931236e-01
8.580978943560044203e-02
2.698710065163137939e-01
5.365392483450436290e-01
2.272761469282815749e-01
4.201065588384053640e-01
4.657568032469734387e-01
3.819731354727723405e-01
3.872175589631591391e-02
2.827076534129685514e-01
3.401215207805061147e-01
2.877415302790172769e-01
3.825472532847438156e-01
5.027800545815004352e-01
2.875272956201611052e-01
3.941734071671493256e-01
3.406530562283963670e-01
5.367173425003225473e-01
4.060270758548016889e-01
4.803621756829760669e-01
2.369398239764647085e-01
1.965861260841678948e-01
1.843226833709800117e-01
4.109956719373766831e-01
4.053592814983427162e-01
4.812620291850515652e-01
6.387109174039142800e-01
4.257116912295360045e-01
2.737953893488372925e-01
1.856995876329377293e-01
1.508742033324378951e-01
3.081141019931529224e-01
4.057916106106532750e-01
4.095074930244763656e-01
3.368267642523729011e-01
1.845264762642422618e-01
4.268544292836422560e-01
2.508645302880471162e-01
5.032174724694601364e-01
5.325768485885340464e-01
1.294003810292251588e-01
5.132951112670069982e-01
5.319422441001588897e-01
2.556339601378404547e-01
3.539654307346645212e-01
3.795093842505520843e-01
2.336074987116163459e-01
3.105123532234220218e-01
3.199472583176935503e-01
3.310829751715618219e-01
5.068153697920807499e-01
3.208067571917218586e-01
4.023157813320129561e-01
5.300042515744036731e-01
5.033161395667370419e-01
4.039551190935717906e-01
2.487814765264003691e-01
2.357716807096193190e-01
4.974956590125215738e-01
3.083729601806606269e-01
4.863432536270609896e-01
3.508613758115362580e-01
3.620353120636030653e-01
4.684535931409793963e-01
2.717629858418467714e-01
4.499460783342586478e-01
4.403120736324468432e-01
3.853402277841946888e-01
5.386202903570082023e-01
3.491790773459922392e-01
5.296566112511289504e-01
2.185649827880239704e-01
4.444604954282579956e-01
2.884876783099097342e-01
4.162441737552320387e-01
2.994387186217452035e-01
4.318938847923642910e-01
1.840554007802953917e-01
4.851343791592364618e-01
2.840800463873284776e-01
2.737953893488372925e-01
4.035004175162475448e-01
4.278468028989490524e-01
5.004558851108139583e-01
4.509476683719920720e-01
3.698956837209652626e-01
4.636205408629785474e-01
6.071598455567098762e-01
3.925798226530379798e-01
6.074163766419889976e-01
2.220914343615858211e-01
1.652198001066654820e-01
3.858469622198574811e-01
3.175486303066133997e-01
2.474382720598806429e-01
1.791056487273705311e-01
4.447331839141102638e-01
3.176520257172352757e-01
4.107920533507131156e-01
3.534460333455644032e-01
3.855146818730504354e-01
3.245832068350875677e-01
5.329132403675512775e-01
5.031811776156747129e-01
2.326831484283296003e-01
4.589666864741690500e-01
5.923712798997653461e-01
3.980655554398467855e-01
5.412590914494935790e-01
3.287263775016973089e-01
4.959875248524122648e-01
2.764880581442564211e-01
2.578109225409542793e-01
3.227192382785341040e-01
4.193217164056436963e-01
5.158742789227238612e-01
2.974675625246083199e-01
4.309023452398487442e-02
3.129756409792597838e-01
5.132951112670069982e-01
4.006807544626302398e-01
4.857564834634846562e-01
2.665632938213176040e-01
3.969810649967009941e-01
3.386143056537571083e-01
4.286043914504184538e-01
1.811920041283174021e-01
2.159274504854311882e-01
6.291522771794753055e-01
2.121086686604428118e-01
5.296566112511289504e-01
5.571193401201941509e-01
2.908182622010630491e-01
3.345225495091977419e-01
5.430859362344773178e-01
1.492926422318106572e-01
4.628827169336127145e-01
3.242996975161605566e-01
2.923656919493067829e-01
3.216633464863725700e-01
4.872126310183480524e-01
3.764931879604305753e-01
5.065269686629215729e-01
3.090954337999354262e-01
4.187643459550408065e-01
3.577399369166219811e-01
4.467024100619782501e-01
3.884122217265188470e-01
3.320834295659458313e-01
3.438325133589482663e-01
4.490170227082639909e-01
1.880928006021712895e-01
3.701347032814211735e-01
2.476974202386884316e-01
1.138700450666847303e-01
4.013401193228751107e-01
9.954788468254167910e-02
2.089511305067173752e-01
4.177304584740632598e-01
2.489265377622918995e-01
3.083729601806606269e-01
2.068127734292921349e-01
3.635720093273759890e-01
5.198866817024110354e-01
2.315223140855813821e-01
4.755794358561457047e-01
1.989393991440952525e-01
2.332734330993718741e-01
5.223540203976501095e-01
3.702793351430974100e-01
5.349713221364369442e-01
1.935352360248439596e-01
5.104567680963847387e-01
1.502936920957854416e-01
2.923768639940672043e-01
2.612809370262998421e-01
6.468868585294914597e-01
5.046778200130167535e-01
4.160730705730156243e-01
3.969810649967009941e-01
1.062888387833016424e-01
5.304443492314311337e-01
1.575164332731167349e-01
1.607028040457176565e-01
3.437357965830888928e-01
1.932251932295352970e-01
3.579379061817290486e-01
4.670368651741145793e-01
4.703756297009784593e-01
4.819747628384665750e-01
3.911689141567469274e-01
3.746080248856031858e-01
6.555786085837242427e-02
3.328984096823729977e-01
3.183975005317654650e-01
2.078689452345584832e-01
3.358931592969109370e-01
5.132365813562719259e-01
6.117227564910806548e-01
3.838184822223995596e-01
3.540561268130121841e-01
2.518414051676081677e-01
2.121332614817835471e-01
2.149364074001001990e-01
2.228652078576049134e-01
5.438379612145057829e-01
2.082442836766942029e-01
1.204888639785253457e-01
1.794821368446927745e-01
5.068153697920807499e-01
2.987245858382618913e-01
4.408575285588020032e-01
1.510483984039747152e-01
4.922272194092989217e-01
4.430632722346614649e-01
3.998067147596023885e-01
4.198035811250469540e-01
2.894787576701380871e-01
1.387441378042362505e-01
2.958998645672184513e-01
3.043083039829435621e-01
2.373153075181900495e-01
3.774112221500496855e-01
2.181392841864716325e-01
4.798195729613756733e-01
3.172719142677549176e-01
3.517689403797663039e-01
2.419273849703680035e-01
2.063585611992944102e-01
5.457448365304263804e-01
2.172197947394358120e-01
2.946288310358867735e-01
4.824068483165092069e-01
4.015578586149415319e-01
5.528708054281870066e-01
4.364472259098925444e-01
1.088332301418260956e-01
2.717374021649276439e-01
3.952013155264287869e-01
3.916307736340252643e-01
3.166552969315108990e-01
3.358142159735006405e-01
3.561340178980010318e-01
4.160194127759709454e-02
5.582652799277083577e-01
3.600135571618793273e-01
5.512898641190014937e-01
3.905471628311564247e-01
4.314090621617001076e-01
4.998841247514149710e-01
3.100865811366191327e-01
2.398974452460934104e-01
1.777259814407782801e-01
4.286976749995275449e-01
2.121332614817835471e-01
3.654198810801047026e-01
3.474290774491652356e-01
4.080564297758622061e-01
4.716264812929772399e-01
4.760301799357096741e-01
6.357481155800278616e-01
5.532668653597770936e-01
2.073598556329928899e-01
3.719083401716334891e-01
3.350742178369608415e-01
2.605700141035081074e-01
3.977389877137724183e-01
2.210457306186155713e-01
2.615424158412803513e-01
1.531842402486146837e-01
8.932369623497522781e-02
3.788394493633282512e-01
6.081259795326978690e-01
1.922241003345933896e-01
2.387846733754213358e-01
2.060808300869460818e-01
4.970154179325802501e-01
4.643041045097904274e-01
3.658428868162080239e-01
3.570837935582965028e-01
1.684894100236203618e-01
3.790918548806205268e-01
3.060465625581819671e-01
5.209367254406268577e-01
3.648433413730495234e-01
3.783339321635491026e-01
5.524186709494756098e-01
2.841895472061823913e-01
4.360107220661955107e-01
3.985808144763973715e-01
2.055880582646547605e-01
3.829711802369377138e-01
2.236625480838842772e-01
3.187283493193695527e-01
5.942221136173968521e-01
1.350106138372327846e-01
1.840079800309026292e-01
1.438741562447627409e-01
5.390667902735770678e-01
5.398503010330281127e-01
4.523302823443755560e-01
9.576509451971783327e-02
2.003382829796277742e-01
1.650074788706922257e-01
5.294785665710682876e-01
2.952795591444865586e-01
1.947830750333868766e-01
1.352717983993923234e-01
3.083729601806606269e-01
6.198219246546585737e-01
4.252833295931809365e-01
4.097627632192675229e-01
5.387208323156009726e-01
4.389748394527648312e-01
2.900154373973887201e-01
1.751222359310135313e-01
5.571293162366754981e-01
3.731321298586594004e-01
4.057916106106532750e-01
5.472045312297694197e-01
6.468868585294914597e-01
1.358920420820409480e-01
3.888941392472053948e-01
1.059522245736814611e-01
4.679267918270479387e-01
5.590222879768799169e-01
2.273943119388175671e-01
5.027800545815004352e-01
2.500254632239916064e-01
5.431970839752487956e-01
3.996582692524811020e-01
4.024957770610678720e-01
1.079315363902996622e-01
2.817239028292883862e-01
2.350310297288659422e-01
4.087995314429501703e-01
4.006516451567150305e-01
4.954023526552329693e-01
4.238506376572158674e-01
6.176485630288240936e-01
3.498685443425819108e-01
6.275175132771138031e-01
3.057364131209113767e-01
2.568644300187218898e-01
4.142760732725181971e-01
3.358931592969109370e-01
1.142118867072925287e-01
3.392930533661968062e-01
2.708760544144671045e-01
1.348468191633553637e-01
3.894486273505886054e-01
4.279433282181866471e-01
5.006687464166063029e-01
5.144593651164869330e-01
5.342730482391849778e-01
2.262360164231288495e-01
4.407197894473284805e-01
3.716565074651135281e-01
3.834630399898175113e-01
6.291522771794753055e-01
3.444667039600987635e-01
1.793448173371183230e-01
2.395527184518985164e-01
4.665094661039226320e-01
2.066018765806939550e-01
2.780314858046797899e-01
1.678291624049125519e-01
3.698677646266548269e-01
3.605195124667946449e-01
1.687295036952214944e-01
4.348585377793527385e-01
5.187632537428257251e-01
2.657499835974450608e-01
2.906697125465286247e-01
5.614428064853541622e-01
2.595793676514391857e-01
2.731345810802826568e-01
4.415197592918503749e-02
4.113848219687408769e-01
4.510549132871982114e-01
3.887640424978544007e-01
5.390667902735770678e-01
3.758308194555298187e-01
3.999553825933870321e-01
1.751320226696636839e-01
1.589277580472417684e-01
4.299483361742998944e-01
4.162906877361294833e-01
4.375811771236665093e-01
5.593999225472630066e-01
1.418898235250111439e-01
5.140288237641627012e-01
4.231844921975255747e-01
4.229453962415121171e-01
2.529773140825065658e-01
1.992586670927513903e-01
3.100643201987255404e-01
2.679391916367668269e-01
2.606175311009094053e-01
1.350106138372327846e-01
5.195156772270279610e-01
4.045168233030482230e-01
3.387467804357084389e-01
5.254547489438691210e-01
5.140288237641627012e-01
2.976007317265868535e-01
2.919258809575143720e-01
1.631404411875763405e-01
3.177232875972582637e-01
6.022282961225703390e-01
4.191716130629537518e-01
1.593349137319741982e-01
4.524487706068625048e-01
4.067066309695421267e-01
5.456415414214548232e-01
5.766987139103022519e-01
2.338396551446367544e-01
8.398755322561840542e-02
1.400440793106056125e-01
4.642584068699937005e-01
6.041621097593576906e-01
5.257545650244798141e-01
4.076862425770355625e-01
3.002582149109282450e-01
4.410901278781771406e-01
4.224288019977067155e-01
3.431354987930911871e-01
5.014457166769356045e-01
3.062702049921470770e-01
2.854153118482954388e-01
4.602592395426976513e-01
2.071965499946233358e-01
3.941047072927019168e-01
5.350211428496716159e-01
6.645222115607163360e-02
3.120045488796169830e-01
5.695701228259757443e-01
1.630076404512461330e-01
3.136005716073188565e-01
2.521484010794147190e-01
1.899002345752255072e-01
3.288834851217099509e-01
3.280337992830339444e-01
3.987071668040330641e-01
4.725035854452884765e-01
4.071778044684696285e-01
2.720256136044370554e-01
5.132951112670069982e-01
2.795131549845604746e-01
1.982828469915822178e-01
2.497802710064251086e-01
5.939332712649154633e-01
3.354676548544082704e-01
1.784894742774812415e-01
3.595905125523902734e-01
4.380508881933494747e-01
3.231371961911647106e-01
3.791796751599391668e-01
1.907708452090844664e-01
4.200179417586184516e-01
1.751222359310135313e-01
5.321405488820819540e-01
9.169169700718443616e-02
1.767249332398360406e-01
3.083729601806606269e-01
1.144582137366921409e-01
7.079474660177778600e-02
3.210409694447869389e-01
2.545647046319028939e-01
5.644967834449008404e-01
3.237845588415904086e-01
3.199155969843979763e-01
3.825677316596279298e-01
4.955305801560030421e-01
6.468868585294914597e-01
3.599740111834073275e-01
5.468967734411780413e-01
3.775216506292453089e-01
2.872599018141749894e-01
2.321593524220866289e-01
3.672317912091941916e-01
3.031393015519094347e-01
2.062692166467084143e-01
2.999260235363623295e-01
1.671543783226655810e-01
4.866679930567308077e-01
5.367173425003225473e-01
4.665741628511543282e-01
1.532949773242869851e-01
4.167904640436226327e-01
4.426740689862558309e-01
4.117372139917557239e-01
4.117212853620970670e-01
3.906660493899380415e-01
2.437381163212014590e-01
5.187632537428257251e-01
1.344235780042073447e-01
5.051191701414298185e-01
1.902933131052199078e-01
4.350481224501244748e-01
9.952220808367906457e-02
4.057121231637820236e-01
2.432877962109969983e-01
1.842379175627494592e-01
4.642584068699937005e-01
8.596460602040285892e-02
3.458177287332233063e-01
3.711973713075676917e-01
4.459882710421229080e-01
4.080998250510394221e-01
5.337405468812044251e-01
5.427028425518850563e-01
5.105873126172486565e-01
4.057118389930958746e-01
3.998067147596023885e-01
4.133369632635731095e-01
5.024104771959202465e-01
2.091556735315970861e-01
1.735235528709368202e-01
2.740585170605864818e-01
2.411928498957395806e-01
5.529201810723368693e-01
1.515538978300935424e-01
3.138762985575709874e-01
2.413156543513188812e-01
1.616572530353445614e-01
1.783408939607842858e-01
5.164103048703051480e-01
4.661543317402405129e-01
2.398974452460934104e-01
4.380992346282327476e-01
3.881507640112636937e-01
4.080556157214312307e-01
3.516587218584295571e-01
5.431970839752487956e-01
5.819747677080336912e-01
3.854121174590035559e-01
3.573419300936190313e-01
3.881941172948691898e-01
1.552810854352202619e-01
2.039168114818906696e-01
3.631838361197531340e-01
1.341843281137438948e-01
5.045592946441160853e-01
1.798532795596561873e-01
5.235245100994774248e-01
5.624011047716862555e-01
2.570562294330858699e-01
3.328984096823729977e-01
1.462361966043899675e-01
6.222253566470645758e-01
4.012146083857678347e-01
3.208600578005576520e-01
5.431970839752487956e-01
4.455830845958032027e-01
1.683920432099148268e-01
2.531620446730971086e-01
2.082829024105826710e-01
3.549678772341587907e-01
2.695317409131187114e-01
2.371603574750258681e-01
5.587189766176170469e-01
5.346675370207777389e-01
5.138045795202952348e-01
3.532819041942663052e-01
2.872506853917483061e-01
2.221791586007749730e-01
3.276138555016651632e-01
3.389478890905029962e-01
5.132951112670069982e-01
3.091537116053305959e-02
4.033106350485424763e-01
2.696416666367879578e-01
3.725941658545256496e-01
5.169177985842644540e-01
4.873351685572038794e-01
6.326859654391581156e-01
5.498989966200351631e-01
2.674475228208111899e-01
4.331214840711933856e-01
3.281711298081990136e-01
1.675363051800482228e-01
5.954221352432849113e-01
3.673229931612542187e-01
3.343772024395874620e-01
7.085973832940722916e-02
4.217149766673652378e-01
1.558621648053659936e-01
2.154501030821186769e-01
5.258877999162439032e-01
3.684250208022881723e-01
3.711040475338588940e-01
2.239866419451078949e-01
5.282291572440444005e-01
3.367324288351788431e-01
2.736448374031182906e-01
4.499532715736543897e-01
4.227177789518846707e-01
3.249424022203058482e-01
4.765066203626477925e-01
5.367122920783614637e-01
2.087872057005432935e-01
3.462146237150301453e-01
2.182349270590648871e-01
1.009525921462293419e-01
2.513797745651838444e-01
2.948824719784812198e-01
2.917750925493552971e-01
5.523513848605708931e-01
5.407527897141111151e-01
1.087104139410794285e-01
3.212033595837402444e-01
5.734494942275065732e-01
3.103247711556534894e-01
3.426723644974273286e-01
2.098368779588643540e-01
5.693439650552858389e-01
2.717629858418467714e-01
1.225021164184820072e-01
5.635990815951203992e-01
4.469675909952837700e-01
1.051139984843962316e-01
3.955096755406806164e-01
4.689658757130622108e-02
5.431970839752487956e-01
3.891168359353499029e-01
5.223540203976501095e-01
4.514405993257100680e-01
1.665698106378164789e-01
5.672684456625857186e-01
3.302845140613469010e-01
4.361149956619408963e-01
5.584805504479611882e-01
3.571404085909951065e-01
1.122228476054376589e-01
3.519508727102202417e-01
3.593948131188284822e-01
1.258901968242635561e-01
5.161304012138154818e-01
2.108872181326314210e-01
3.024485339599298217e-01
3.286439327672023292e-01
7.581798047529456075e-02
2.694183265629275237e-01
3.354676548544082704e-01
3.494775536460086318e-01
1.822013023218984062e-01
7.691404541707674847e-02
1.977402103856937265e-01
3.783339321635491026e-01
2.395505552623151957e-01
5.788562281871938442e-01
3.215416733086822187e-01
1.920676140651154939e-01
5.206025328142718234e-01
2.542201558861298949e-01
3.221816968925458879e-01
4.420350851095515843e-01
3.617167528786298103e-01
4.803253342111808433e-01
4.449238928988221708e-01
3.449796530444438902e-01
2.793781829513632964e-01
1.433419420717148840e-01
5.695701228259757443e-01
5.499461860000249835e-01
3.374765879830866067e-01
2.853886538523520144e-01
6.122100630687303813e-01
1.522106125440378932e-01
6.134831359976602450e-01
4.023157813320129561e-01
5.068153697920807499e-01
5.691551737549778167e-01
3.499124190908298737e-01
4.712439621881293617e-01
5.433319573698280891e-01
5.660762750054649795e-01
5.614428064853541622e-01
2.566958165001653192e-01
5.842980012032158443e-01
4.959875248524122648e-01
8.453860882982806857e-02
4.177399824535712458e-01
4.117212853620970670e-01
3.100865811366191327e-01
2.867904944558106184e-01
1.247328759495859446e-01
1.375502210668824721e-01
2.441370476863600758e-01
3.158193700886591238e-01
2.117525669315169778e-01
3.294715181506254198e-01
4.458066613399827571e-01
5.419289156411136732e-01
5.346675370207777389e-01
2.264992554541190584e-01
4.500175486130474356e-01
5.501445026310550768e-01
5.664412210532854264e-01
3.873928412941922694e-01
4.994125097173466865e-01
3.594516380054464388e-01
3.328984096823729977e-01
1.899146251076588021e-01
1.824237210757287397e-01
2.819389415643802632e-01
4.410594135379766190e-01
2.534010364816974281e-01
2.765840204230378685e-01
4.198035811250469540e-01
2.856533668498750789e-01
3.207903610420388962e-01
3.885291220527738870e-02
4.117212853620970670e-01
4.165182800802687546e-01
3.342787061149650740e-01
4.916657287955649713e-01
4.415069999344951590e-01
2.740585170605864818e-01
2.610725650768636052e-01
4.358143133492531351e-01
5.416357577191772688e-01
1.495977932168872371e-01
2.633703215370885031e-01
4.112267545710704963e-01
3.506111145668320828e-01
5.524186709494756098e-01
5.431970839752487956e-01
4.117212853620970670e-01
3.918876036494043924e-01
4.200921825456882530e-01
2.914996667119334472e-01
3.280129831046641464e-01
2.982663275540208825e-01
4.418836811714717538e-01
2.786580424628100072e-01
4.654866838345850799e-01
1.078852711367073308e-01
4.207440608491722078e-01
2.704706005317261686e-01
4.730473127926476118e-01
2.389797487560205158e-01
1.943356333206997522e-01
5.399713717771789101e-01
3.262331372824438525e-01
5.599614795783592891e-01
3.338367342202590571e-01
2.840045232982267298e-01
8.828300747058494269e-02
4.079157599852856753e-01
2.369055155111151334e-01
1.449445680780170331e-01
5.923191657607110860e-01
4.023157813320129561e-01
5.346675370207777389e-01
2.130679728735857814e-01
1.868260052053418718e-01
4.276496837552912211e-01
3.966620813226705566e-01
2.191362676240544982e-01
3.914626922858832070e-01
5.949681918009223081e-01
5.633357730285819542e-01
3.523793689482719316e-01
2.678247077487699301e-01
4.608611869570407582e-01
2.720443835251994402e-01
1.767403187854291180e-01
2.098851461272784602e-01
2.843638843630623136e-01
1.563825074205890675e-01
1.651860398184186451e-01
5.156282577873730899e-01
6.126696666423609994e-01
4.021485531195666541e-01
1.949004027070362910e-01
3.728047221972101699e-01
4.571014077597884140e-01
4.796506734012213058e-01
3.407497046120423478e-01
2.787901693591407493e-01
3.387467804357084389e-01
4.013257021819210957e-01
4.916567043494577960e-01
2.039005036808116955e-01
5.316311171115701839e-01
5.431970839752487956e-01
2.718701191259933481e-01
2.670981603233962276e-01
1.643171812932857079e-01
1.912898065718391105e-01
3.499599562525007590e-01
2.504124914337070296e-01
1.849975699376076033e-01
4.819747628384665750e-01
3.932916457961344037e-01
4.276496837552912211e-01
4.216635997714262007e-01
3.567440501450632184e-01
4.023157813320129561e-01
8.642986910166428061e-02
5.237663029745817100e-01
5.909760474600651570e-01
2.882583079761003586e-01
2.916446199546490203e-01
6.422278570549541099e-01
3.023805479422025377e-01
5.027800545815004352e-01
1.978000020184330077e-01
4.939066267967024415e-01
3.502151167910834695e-01
5.319422441001588897e-01
4.528718478533653169e-01
3.681215333694545788e-01
3.301805304569016553e-01
2.889933365556366374e-01
5.265053009464066847e-01
2.508645302880471162e-01
5.582652799277083577e-01
3.752486827085038112e-01
5.256434014848991865e-01
2.308562760993693452e-01
4.990943345889518601e-01
4.169398782672015802e-01
5.027800545815004352e-01
2.018336536767703360e-01
5.068153697920807499e-01
2.977467748792568814e-01
5.132951112670069982e-01
6.306330680702929570e-01
4.074168094773907844e-01
3.925337230790629794e-01
1.931087995565391457e-01
3.946098733847349660e-01
6.468868585294914597e-01
3.083729601806606269e-01
3.824702813824764625e-01
1.926932849505362533e-01
3.241079491361077980e-01
3.166549998723224846e-01
3.679129851385685157e-01
3.227475088963487893e-01
5.515711234588343004e-01
1.677996413945028187e-01
3.624111225991026308e-01
5.367173425003225473e-01
3.541172495993644698e-01
5.132951112670069982e-01
1.840662543543233887e-01
3.371506702948584011e-01
2.762660129491115724e-01
3.612740332429156265e-01
4.478029629049630755e-01
4.130715573011762842e-01
4.036537614857310663e-01
5.300042515744036731e-01
1.811280772612146317e-01
4.766122023492481707e-01
4.151551141301679793e-01
2.852488454086944403e-01
3.050301369189303280e-01
5.550911041727623063e-01
3.250748513811620166e-02
1.634722976689634011e-01
6.170626524451945372e-01
2.653493472081693283e-01
1.401803025679140835e-01
3.996901849258165940e-01
2.478597262905587184e-01
2.526134644928311745e-01
2.844945152576789926e-01
4.623995577512519661e-01
1.943707755889917399e-01
3.635966985006648389e-01
4.130273037972661543e-01
2.542469044134074707e-01
4.912299395361648391e-01
3.406459963434229077e-01
4.084342099655325908e-01
1.768358568869720093e-01
2.377868901231237064e-01
4.150037333706041998e-01
2.277014629284089542e-01
1.849695170731167904e-01
2.546300882115757891e-01
4.319511353113743013e-01
5.393906192968678237e-01
5.631282982852038321e-01
2.928274147460978027e-01
2.410786448775125990e-01
1.751222359310135313e-01
2.161918404388822879e-01
4.328719778432648102e-01
5.350211428496716159e-01
4.297359256542668260e-01
2.701640038516700537e-01
5.566600514833518476e-01
3.441658573190076176e-01
4.467024100619782501e-01
3.473424940503021530e-01
5.111912435097206719e-01
4.269516173213492305e-01
6.309730171798642040e-01
5.164103048703051480e-01
6.332037215190755575e-01
2.572522248864407279e-01
4.739925958744614642e-01
2.696416666367879578e-01
6.468868585294914597e-01
4.559037640625610566e-01
6.349086689807637018e-02
2.906697125465286247e-01
3.391089155427691737e-01
4.048536316717180616e-01
3.300524435863211870e-01
4.191515462886246657e-01
2.825602965685272694e-01
3.022119241336320705e-01
4.385340733605937458e-01
1.669641529686057835e-01
3.395219604415027348e-01
4.255599184100496979e-01
3.663476603286208166e-01
1.396083121903261837e-01
5.467967412020604545e-01
2.809011567666326870e-01
3.016480461327398221e-01
3.969810649967009941e-01
3.780231309214602264e-01
2.044190414899649255e-01
4.161580153651238678e-01
2.824408573632429809e-01
3.817124279930742548e-01
5.510628899032714578e-01
4.987393459484965041e-01
1.425130366562089856e-01
4.543723184476871624e-01
1.480076756059351961e-01
2.544874482471307098e-01
3.076487241626458258e-01
4.130874180583192223e-01
6.387109174039142800e-01
6.134831359976602450e-01
4.347618181971259488e-01
5.185479461161591752e-01
6.243987182728991669e-01
4.025425200207588539e-01
3.647657333608335661e-01
2.699751753410087884e-01
5.462468075211817098e-01
3.690091195119594714e-01
3.951885920801826435e-01
4.113494569580273263e-01
4.639701578043729513e-01
1.670970745866141027e-01
4.170797512573097832e-01
5.478723908602557424e-01
7.426002643346679699e-02
1.532952551546615805e-01
1.892659563530478262e-01
4.196008647335391917e-01
3.618291067337547906e-01
1.624743232718625918e-01
2.636219617475913379e-01
3.990933409425969636e-01
5.073861693344265955e-01
1.921537100915032270e-01
5.092546136312572358e-01
2.524159404007485508e-01
3.981604788429851105e-01
4.309299715884614690e-01
6.106706506964481029e-01
5.845260914177233813e-01
3.379689390581439579e-01
4.021793899005383643e-01
2.884087182522344084e-01
2.964498063553808738e-01
5.748906480888202886e-01
2.676909307083960576e-01
3.871519611121367332e-01
4.418200720475246590e-01
5.051191701414298185e-01
5.211407065683854034e-01
4.989050413646337057e-01
3.850146620352289384e-01
1.086604294191390041e-01
2.484377698987325078e-01
5.223224911715024232e-01
6.240806478116152078e-01
4.016292795224516432e-01
1.663941492912723585e-01
3.840482108357828883e-01
5.431970839752487956e-01
5.204196574404251763e-01
4.471755451077930044e-01
2.558127945504810596e-01
4.088725353495644144e-01
6.134831359976602450e-01
4.178114405714346002e-01
4.770986973670157671e-01
2.233687894953803876e-01
3.123769773266170113e-01
3.437027885052502119e-01
3.083729601806606269e-01
3.790918548806205268e-01
2.905281565674844857e-01
5.169177985842644540e-01
6.796657796820741726e-02
5.132951112670069982e-01
2.975253757722558512e-01
5.050361847654483843e-02
4.390720791484202246e-01
2.144585685706705547e-01
3.679234418714553700e-01
1.845728139636898524e-01
4.746295846318089318e-01
4.865083321620634060e-01
5.593669746504146278e-01
3.757577262648558181e-01
5.082481970573191621e-01
2.235113219863472112e-01
3.719417891609757554e-01
2.648717036811242265e-01
5.073324656480776573e-01
4.415419650898210757e-01
1.964641333963497716e-01
4.743378340511639757e-01
2.900773203974932879e-01
3.172719142677549176e-01
5.158742789227238612e-01
1.462569498993416817e-01
4.056011974378553875e-01
2.199095549948726913e-01
3.962875275200775649e-01
3.582596205551989432e-01
4.832733607184788172e-01
2.399085036849430697e-01
1.173438544883591839e-01
2.369099604852901719e-01
2.943428338202719319e-01
3.085303940668707723e-01
2.700674104520376373e-01
5.685227727847251833e-01
6.077954978595281332e-01
5.257155912331429315e-01
4.979997737561673854e-01
4.015489987051167886e-01
5.386202903570082023e-01
1.218020621409506982e-01
4.285049009441525003e-01
4.743378340511639757e-01
1.916733707887021687e-01
4.151984518228433729e-01
1.977152629226626990e-01
4.067063488776466174e-01
1.803286830858022716e-01
5.649933292077351510e-01
2.467490719800145282e-01
5.017505684200935789e-01
4.798920164260221388e-01
2.957621342906053274e-01
6.984768054119631919e-02
1.052001398284208300e-01
5.766987139103022519e-01
4.603611957025910972e-01
5.187632537428257251e-01
3.440094111701898494e-01
5.209037149721789106e-01
2.503054435878574457e-01
5.350211428496716159e-01
6.287050981219908241e-01
3.331390377071188347e-01
5.635522651501788660e-01
1.096921782402632967e-01
3.184632247212915712e-01
1.982060695601831068e-01
1.572378770887468691e-01
4.147991560456782412e-01
3.377745426105814297e-01
4.675762669738233179e-01
2.737191529227130937e-01
4.298394708417573318e-01
4.154891925269751374e-01
5.132951112670069982e-01
2.719545112715989199e-01
3.622022432168609529e-01
3.852192406074292919e-01
2.992992508918803085e-01
4.152792729178764186e-01
5.122835122678994768e-01
5.405997429077555871e-01
4.209831247918091601e-01
2.903771729608804475e-01
4.715787385389079156e-01
1.751222359310135313e-01
5.449760981772568957e-01
5.590222879768799169e-01
3.779950502011742985e-01
4.872126310183480524e-01
2.182349270590648871e-01
4.543440380595562544e-01
2.960418644720126391e-01
3.282851037688417351e-01
5.359359613579852688e-01
3.204253140689308221e-01
3.883868132916541427e-01
5.635990815951203992e-01
1.549596392257483191e-01
2.463946705979267737e-01
3.048033090500641973e-01
2.951344349212373652e-01
5.923191657607110860e-01
3.951242680601201318e-01
5.102603701891539334e-01
3.528554207452921365e-01
2.304820675839086286e-01
2.790787707797820483e-01
3.387467804357084389e-01
4.517280694684623898e-01
5.431970839752487956e-01
3.784681077600663551e-02
5.695701228259757443e-01
4.360494056583532618e-01
1.964605707648795496e-01
3.755333453405010902e-01
1.014523319709460525e-01
3.006271505738249417e-01
3.298313641973270038e-01
6.438124959091250377e-01
1.549354243285535060e-01
3.830248704111473002e-01
5.392040850435423360e-01
2.362221628615574498e-01
5.153727432307373402e-01
1.570079442341790754e-01
5.530750877727153014e-01
6.423100649112508664e-01
5.068153697920807499e-01
4.331740778911974399e-01
8.305970922277255974e-02
4.815505380995074858e-01
2.242666795796570411e-01
3.459469019798140366e-01
6.358303234363246181e-01
4.431371250154505503e-01
1.792253196138763049e-01
3.081420959239278834e-01
2.289801688603884666e-01
4.612487455701985706e-01
2.853870681508200446e-01
1.203709486307502213e-01
1.199784579827605918e-01
3.553725040700269622e-01
4.060140724993902550e-01
5.051191701414298185e-01
3.207496674671710957e-01
3.711530504508394612e-01
2.607957812694289279e-01
4.170614609135577244e-01
2.258237292435987531e-01
4.633798340520658976e-01
1.110287445044992743e-01
3.171198532239405954e-01
2.358949920783063592e-01
2.944459664717516967e-01
1.822033917144125215e-01
4.147871457285754460e-01
5.769113691039985392e-01
5.393864290784907700e-01
3.043383783674327714e-01
3.845599973564393093e-01
5.350211428496716159e-01
4.574751792095083092e-01
3.220664981084335743e-01
3.328984096823729977e-01
9.850677652213137014e-02
4.469744075578079845e-01
5.124971252644023867e-01
1.205290141575089818e-01
2.814423090120349302e-01
4.385340733605937458e-01
3.083729601806606269e-01
3.034314204942631932e-01
5.431970839752487956e-01
4.276470316341395295e-01
4.383125863207469330e-01
4.635436741475196798e-01
3.775797248690629382e-01
2.540879883494412961e-01
3.109455872333163340e-01
4.065566006963446943e-01
2.497863437776434159e-01
6.176485630288240936e-01
3.113286215664345935e-01
5.821292148917319720e-01
3.528086479549548682e-01
5.122835122678994768e-01
3.901865086545773242e-01
3.390837907588930000e-01
4.334612319538266312e-01
5.716595408052943528e-01
9.678472565420061235e-02
5.879877638200029510e-01
2.358853312104319533e-01
2.958998645672184513e-01
4.992263451769439753e-01
5.393864290784907700e-01
3.140234509529487017e-01
5.169177985842644540e-01
3.009555117765598808e-01
3.630596894929701834e-01
1.721383606784104014e-01
1.349473732828735673e-01
3.031393015519094347e-01
2.801735523801369143e-01
5.051191701414298185e-01
2.867113746430714483e-01
4.390720791484202246e-01
3.983996794661093799e-01
1.033973411428285583e-01
5.522648836778792925e-01
3.517689403797663039e-01
3.584206232053118169e-01
3.949140270699820210e-01
3.446565033699478531e-01
2.125905225701345547e-01
2.206353688150148318e-01
2.865729812322308501e-01
4.682840346041789448e-01
3.337296440710191270e-01
4.865700626828714515e-01
4.798059765269827581e-01
3.064950829553538258e-01
3.477642965823589116e-01
1.794032805186724921e-01
1.390584394180144068e-01
3.924950495690400221e-01
3.783821374485450972e-01
5.414865022112668180e-01
5.536884863094678755e-01
3.225122508036918356e-01
2.885537541268796136e-01
7.658878628973651848e-02
4.655628112281379738e-01
3.263023235939107036e-01
1.011433536204059402e-01
3.068159294337141074e-01
5.431970839752487956e-01
5.457448365304263804e-01
6.081259795326978690e-01
3.929158982479925011e-01
2.594212567031040084e-01
3.387467804357084389e-01
5.205085652390888384e-01
2.983708637010293319e-01
3.528017646632497506e-01
3.143688118822410282e-01
2.534467606260752959e-01
3.876333568563622434e-01
2.427368017232333641e-01
4.212199033119706781e-01
4.522368938163370267e-01
2.696960683810478154e-01
3.780657855235176057e-01
5.341729484393702432e-01
2.594855527634318260e-01
3.008749494909667144e-01
3.582210064985895115e-01
1.433419420717148840e-01
1.587760153702203192e-01
5.170841827037544469e-01
4.281050682153543230e-01
1.672654370911958732e-01
3.830969044579689564e-01
2.929110003209188795e-01
2.577902541646019396e-01
4.250755619481958458e-01
3.785737710793521393e-01
5.300042515744036731e-01
3.920782626392004255e-01
5.412590914494935790e-01
6.170626524451945372e-01
3.489880032216970962e-01
3.114675632583174814e-01
3.464636133634743653e-01
2.491478803261863439e-01
6.241533265953668197e-01
3.387467804357084389e-01
5.080294074042911168e-02
3.179721343288430813e-01
2.861678048680459385e-01
2.798806304009428536e-01
8.975190061081524118e-02
3.790918548806205268e-01
1.759882316495592069e-01
5.987989072356373343e-01
4.348871018184721771e-01
6.143658662930118197e-01
8.465643614081783119e-02
2.809761492444129982e-01
3.340359216567055922e-01
2.881335399987827173e-01
3.549152064988995159e-01
1.130228149034409602e-01
3.704198402934519851e-01
3.480679901272886179e-01
2.622654698589135247e-01
5.571193401201941509e-01
2.254602778462783952e-01
3.583358586443556870e-01
1.769844755573570794e-01
4.852825876842200015e-01
4.982305675418959856e-01
2.908943656885231710e-01
4.458825310674306985e-01
1.670318406798702582e-01
5.320869245535672643e-02
4.144908366717842685e-01
4.019519496199374098e-01
4.068831079296101882e-01
4.397311642034393286e-01
3.789894375410143845e-01
4.023157813320129561e-01
5.412590914494935790e-01
6.161866062934007182e-01
4.086522667928756403e-01
2.942635744167385048e-01
4.085490625270569165e-01
4.681498431568827390e-01
4.080506996932877217e-01
3.967423911391354530e-01
1.417675140294931413e-01
1.313966153453269281e-01
1.587278218303916910e-01
1.791264511857218744e-01
2.410327313553035922e-01
3.291884254213509609e-01
2.011003240928582181e-01
9.215000383118783500e-02
2.018476140034720645e-01
5.052101707626124316e-01
3.228686574912106311e-01
2.463946705979267737e-01
2.082286612529029579e-01
2.265712897088198174e-01
3.328984096823729977e-01
3.752326865181480064e-01
4.049565650711109410e-01
3.903150932915864790e-01
3.982847603832832539e-01
4.384809132780080332e-01
5.383881339239877661e-01
3.066103284083169789e-01
5.604519506990636168e-01
2.802688447686212392e-01
5.285063567056759171e-01
5.196674428746864693e-01
3.245367789161244243e-01
5.386202903570082023e-01
3.633793900379672093e-01
3.083729601806606269e-01
5.041550697424261873e-01
5.241392771041357701e-01
2.583530010954842582e-01
9.514723292331132842e-02
4.390720791484202246e-01
2.362221628615574498e-01
5.276932069644439949e-01
1.621187542330489451e-01
4.202252020747376804e-01
3.739309989315456328e-01
5.401227213548823736e-01
1.981946190614108927e-01
3.636510816397481305e-01
2.990036207681257552e-01
3.503451242563747070e-01
3.172719142677549176e-01
2.921858271840648280e-01
5.804271725919912805e-01
4.872126310183480524e-01
5.110128834771135997e-01
3.873928412941922694e-01
2.409192494444152566e-01
5.250374329618010538e-01
2.529409411701310506e-01
1.176510687771268326e-01
3.994793667594456754e-01
5.912311636684365601e-02
4.855194784590783352e-01
3.032321728768263558e-01
5.102207486466405761e-01
5.184017713760390444e-01
2.872170596012585952e-01
2.962953258070921692e-01
3.975446915678602644e-01
1.776257590962528887e-01
5.555612183199584164e-01
2.405506423343857780e-01
3.571885014134152381e-01
2.979321422034331701e-01
5.791039819945777989e-01
4.190022737346307258e-01
5.406199662150229512e-01
3.281797651046906017e-01
3.846033506400448054e-01
2.842910545551676771e-01
5.024935737352335119e-01
7.863783176340807812e-02
2.943943469809401359e-01
2.785815613630225895e-01
2.789267085926328549e-01
5.624788212967758438e-01
1.539210536778301830e-01
3.032995898256045653e-01
4.457107603855263722e-01
1.778543383462682925e-01
4.015578586149415319e-01
4.317522877572042006e-01
5.246733638518296106e-01
1.783964398714353305e-01
2.095096825419436870e-01
2.235356310527598922e-01
2.999442736555147371e-01
1.867030174004244147e-01
1.194317746989916607e-01
3.905471628311564247e-01
3.156494198037547161e-01
4.219598562348131909e-01
5.427562435663108031e-01
5.366822978312529857e-01
3.931480546810129373e-01
6.373517581149733546e-01
2.958998645672184513e-01
1.182777262566050980e-01
3.760972719850952939e-01
1.405791769742079922e-01
2.855037369517628987e-01
5.211688818736472939e-01
2.045896587548595436e-01
4.102896830242678261e-01
2.613585271609159544e-01
1.852389255390920197e-01
3.889090930279738845e-01
5.026519451560410578e-01
3.574572079757167842e-01
5.255574626150869566e-01
5.189214185318395955e-01
3.436647792727896000e-01
5.558556503327036769e-01
8.979581246547688189e-02
4.221058030355350765e-01
5.254625026252326414e-01
3.387467804357084389e-01
4.201217563573813041e-01
2.873439581311458824e-01
6.088857023785601008e-01
2.156016793519460462e-01
3.770412980221838906e-01
1.828461022391717483e-01
5.200426309163163063e-01
2.545642197539763618e-01
4.496394271898866424e-01
1.928139362986670269e-01
5.979290259454890233e-01
2.395544901012569561e-01
3.545532757369628252e-01
1.041874840760703552e-01
2.343297381551208980e-01
5.304575539177200927e-01
6.468868585294914597e-01
1.488303703224610475e-01
3.174001965446594520e-01
3.184996293352250207e-01
5.215419433124098836e-01
2.173069511569502843e-01
4.155376598435365776e-01
4.013713113691743106e-01
1.488580634522244095e-01
2.991923918002246663e-01
4.184366562016960667e-01
3.136005716073188565e-01
3.083729601806606269e-01
4.494005393208204135e-01
4.784924042861742333e-01
3.023656787682147962e-01
3.627158305938849026e-01
2.127151256993511652e-01
3.340735351913599605e-01
2.816674928692904922e-01
5.633846747084562123e-01
2.314583240232419015e-01
4.111554798025452984e-01
4.043724860060115556e-01
5.237663029745817100e-01
5.439396870443917731e-01
3.062702049921470770e-01
2.388105145105663962e-01
2.962417190963284597e-01
3.478655467849369187e-01
5.051191701414298185e-01
4.979997737561673854e-01
1.647261083155580064e-01
4.060145788928002930e-01
9.320289717567012411e-02
3.328984096823729977e-01
3.447798283547138798e-01
5.845260914177233813e-01
3.293484595628852762e-01
1.188206471371193035e-01
4.112244064730560256e-01
3.819053097298066302e-01
2.183123607646821895e-01
2.740193085737816503e-01
5.660779688041124302e-01
4.071778044684696285e-01
2.952495400558294847e-01
4.491313135805460877e-01
4.021877217975299845e-01
2.207807230564529377e-01
4.312454507332212361e-01
3.790918548806205268e-01
3.604731300733474142e-01
2.696289232341512743e-01
3.630596894929701834e-01
3.028075635615912198e-01
3.618291067337547906e-01
2.748669444130269479e-01
3.273124849013827609e-01
2.431945061136972230e-01
4.136809084324716279e-01
2.039005036808116955e-01
2.807433800878391672e-01
3.875772107988413873e-01
2.790716321086417206e-01
5.123326241135117698e-01
3.437843556782588794e-01
4.293606518625213142e-01
3.879316227827616093e-01
1.816273248282979091e-01
2.121332614817835471e-01
4.092617957647137761e-01
1.602201125912602886e-01
2.634603891970130896e-01
3.374347879718784249e-01
1.401283255251052906e-01
6.404071170545652114e-01
4.133177611622280145e-01
2.676270935411112495e-01
3.942517259178993094e-01
3.764662584744241647e-01
5.368123024901768625e-01
2.332908591858980640e-01
3.874211193956534349e-01
3.320640182343186919e-01
3.873928412941922694e-01
2.895408583196270036e-01
3.996198660891863153e-01
4.054812058978869427e-01
1.849995563260434517e-01
1.823099794199447010e-01
4.925835565612694533e-01
3.702338758366523486e-01
4.296332051230397631e-01
1.603415218664736019e-01
4.561596888685378604e-01
4.242911820463607930e-01
5.389352575995626227e-01
3.626251464685836812e-01
5.288678814797925787e-01
1.923422865487943445e-01
4.416322518542835085e-01
3.411668031526051692e-01
4.198035811250469540e-01
5.247430096799766686e-01
4.271478633729207663e-01
1.780239597664868834e-01
1.622642356964767718e-01
1.764205980761624770e-01
5.664227127483304480e-01
3.513225587463872923e-01
2.161918404388822879e-01
2.629347041936777041e-01
3.568991629575377633e-01
5.925645574382435443e-01
5.214271874146523267e-01
1.939892063875458816e-01
3.614895127855715096e-01
1.796174880493102699e-01
3.889034335203430670e-01
2.929110003209188795e-01
4.439783951818704888e-01
3.924692650809410432e-01
2.829702257757871764e-01
3.312002674018301174e-01
3.634886846407854866e-01
5.156904527100194535e-01
4.975819711292007175e-01
1.600727842262513467e-01
5.624788212967758438e-01
1.482344090977043838e-01
5.666863004964575179e-01
3.783339321635491026e-01
1.891073227967352832e-01
2.969268464094910742e-01
1.429072436577249194e-01
1.230509328533089253e-01
5.457448365304263804e-01
5.532668653597770936e-01
5.789223722924377036e-01
4.747163077254057950e-01
5.122835122678994768e-01
3.335485991763071367e-01
6.358303234363246181e-01
3.754008114169548604e-01
2.703765826498087943e-01
3.977489751596628986e-01
3.895493701203611714e-01
4.315701175091567476e-01
4.644002741479424379e-01
5.554231404695433305e-01
2.786499798731512101e-01
2.266614674407110008e-01
4.796506734012213058e-01
5.254625026252326414e-01
5.341729484393702432e-01
2.954979621944175960e-01
5.092765852014879968e-01
2.634543436579526721e-01
4.278422615728258993e-01
2.806731632158918077e-01
6.243987182728991669e-01
4.381854851087681468e-01
4.498745250077820779e-01
3.673256620166708841e-01
2.346234629632762136e-01
2.026776716926527999e-01
2.945586136442417957e-01
7.441665904980870883e-02
3.770666368175606964e-01
6.468868585294914597e-01
3.138509085200038018e-01
5.131216047948834458e-01
4.090958445533832144e-01
2.630358772731213324e-01
2.233687894953803876e-01
5.558556503327036769e-01
4.013308722382858962e-01
5.140288237641627012e-01
3.357243414332303777e-01
5.132951112670069982e-01
4.515453004247590996e-01
5.639459791664845900e-01
3.093453309444517130e-01
3.849622388839398224e-01
4.151151334765644241e-01
2.463946705979267737e-01
5.008651397504976233e-01
2.715736874205519347e-01
3.854100833623215205e-01
1.638608799825924389e-01
2.683637787089416804e-01
4.487601309528015947e-01
4.037863701418022977e-01
4.814935252902119434e-01
5.631282982852038321e-01
4.943751597117665986e-01
3.908293434910192765e-01
2.834506613265967978e-01
4.528718478533653169e-01
3.482454589823303914e-01
4.015578586149415319e-01
5.132951112670069982e-01
2.647050312333666944e-01
5.350211428496716159e-01
5.330831503239165103e-01
3.387467804357084389e-01
5.504589249186322419e-01
4.222171873426861510e-01
5.727543212623142921e-01
2.235911094027138168e-01
5.664412210532854264e-01
3.074038043705982215e-01
2.161918404388822879e-01
5.708513734056286371e-01
5.060580686334230638e-01
4.972911876019808775e-01
3.100865811366191327e-01
2.035540430712487747e-01
3.083729601806606269e-01
4.095074930244763656e-01
2.720054029777927984e-01
4.154167946917841636e-01
5.146487754806600146e-01
4.989050413646337057e-01
3.281274325886752719e-01
2.659856378036664082e-01
3.208815502095362371e-01
3.895279136744613790e-01
3.106718248441978636e-01
4.398630255342604878e-01
2.789387205727681951e-01
5.923707706999878919e-01
4.803202616500990008e-01
6.305114364684162309e-01
5.101262442237641803e-01
6.132012211111860234e-01
3.217778313098252907e-01
3.599740111834073275e-01
5.323416901738902141e-01
5.701155496886566310e-01
2.720724781733829256e-01
1.675055136127738820e-01
5.280614907185828821e-01
5.764346392054580104e-01
4.173310245612573688e-01
3.856428897292485947e-01
3.652937986834390305e-01
4.523028040576291264e-01
3.838020746393678295e-01
3.763357805788016264e-01
5.068153697920807499e-01
5.905994263001392852e-01
5.635990815951203992e-01
4.738375463611631533e-01
5.730275718531669948e-01
3.243472302084314807e-01
4.124695251761129611e-01
6.166018983648612339e-01
2.017755822433201229e-01
2.377329488309998240e-01
3.195033998165043854e-01
5.664412210532854264e-01
2.263983902435753592e-01
3.561417691887552306e-01
5.325768485885340464e-01
2.577911669615902124e-01
1.119575842480816374e-01
3.161799679300107413e-01
5.344861059906966805e-01
1.998313326615526742e-01
1.688556030340312430e-01
4.840846266595950631e-01
1.772314587570353317e-01
5.568660128671136800e-01
5.309747815690462058e-01
3.298122454554883176e-01
2.691625619277727144e-01
4.345770285688800305e-01
5.329132403675512775e-01
3.303616279450178328e-01
3.884861401970934325e-01
1.462361966043899675e-01
5.654438740352123460e-01
4.668706198139025432e-01
4.253748543814338534e-01
3.806758487899825072e-01
5.878411271725932918e-01
1.578538937584234025e-01
3.984641616821427701e-01
4.229453962415121171e-01
2.539303906545254397e-01
3.510485253869035094e-01
4.886183625982650769e-01
5.725223714610876424e-01
2.646725430610774588e-01
1.726820202571933138e-01
3.747474485451056103e-01
2.567705142054269585e-01
6.373067390444249469e-02
3.061441404730812499e-01
3.856346698790746874e-01
3.119968415552856755e-01
3.563002261517993485e-01
4.912538851260268014e-01
5.388810783898452250e-01
5.219131799887121170e-01
3.083729601806606269e-01
3.062702049921470770e-01
2.739069561738101677e-01
3.157748641156206681e-01
2.841823919047166136e-01
1.594488116088779717e-01
4.023157813320129561e-01
4.218277350551568050e-01
8.342214866478908641e-02
6.185345699140480935e-01
3.818412560564722891e-01
4.047610188444223933e-01
2.383584143319012194e-01
4.678638985346720847e-01
6.030697969308164152e-01
5.720985410687209338e-01
1.841121996820297979e-01
3.948789857269776049e-01
3.502214416156719246e-01
4.101398275773667224e-01
4.107274981691267923e-01
5.235955822898507028e-01
2.358793007426040200e-01
3.092759515133305381e-01
6.053470584897713280e-01
4.276487968392468919e-01
1.285216510547217972e-01
3.199794523411013114e-01
2.551655705553938502e-01
5.403169997271342062e-01
3.000258167145515298e-01
3.865324286877198090e-01
5.187632537428257251e-01
3.296299914321763613e-01
2.965756964639085225e-01
2.064540831902095253e-01
4.313232714057239625e-01
4.056724737654736068e-01
4.933454578758265097e-01
5.611186896534935409e-01
4.202252020747376804e-01
2.753483979476333832e-01
5.994959732515637851e-01
3.427386088003819831e-01
5.370089762529312027e-01
3.701502143859714544e-01
4.444885265693861442e-01
4.616834972012300309e-01
4.091289469043792870e-01
5.554231404695433305e-01
4.803253342111808433e-01
8.558236848775283012e-02
4.585689085260201692e-01
2.977040644616696929e-01
3.033504788293706067e-01
3.268165269166136144e-01
5.607887041876594703e-01
5.572501528050559649e-01
5.027800545815004352e-01
3.038943811069655943e-01
5.012859264814878424e-01
3.656518500062056476e-01
2.301618385063808059e-01
4.015578586149415319e-01
1.811321599021738782e-01
5.310368598715352606e-01
3.273444025495693688e-01
1.758300577138663945e-01
3.162259886138794052e-01
4.802186111763753207e-01
2.521096590732387899e-01
5.118389637121435465e-01
3.703138030516923140e-01
2.912042859391211214e-01
5.460278572296036748e-01
2.140152688484166510e-01
1.912753696823736027e-01
3.614895127855715096e-01
4.316739181800220426e-01
4.977048825385606001e-01
6.468868585294914597e-01
5.164337675570918051e-01
4.621888547498848032e-01
2.239669464427945511e-01
3.925337230790629794e-01
3.576530603043332479e-01
5.925645574382435443e-01
2.389409295227707952e-01
3.925337230790629794e-01
5.563255599268966956e-01
4.960484400715149955e-01
5.973455743633568904e-01
4.009980285392041321e-01
2.508377243861466543e-01
8.359768195782721345e-02
2.961811270252372452e-01
4.817426064054461388e-01
3.340952568909507092e-01
2.442036594155677087e-01
5.431970839752487956e-01
3.651738852020606774e-01
3.174045253144354151e-01
5.375166013464615089e-01
4.312840361544890283e-02
3.450501784089283763e-01
5.603487732496447160e-01
3.807215266812677967e-01
5.476797092071264972e-01
3.999812548064528017e-01
1.287201730702711711e-01
2.521484010794147190e-01
3.617271016183407628e-01
2.674286093595522606e-01
3.172719142677549176e-01
2.085034599191762095e-01
3.675293800734685812e-01
5.883324802202444248e-01
4.000321901672510561e-01
3.958009951880172572e-01
5.304443492314311337e-01
5.614428064853541622e-01
5.260295383091703192e-01
3.924473925650863171e-01
3.604731300733474142e-01
4.118977161730120184e-01
6.241283045037502308e-01
1.851904726701258386e-01
5.766987139103022519e-01
1.595370776848583083e-01
2.415582313462683317e-01
3.641819177824531240e-01
4.759221536030862620e-01
4.117212853620970670e-01
1.768358568869720093e-01
3.081555375923545337e-01
3.113052064839545996e-01
3.701976839869451918e-01
3.676880678862178842e-01
3.331109171779913503e-01
3.545408577690073448e-01
2.717629858418467714e-01
5.686176548199288749e-01
4.177044019762035654e-01
3.559386959728270128e-01
1.885304934101986463e-01
3.994869842800195525e-01
4.999417114108782312e-01
3.753000811199264097e-01
3.570837935582965028e-01
4.726451551443511256e-01
2.821591134573023241e-01
3.783339321635491026e-01
2.247676722915175895e-01
2.267510177935744553e-01
3.810308933499071959e-01
5.582417401177873773e-01
2.988139663539266522e-01
2.783135400740692211e-01
3.571062537482769250e-01
5.558558983324319858e-01
2.353406844139543097e-01
6.103950639606274819e-01
3.787628364682116278e-01
4.135101798483360458e-01
4.465954186552957283e-01
3.116899375260272498e-01
2.926051991940566421e-01
4.050909971384285546e-01
4.224258822322548013e-01
4.205051726682873525e-01
4.471537535608353098e-01
5.349976030397507465e-01
6.182980980155120543e-01
2.580110720417282955e-01
3.996819629968520471e-01
3.097506482506448555e-01
2.161918404388822879e-01
3.738765122686864006e-01
2.625753948907300628e-01
4.526727182072997069e-01
5.132951112670069982e-01
5.028948104792579921e-01
3.647506185777267818e-01
2.595309117682265132e-01
4.246915733462151010e-01
2.122405286400500246e-01
2.045394416162418516e-01
3.894486273505886054e-01
3.740432010349508118e-01
2.801877247434881868e-01
2.862989800940026197e-01
3.881507640112636937e-01
3.790918548806205268e-01
5.813338963933301073e-01
5.300792337621701433e-01
3.706096751466822492e-01
4.733127402705279430e-01
2.450394533197554348e-01
4.133429232603968995e-01
5.131060454623893596e-01
2.592683495914822611e-01
3.248865849235312853e-01
3.643225013032163617e-01
2.573999833532417125e-01
3.872560796300972275e-01
3.387467804357084389e-01
4.243929496599394002e-01
3.949167698264073878e-01
2.677739929476630198e-01
1.564036253354263439e-01
3.790918548806205268e-01
4.507479767248656621e-01
2.422429422776574137e-01
5.223540203976501095e-01
3.501868715345150540e-01
5.267043353838590791e-01
4.391372615011551739e-01
2.567246903830358584e-01
5.027800545815004352e-01
2.073850550454545139e-01
5.309522848962893171e-01
3.985454215059491823e-01
3.857626115461260663e-01
3.392930533661968062e-01
5.307693718963313323e-01
5.235245100994774248e-01
2.234601042218349043e-01
3.712882154997513839e-01
4.337183567417244312e-01
4.269489982529693917e-01
5.230255546024848989e-01
1.936650997417595499e-01
6.222253566470645758e-01
1.983844018409345600e-01
3.678425002065627836e-01
2.701640038516700537e-01
3.809806633227872941e-01
5.448364668465653926e-01
2.093857331923964504e-01
5.675437497868132120e-01
2.510633663049289255e-01
4.068569968634950795e-01
4.232128698730604488e-01
2.702062464374143103e-01
3.647657333608335661e-01
1.353330311537716546e-01
3.083729601806606269e-01
3.317204782217239578e-01
3.900025384856181110e-01
6.468434220422888958e-02
1.889709289746513698e-01
3.083729601806606269e-01
4.417233997577858506e-01
5.618644274350449441e-01
5.624788212967758438e-01
5.355276493459362186e-01
2.119992302053093358e-01
3.560927869557419800e-01
4.355168159517687765e-01
2.723024934520012486e-01
2.842174640138231401e-01
5.813703895637465369e-01
3.468166187336798600e-01
2.225915120937278224e-01
4.613146515499698119e-01
4.058874293489381779e-01
3.934739820356177864e-01
5.339549656169754188e-01
2.144405537706233211e-01
4.910201487081488070e-01
3.690462833002498555e-01
4.588765265159381879e-01
2.937971093787049015e-01
9.537771832044229792e-02
1.763035251583111029e-01
4.101136294099220758e-01
2.772041735743523416e-01
3.029227075695691274e-01
3.754532023469883684e-01
4.757485405929403055e-01
3.280337992830339444e-01
5.431970839752487956e-01
2.991137383641748748e-01
4.040015168700700765e-01
4.590042761027305351e-01
1.425518906052630763e-01
3.318367581848698511e-01
4.601434548514316547e-01
4.358174112670664679e-01
9.363571948106989840e-02
3.774539259155066939e-01
1.836870507127336960e-01
4.043356650103046013e-01
4.080798216798261491e-01
6.014479332758485564e-01
5.413048367975363817e-01
3.841092657496193996e-01
5.054223524077913199e-01
6.404071170545652114e-01
2.633442906083541812e-01
3.186817635162541018e-01
2.883977625056444172e-01
5.254625026252326414e-01
3.350732184583405937e-01
4.963645006540284288e-01
5.624788212967758438e-01
4.027580368777075037e-01
4.136290579880153584e-01
3.087135474789711176e-01
6.404071170545652114e-01
2.240832978124003283e-01
2.719705221174290033e-01
1.696424779004424011e-01
6.404071170545652114e-01
4.308124814573203176e-01
3.858619633970535312e-01
3.350982690293894395e-01
4.087995314429501703e-01
6.241533265953668197e-01
5.068153697920807499e-01
5.987989072356373343e-01
1.481934912213220268e-01
3.803279500730260554e-01
4.440022158364124727e-01
3.316560470400018446e-01
4.245689144059835440e-01
5.414347879276002473e-01
3.478417180231112016e-01
5.144593651164869330e-01
4.127606631371439905e-01
2.208348719158264029e-01
3.772035237287942877e-01
1.992249537851739638e-01
1.450465819243518806e-01
2.874931280968197056e-01
1.535233344555180790e-01
5.512898641190014937e-01
5.158742789227238612e-01
3.876681973881867527e-01
3.576530765189005479e-01
3.328984096823729977e-01
3.623313144987687084e-01
4.866060033107247329e-01
4.598315007120307718e-01
6.273548592356834597e-01
5.518355414759595901e-01
3.327672351839930931e-01
4.079174985818722621e-01
5.187632537428257251e-01
3.271834402279956699e-01
2.712536731860410444e-01
3.204253140689308221e-01
5.100082502977012489e-01
4.767580537334777935e-01
3.992974998069586667e-01
2.233215334901491600e-01
3.679843930536368934e-01
5.087418574586873854e-01
5.068153697920807499e-01
4.609494294387468383e-01
2.235799573143439356e-01
2.627761837235782494e-01
1.307455648162924311e-01
3.889284805574477755e-01
2.737953893488372925e-01
4.114113105432437578e-01
3.527271026092483330e-01
1.594081104464241394e-01
2.029979781011939932e-01
3.093075658659567018e-01
2.957621342906053274e-01
4.918420921497222986e-01
2.308672416162755592e-01
1.699147672584838120e-01
6.404071170545652114e-01
3.890639061827717016e-01
2.132802306025037287e-01
5.254625026252326414e-01
2.382789610811366920e-01
4.985002168357716701e-01
1.070663982768497030e-01
4.710003686645365950e-01
5.766753346869615271e-01
4.693428124853833427e-01
6.275175132771138031e-01
5.987989072356373343e-01
5.599614795783592891e-01
5.223540203976501095e-01
2.140322051718582252e-01
3.815289880196784389e-01
3.310251192047657942e-01
5.764346392054580104e-01
3.793453393942161633e-01
2.628338862756219863e-01
4.535681931525624155e-01
4.374182886985867325e-01
4.269148135796049237e-01
1.149580840055241110e-01
5.187632537428257251e-01
1.142969910465855971e-01
6.356320186544015538e-01
3.737139993771432800e-01
5.132951112670069982e-01
1.700816410371188969e-01
3.462578188026647630e-01
5.169177985842644540e-01
3.444098333400857914e-01
4.866906221484540995e-01
5.011324055029777735e-01
3.977109436841420043e-01
3.969810649967009941e-01
4.086824047883596545e-01
3.790328863450516672e-01
2.937971093787049015e-01
4.212881221542543186e-01
3.817523337062737609e-01
9.975415726126853067e-02
2.351674374788474131e-01
3.702338758366523486e-01
3.134420123677731373e-01
4.061612579475398221e-01
5.207278433559573427e-01
1.744956687749903701e-01
5.816489751630046223e-01
2.764729324474985428e-01
5.429546416859355462e-01
3.894486273505886054e-01
1.965627619320595709e-01
2.522193913654351416e-01
4.120712426015260554e-01
2.269002126007969300e-01
2.449332764872014789e-01
3.172719142677549176e-01
1.840084915173498537e-01
2.148176198956945893e-01
1.660308022492442137e-01
1.383327322398342218e-01
2.560884131957387178e-01
5.099841580491566440e-01
5.076146286382197115e-01
3.686121119636372456e-01
4.063008780527616604e-01
1.626838101806809544e-01
2.106909320643392536e-01
4.355884432831935715e-01
3.969810649967009941e-01
3.943657388558672872e-01
5.132951112670069982e-01
4.162897075863230545e-01
4.844060394005370029e-01
3.800408557756289607e-01
4.348585377793527385e-01
3.450565596726838380e-01
2.240832978124003283e-01
5.002176760708447745e-01
6.081259795326978690e-01
3.657911054915419236e-01
1.283947526287740337e-01
3.803705553038047582e-01
5.132951112670069982e-01
4.033106350485424763e-01
7.173408808406528392e-02
4.280794631268911576e-01
2.783308522428660781e-01
2.616693656133579626e-01
3.924355739124843478e-01
3.988476102143043711e-01
2.735055884659726710e-01
3.232543620309595300e-01
4.819747628384665750e-01
4.742521531592753803e-01
3.225629372293059016e-01
3.930699310247683931e-01
3.062702049921470770e-01
1.424696539577153531e-01
5.695701228259757443e-01
5.540145398466670423e-01
4.243020500679840490e-01
1.991072415352484470e-01
4.905193823765934824e-01
4.179372252852746605e-01
4.282928176257727593e-01
5.745271883763372056e-01
5.130860633987806008e-01
5.350211428496716159e-01
2.173873737478096702e-01
1.845220674610250633e-01
3.882218263273812808e-01
4.140654730673502537e-01
3.145848500998926212e-01
2.500519934782476361e-01
5.555290529838621261e-01
2.508645302880471162e-01
3.678720714197675212e-01
2.853886538523520144e-01
5.431970839752487956e-01
2.020968814822908799e-01
6.154410779500105733e-01
1.789359981001428790e-01
1.390560375832608220e-01
3.640602904420972563e-01
5.372884356718522492e-01
3.207496674671710957e-01
5.384804680893926498e-01
4.652826738116361271e-01
4.977676173231469492e-01
4.743378340511639757e-01
5.278054049102678391e-01
5.123326241135117698e-01
1.436306573061459924e-01
2.419415029733429368e-01
3.019860063593263755e-01
3.054554250632625645e-01
5.370491305894962153e-01
3.435162856416640320e-01
8.578225658059863978e-02
2.966661404888860099e-01
2.662404260308380288e-01
4.046256614034328125e-01
5.501708762484331938e-01
3.552552800240930675e-01
3.172719142677549176e-01
5.816489751630046223e-01
5.646571557017395770e-01
3.166829226045166368e-01
2.972824435119789666e-01
3.994836666340311759e-01
1.659613485013561318e-01
2.494037792512191765e-01
5.341729484393702432e-01
5.840252132472293356e-01
2.279170035875109079e-01
3.948979444019338203e-01
3.951133913075760562e-01
3.617212204076837301e-01
5.118389637121435465e-01
2.771915213266870071e-01
3.816750974857712198e-01
6.422278570549541099e-01
2.830940115245077493e-01
4.830222371913999169e-01
2.782423832769151950e-01
2.915070665831229202e-01
5.169177985842644540e-01
4.032999919520710019e-01
2.634940451299677133e-01
4.334106459338024631e-01
5.223540203976501095e-01
6.773959127973321059e-02
3.387467804357084389e-01
2.874817776918188184e-01
3.307790466193455958e-01
2.985479154467208796e-01
4.027632003858816478e-01
1.541231539157798813e-01
4.858712393612422686e-01
2.577498969380663807e-01
3.977389877137724183e-01
4.624600715558740416e-01
5.374222163501097826e-01
4.765066203626477925e-01
5.503216301486668627e-01
2.859772717490257077e-01
1.904930979861083618e-01
5.687132471779086096e-01
5.288678814797925787e-01
5.470104400526184518e-01
2.658286575095830107e-01
4.025425200207588539e-01
2.392236294645459505e-01
3.254028383496044841e-01
1.670723940403066043e-01
5.367718303065166507e-01
3.638457659998200477e-01
3.433477407231999567e-01
2.950214971338099290e-01
2.308742910033561024e-01
2.674468507477837931e-01
2.885528324950309420e-01
5.916617457130884938e-01
3.406459963434229077e-01
4.208249962776927089e-01
4.955305801560030421e-01
4.870623491075386502e-01
4.013214781831955236e-01
3.797744354673190381e-01
6.243987182728991669e-01
5.766753346869615271e-01
5.333889189177045687e-01
5.766987139103022519e-01
3.043383783674327714e-01
2.027631144590688606e-01
5.992073117538717630e-01
5.110128834771135997e-01
1.881234206692144195e-01
2.714199566920620921e-01
5.390667902735770678e-01
4.592855183964796861e-01
4.305548924754633022e-01
4.801293076799053039e-01
5.149305701090933773e-01
4.219598562348131909e-01
5.805346067810890354e-01
4.975819711292007175e-01
4.576888384591038528e-01
3.969810649967009941e-01
4.295499794908252400e-01
3.779077492037679065e-01
6.404071170545652114e-01
4.352150437291266161e-01
5.579502257917033914e-01
2.446827487415319247e-01
1.751222359310135313e-01
4.911827969289652707e-01
5.367122920783614637e-01
4.960617812304121688e-01
4.370213987058775285e-01
2.812795812774748772e-01
3.071768932461652613e-01
2.240832978124003283e-01
1.519109228539006207e-01
1.371980694560099301e-01
2.565707172675525394e-01
3.062702049921470770e-01
2.366608035981356273e-01
3.303001614306263489e-01
5.088135476735302642e-01
4.216550096886319543e-01
2.911894340190960273e-01
3.027172944668495846e-01
3.309061425304081205e-01
4.305482768280584627e-01
4.869616677660307258e-01
3.769856107537664647e-01
1.516471709852492411e-01
2.884321663874863106e-01
3.614895127855715096e-01
2.878468009667131122e-01
3.380043363940525847e-01
3.081778747179266253e-01
6.263137502437569060e-01
1.455512826790908154e-01
3.562105793430482836e-01
3.290307060132406924e-01
2.360371287675274155e-01
2.598321094131242348e-01
4.069321351684417332e-01
3.362969709350133174e-01
2.768612497153156715e-01
6.306330680702929570e-01
3.093674720400625411e-01
5.392650950555001321e-01
5.591839056372159833e-01
4.118510706046644709e-01
2.197374039982131488e-01
5.354947616300780311e-01
3.309223784053295092e-01
4.678264683493558729e-01
5.401619356623011958e-01
2.328709517833661979e-01
4.184980543238741024e-01
3.172719142677549176e-01
2.581842829098168757e-01
3.503134593891349957e-01
2.121566186699430923e-01
4.741715948233845013e-01
4.360142564261124676e-01
4.015578586149415319e-01
2.979768325652050742e-01
5.017505684200935789e-01
5.347793499745673307e-01
2.508645302880471162e-01
4.015578586149415319e-01
5.451338683078598146e-01
3.522196700117350976e-01
4.110705382325625656e-01
4.090790204846384559e-01
4.028106331922603478e-01
3.527068254613022202e-01
5.942221136173968521e-01
4.743378340511639757e-01
5.051554649952153531e-01
1.822520748094467180e-01
1.769844755573570794e-01
5.386202903570082023e-01
6.201000794245478120e-01
2.688827642896077785e-01
3.022808580799102307e-01
4.453086898385594239e-01
5.933840547668218779e-01
5.764346392054580104e-01
5.386607022557386992e-01
1.916756161944569437e-01
1.687290506227924203e-01
1.991072415352484470e-01
5.791039819945777989e-01
3.051690531456273670e-01
4.123533261818640994e-01
6.243668715114747414e-01
4.620562442229019795e-01
4.473518236472904808e-01
4.840250236771101444e-01
1.935758189041079658e-01
3.099300385319136986e-01
1.549877728512571162e-01
2.855037369517628987e-01
3.049337768635518864e-01
3.927466443579664679e-01
2.463946705979267737e-01
5.157759677144116983e-01
3.747474485451056103e-01
4.179359074359220161e-01
5.720163332124241773e-01
3.608242110030793759e-01
3.096457318928207414e-01
5.321405488820819540e-01
4.338216295036961268e-01
4.291458918932598565e-01
3.298226225706920589e-01
5.440318584924559719e-02
3.630596894929701834e-01
3.805666378584891540e-01
2.979768325652050742e-01
1.922769040085167691e-01
5.068153697920807499e-01
5.620708870009936131e-01
3.975479969489836285e-01
3.886777512730216211e-01
1.520714912446401168e-01
4.136632796638540222e-01
2.831428179957689029e-01
3.996940264270567589e-01
2.261917336082700791e-01
4.117212853620970670e-01
2.681280981020786602e-01
1.605463851290578337e-01
2.487669152213125567e-01
3.932523690210556477e-01
5.892638068211192293e-01
6.127027731509384623e-01
5.221218639646296733e-01
3.381519716925056596e-01
5.677314699902225037e-01
3.328984096823729977e-01
3.495609773869751136e-01
2.641541608494067384e-01
4.345183186348719473e-01
3.925252716516071660e-01
2.230427496781996477e-01
5.773311148805548854e-01
2.918601179985420013e-01
3.508719283766735808e-01
1.468056340191417064e-01
1.846582350067432765e-01
2.802866196762238138e-01
4.015578586149415319e-01
2.884595755544425155e-01
1.182764070560385211e-01
3.290234904268450888e-01
2.655744953102252004e-01
4.504257100167116667e-01
5.297414242479079327e-01
2.932193124190454747e-01
4.712117808453448187e-01
2.022526687584020877e-01
3.555273673236801768e-01
5.169177985842644540e-01
1.870722722616303124e-01
3.041198169136517526e-01
1.444592781352075916e-01
3.745009218478610458e-01
2.937971093787049015e-01
3.657125116128451814e-01
7.189976884472816521e-02
3.143609363837435722e-01
1.736450204562287603e-01
5.407527897141111151e-01
4.345777218455723623e-01
2.510982862465575005e-01
3.113078866687804536e-01
6.101870617241139660e-01
4.269236194408719265e-01
2.853886538523520144e-01
5.816489751630046223e-01
5.374222163501097826e-01
5.261676604378269229e-01
3.328984096823729977e-01
4.240482066511772063e-01
2.213113757458802788e-01
5.727576564740839427e-01
3.435223497859010156e-01
2.045896587548595436e-01
6.222253566470645758e-01
2.971366408753908228e-01
6.025830519384693940e-01
2.736448374031182906e-01
3.683799555306168094e-01
5.685534650897444697e-01
3.967489085636805579e-01
4.366263824311492625e-01
5.530124079721424613e-01
5.489260902558248389e-01
5.875904715812968471e-01
2.497599727587535845e-01
2.449932453368463547e-01
4.360855734980280674e-01
1.485247746840576699e-01
2.933237245661897696e-01
5.283633072194665603e-01
3.987359297834207617e-01
3.750860558992313853e-01
4.266825966537756143e-01
3.906382706139985839e-01
4.265925274347580620e-01
2.926648222368716246e-01
3.396112041727406550e-01
1.254034578604094619e-01
2.979768325652050742e-01
2.465027651148845311e-01
5.350211428496716159e-01
5.435288720644223526e-01
3.069708008985905234e-01
2.489265377622918995e-01
1.784677902040018305e-01
3.797091303619943847e-01
2.933088603812996631e-01
5.350211428496716159e-01
1.514318269797458039e-01
4.361403833088987603e-01
4.455830845958032027e-01
2.239135813914475970e-01
1.866762687692072875e-01
3.233136598469724121e-01
4.060030627042425233e-01
1.889309726428987923e-01
2.503362213311737805e-01
4.798059765269827581e-01
4.999152698170447606e-01
4.161501334223752790e-01
5.590222879768799169e-01
3.131439524495303051e-01
3.770270362708332823e-01
2.887942576320636778e-01
3.847809076358115199e-01
5.582652799277083577e-01
3.846033506400448054e-01
4.186386637255813392e-01
2.317369547322576939e-01
3.214856185100722907e-01
5.350211428496716159e-01
2.534799604723543820e-01
2.663764683294176927e-01
3.896080609294950148e-01
3.614936584138884190e-01
8.200055767894313952e-02
2.413078274965233805e-01
2.132802306025037287e-01
2.813223519799918360e-01
5.727543212623142921e-01
1.200141332529833793e-01
4.220219540779346912e-01
4.146927445176563642e-01
1.908529980813677140e-01
1.606703811474558818e-01
3.255187244858557261e-01
3.062702049921470770e-01
1.642501379031930109e-01
1.575118526578496991e-01
2.861863313624194438e-01
4.374097130633877173e-01
5.991323575258400425e-01
4.079276113788408153e-01
4.067812680780553691e-01
5.300907434025372567e-01
3.589548586904789951e-01
3.101177357646860422e-01
4.193682240462294764e-01
5.658333483579228718e-01
2.567246903830358584e-01
5.132951112670069982e-01
3.557703142394314511e-01
3.829688858756624126e-01
3.637618398151458154e-01
2.350365205426329374e-01
2.258632392589919879e-01
3.927859779879703805e-01
5.275003361413627134e-01
4.803455448378251558e-01
1.522530127021158308e-01
3.820603385591376244e-01
4.765066203626477925e-01
3.354676548544082704e-01
3.521224728273491533e-01
3.125311984418286393e-01
7.373379980121931576e-02
3.629533901157055431e-01
3.155094722890005032e-01
2.880181814596065037e-01
4.406639633156935187e-01
5.321405488820819540e-01
2.668051461498354149e-01
3.930363912962129280e-01
3.974854498791958179e-01
2.716354938172198530e-01
4.934723167008118194e-01
3.354676548544082704e-01
6.468868585294914597e-01
4.848151396900126087e-01
4.209842024368984914e-01
4.186955818459613954e-01
4.354020917555690429e-01
3.930713146678461167e-01
3.164678103841742085e-01
4.406639633156935187e-01
3.670587414473834298e-01
2.500535940431329873e-01
1.466736438032983092e-01
5.122835122678994768e-01
1.776271620720839273e-01
2.208041722311001598e-01
4.218213997326754061e-01
2.818581899009559577e-01
2.362713248060251403e-01
2.566958165001653192e-01
1.961049802105823414e-01
1.853557859005962039e-01
3.119684036987606102e-01
1.775238564652194817e-01
1.119842473370622343e-01
2.324875619770413460e-01
3.965731735240067835e-01
4.773814671561578127e-01
2.167317933260007601e-01
3.530233184322774664e-01
3.705530085599746948e-01
1.826730621437376856e-01
3.827059329902094964e-01
3.063089075013000206e-01
3.698985033926458499e-01
1.714580473247688253e-01
5.027800545815004352e-01
4.199914015261671518e-01
1.973205932862805712e-01
3.550826229458420857e-01
5.205085652390888384e-01
2.538451876766145698e-01
5.401920995387292646e-01
4.146490430366117086e-01
5.336821941873749475e-01
3.739670466171189922e-01
4.169669774864671608e-01
3.167010021588936297e-01
2.734437481850165996e-01
3.838020746393678295e-01
2.996139873886690674e-01
3.396375827792164626e-01
4.329919305098475224e-01
4.109608662252960398e-01
4.026979978688771111e-01
4.887095825318644726e-01
3.179933822720374947e-01
4.111733347435890806e-01
3.818361115692328611e-01
5.118389637121435465e-01
3.683883378382824536e-01
3.077253694868971046e-01
4.374097130633877173e-01
4.194949440079972502e-01
1.469757159954357961e-01
6.067375560679358903e-01
5.010735077502316281e-01
2.890534948870521204e-01
2.662992607962265668e-01
3.387467804357084389e-01
3.809637314687456255e-01
2.883432012141997069e-01
3.436355219569778296e-01
5.384804680893926498e-01
3.412347454117886092e-01
2.566958165001653192e-01
3.819344009502428916e-01
5.484591541638228485e-01
3.321810981161188447e-01
5.296266683501503758e-01
4.532114533388368338e-01
4.842160102843175995e-01
1.472879364279230108e-01
4.114891289290766863e-01
1.419942746494807229e-01
4.117212853620970670e-01
1.240625978540205315e-01
3.536781897785848394e-01
5.503216301486668627e-01
3.921978203355535597e-01
5.039129081937944177e-01
6.201000794245478120e-01
3.249027638395880491e-01
2.257592468196863156e-01
4.421567606778512571e-01
3.523038673746537452e-01
1.866762687692072875e-01
5.132951112670069982e-01
2.896322973577643012e-01
5.406313180751773917e-01
5.104380571093382057e-01
3.817123586654050382e-01
5.223540203976501095e-01
1.350697907715674995e-01
1.308688464582727085e-01
1.721754854893755016e-01
3.396375827792164626e-01
3.728047221972101699e-01
2.412748615141959985e-01
3.752899158334930818e-01
2.678736612944717654e-01
4.199486687615801572e-01
4.255599184100496979e-01
3.008215899484150690e-01
2.977787745357358684e-01
3.562471001613808363e-01
3.765620061180677824e-01
4.734231607463794678e-01
3.864969304265236105e-01
9.119584067527966575e-02
2.717629858418467714e-01
4.287424761608427670e-01
4.741614113475327019e-01
3.074165972484531051e-01
2.075871195282044945e-01
