3.068081931102528137e-01
3.141090573201913982e-01
2.920793961154105056e-01
2.894900558974928817e-01
2.675674453449289891e-01
2.690408977928218093e-01
3.248498533158236667e-01
1.634799558298950795e-01
3.969810649967009941e-01
5.295482792323358279e-01
2.770997215144269665e-01
3.482933972466633610e-01
6.423100649112508664e-01
3.061391272614734094e-01
5.104380571093382057e-01
2.522742138569289971e-01
4.424930597428040624e-01
3.013375723001833761e-01
2.777991814657023717e-01
1.549596392257483191e-01
2.320282318683248857e-01
4.907626729164444312e-01
3.894489185891631400e-01
5.431970839752487956e-01
6.198340087688306577e-01
2.952350949551408310e-01
3.755159333897515328e-01
2.829250206015029301e-01
1.279818946133227386e-01
9.143700731469113496e-02
2.119992302053093358e-01
2.668431630738215543e-01
2.335571523761577617e-01
4.665267576926916959e-01
8.519021055021180899e-02
3.828822724382739962e-01
3.794954586396547813e-01
5.022546491755116582e-01
5.504589249186322419e-01
2.936541197616671650e-01
2.799843793099202061e-01
1.879883840895665570e-01
5.393613937865534558e-01
2.757733821727679779e-01
1.242706299211803339e-01
1.996601658683413716e-01
3.083729601806606269e-01
4.358174112670664679e-01
4.494005393208204135e-01
1.903474770358258017e-01
5.607356287118544502e-01
4.982978062343731973e-01
5.555915756278594353e-01
4.316739181800220426e-01
3.946964102186867884e-01
2.862254045199509322e-01
4.208339968177071122e-01
5.115932569938833607e-01
5.642183525076696071e-01
2.974472415141788395e-01
2.934906519776244727e-01
4.222856674889584605e-01
1.370239404900167879e-01
1.440640414047275053e-01
3.031915470705347504e-01
3.204883609839380698e-01
6.208456077679380680e-01
2.921938773009795653e-01
2.240832978124003283e-01
1.317938956309866183e-01
5.920553288695208360e-01
6.408619065647351842e-01
5.132951112670069982e-01
4.347397785465004216e-01
3.338723509725241012e-01
4.232501778254845748e-01
4.245491741057310087e-01
3.229823077841442180e-01
3.603504666637158405e-01
3.756079300634891371e-01
3.062702049921470770e-01
4.162720717498171186e-01
4.093426739225510258e-01
2.731548199784801789e-01
5.092546136312572358e-01
3.991546812743940742e-01
4.948382671910306341e-01
3.460200842466686910e-01
1.608171952196501830e-01
4.790366898927709838e-01
3.330916740205303039e-01
6.136507264393827876e-01
3.750375313119866938e-01
2.320266436722440984e-01
3.712054401335985188e-01
1.914063114601367299e-01
1.497167489993985190e-01
4.807496970857806917e-01
2.696643201543017510e-01
3.832559358948179895e-01
5.321405488820819540e-01
3.034489960458393587e-01
4.011028266138384479e-01
3.121536860003980007e-01
2.410701432472618366e-01
3.996198660891863153e-01
4.219598562348131909e-01
2.285169856092040264e-01
1.774030657341734984e-01
5.300595068701174917e-01
4.650573197014237770e-01
6.039438496262860001e-01
3.982018889770009284e-01
1.055095676135063137e-01
4.353992244795818478e-01
1.708161547002032821e-01
3.888160234903654811e-01
2.324875619770413460e-01
3.253220831522360412e-01
3.127873703120779836e-01
6.306330680702929570e-01
9.424006613167823510e-02
3.634220964019125311e-01
5.991323575258400425e-01
1.677583172184816951e-01
4.368221295729571851e-01
4.357540090867317861e-01
3.623410571670564462e-01
5.386202903570082023e-01
1.631644361487170347e-01
3.054530284254857175e-01
3.417912296739238909e-01
3.293633822657330290e-01
5.966258982766419194e-01
2.654864352424013973e-01
5.367122920783614637e-01
1.788398907217718103e-01
5.584805504479611882e-01
3.384518116792092357e-01
5.367173425003225473e-01
2.852394388808598968e-01
3.157647936220424612e-01
4.019676268198631441e-01
5.486900717415365003e-01
4.100339192206293171e-01
3.073695720929270903e-01
3.747653943293022261e-01
2.087087200229015560e-01
2.182349270590648871e-01
4.490297920957841971e-01
5.431970839752487956e-01
5.068153697920807499e-01
2.171671236923579662e-01
5.255574626150869566e-01
2.662354487823089255e-01
5.114233999427409971e-01
3.652099972262056737e-01
2.905306317835491536e-01
3.490073459532317957e-01
4.928536988403552921e-01
6.241533265953668197e-01
1.289057329944041097e-01
5.025114623526862889e-01
3.164279399064767739e-01
3.563733814983147119e-01
1.061312128168325070e-01
3.648172429875576328e-01
5.051191701414298185e-01
5.132951112670069982e-01
2.545744734929532016e-01
4.251966661608766462e-01
4.346605493893713756e-01
4.913689787233306849e-01
3.748485738123636390e-01
4.145773110380760462e-01
3.216598845723108724e-01
4.113268330632807168e-01
6.423100649112508664e-01
3.715356724558260271e-01
2.595468396703084490e-01
5.114233999427409971e-01
3.042073488647028534e-01
2.529937602271054575e-01
4.097569721241866025e-01
3.197612045768341571e-01
3.740882939545382424e-01
4.065495333277246992e-01
1.681510041043116632e-01
2.462877366698065507e-01
3.606140050405642339e-01
5.534939786466037681e-01
4.571014077597884140e-01
4.015578586149415319e-01
3.131040038093032551e-01
4.015578586149415319e-01
4.561621366445655079e-01
1.222066441788797059e-01
3.645110283892287750e-01
4.848207833988342208e-01
5.907774168277026838e-01
4.784213675391820741e-01
1.938327994239324725e-01
5.549630650104279139e-01
5.068153697920807499e-01
3.536781897785848394e-01
2.389797487560205158e-01
5.102603701891539334e-01
5.635321280607549083e-02
3.934850341341559199e-01
3.322535997869043856e-01
5.966765251449029916e-01
2.808791660715277416e-01
1.445015551249376473e-01
2.909803041425772507e-01
1.796174880493102699e-01
5.568173880821580823e-01
5.324987507092939776e-01
5.115807668918912476e-01
2.720059757885651130e-01
2.887942576320636778e-01
2.656941441615497390e-01
4.437445044137843242e-01
2.774457795661743331e-01
3.116985851913234296e-01
1.821556497918594697e-01
4.210308612055668753e-01
3.860914205203738181e-01
4.070201687316842842e-01
1.622090982681946569e-01
4.259861171686400438e-01
3.577075448884017850e-01
5.167839141743519882e-01
4.093713143572280111e-01
3.699443960230085482e-01
3.508145179986601470e-01
3.280337992830339444e-01
4.607309100804771185e-01
1.708151881664758676e-01
4.110112636990053692e-01
2.088306867258361565e-01
3.417938803399220848e-01
3.890235356519757826e-01
3.847183661787585418e-01
3.805194942118942936e-01
3.516708173020107742e-01
4.526396914203448807e-01
2.488342757309237596e-01
1.902519043224180362e-01
2.583529798918193232e-01
5.388214316488164624e-01
4.580331167542091575e-01
1.223143477792497935e-01
4.484227754464243376e-01
3.335928382326220909e-01
5.028948104792579921e-01
4.163824280949760537e-01
3.897347579206257295e-01
3.143688118822410282e-01
3.178020769862185957e-01
3.115074430905729885e-01
3.987359297834207617e-01
3.191210712328225174e-01
8.422258524978877559e-02
6.148206558031819036e-01
5.207142609534015643e-01
5.132951112670069982e-01
4.656065564677264734e-01
3.698586738671248986e-01
3.734592538691201558e-01
1.595862821405954202e-01
5.057894036469351429e-01
3.853351153103317661e-01
4.487237284176588403e-01
4.128183450052204662e-01
4.129357206989346385e-01
5.237663029745817100e-01
4.391372615011551739e-01
2.796680385064228558e-01
4.023157813320129561e-01
4.015578586149415319e-01
4.143545087473649580e-01
4.905803363651424220e-01
3.231267274012918911e-01
2.195489677553535135e-01
5.688259617032168647e-01
3.131040038093032551e-01
2.468768114846720818e-01
1.259000920757873121e-01
2.300979973893936548e-01
4.564030752406391667e-01
5.367173425003225473e-01
6.404071170545652114e-01
3.876312271353088423e-01
4.482561603732895805e-01
5.319422441001588897e-01
5.262028978107926580e-01
3.421657047942895380e-01
4.015578586149415319e-01
4.548854235452729489e-01
1.520331549144657568e-01
3.335804929184009171e-01
3.969810649967009941e-01
4.076465786271923908e-01
4.385315226844273551e-01
5.205085652390888384e-01
6.423100649112508664e-01
4.082627242858307137e-01
3.523423843517383136e-01
3.665835832185377896e-01
4.588200599088941845e-01
5.649933292077351510e-01
5.404816665576421819e-01
4.339861653703910860e-01
5.180537580137765108e-01
3.783339321635491026e-01
2.257592468196863156e-01
5.051191701414298185e-01
2.281055180968397100e-01
3.876188795344179816e-01
3.127873703120779836e-01
3.387467804357084389e-01
1.634581560717142390e-01
2.298393328412379477e-01
2.018180596284718797e-01
4.708590819928252791e-01
3.707030649219951735e-01
2.829425221481308705e-01
4.268576424703989236e-01
5.447688931569697468e-01
4.275124846096972075e-01
3.026080145195055859e-01
2.514888611849944722e-01
3.323277708305468203e-01
2.618936359460484753e-01
1.017200004891207349e-01
3.006484064164239300e-01
2.520044918053794269e-01
5.658832551330917893e-01
6.404071170545652114e-01
5.347889864166511797e-01
3.783339321635491026e-01
3.868408355787015251e-01
4.457484316066221419e-01
3.525350873124720730e-01
4.743378340511639757e-01
1.580227733621872299e-01
3.699311492412082902e-01
3.800570251292485491e-01
2.553080985769606848e-01
1.936650997417595499e-01
1.924852692018833022e-01
6.343821650898090470e-01
3.911260532347143881e-01
1.566323242198454924e-01
5.664412210532854264e-01
5.122802369253014465e-01
2.668051461498354149e-01
3.871555902649087555e-01
4.841509077571448105e-01
4.171665664413338748e-01
3.287231657700941390e-01
5.294785665710682876e-01
4.015578586149415319e-01
4.523401654349737955e-01
4.736576666286282933e-01
5.505430354920399783e-01
3.818983766510646860e-01
5.702189724353760036e-01
4.030528008733245682e-01
1.832613165638606878e-01
3.787827637556859806e-01
5.618644274350449441e-01
3.805967871833824123e-01
2.870803758918141213e-01
2.149328639974437960e-01
5.481499029720058314e-01
5.635990815951203992e-01
4.769455099304705792e-01
6.863698318182301361e-02
1.367278511614006264e-01
1.528033802266098584e-01
3.678315937273119451e-01
1.453807981449812270e-01
2.048143512899374685e-01
2.345428096266511664e-01
3.278026287164942931e-01
3.028942736627463495e-01
2.977889891934478728e-01
4.422837554557471074e-01
7.652087573211097116e-02
5.764346392054580104e-01
1.580318069549734306e-01
4.702998431251577682e-01
3.951133913075760562e-01
2.899818200260012580e-01
4.131305296825079632e-01
3.715729239690832020e-01
5.350776483301014075e-01
4.317576205828793645e-01
5.766987139103022519e-01
5.386202903570082023e-01
3.615365844020692609e-01
4.547210300757397183e-01
2.467892191447516870e-01
3.073051968306743098e-01
2.914721251260107837e-01
4.411595114668797057e-01
4.665536672223076220e-01
4.143545087473649580e-01
4.877993565918642971e-01
3.452125021305194608e-01
4.340594955432027779e-01
5.686667254015461692e-01
4.054858017922655100e-01
2.946280608439392212e-01
3.420093940786846920e-01
3.416053572036119590e-01
4.254960532830301401e-01
3.811928858162031419e-01
4.095165211084672574e-01
3.741086687017067813e-01
3.611049450325068966e-01
4.188510041903684145e-01
3.373317035483425208e-01
2.490351616432967541e-01
4.238051276282781554e-01
5.530124079721424613e-01
4.579090477702582040e-01
3.946964102186867884e-01
5.620991104302598407e-01
3.458238886057711792e-01
2.699751753410087884e-01
3.172719142677549176e-01
5.685227727847251833e-01
2.937971093787049015e-01
2.913239906059754691e-01
2.355172760193284809e-01
4.259508319834886536e-01
3.532819041942663052e-01
5.132951112670069982e-01
3.065782923730010490e-01
2.955323549547293482e-01
3.098482868662320033e-01
4.123530519893732205e-01
4.406381206214554092e-01
4.590518989105775161e-01
1.483845786498775021e-01
5.987989072356373343e-01
2.949973615424796303e-01
2.237246011290665859e-01
4.158049165532772262e-01
3.684592897706147618e-01
4.887069792622938391e-01
5.051191701414298185e-01
4.623631524097417955e-01
5.367173425003225473e-01
4.814935252902119434e-01
1.770540129765700854e-01
2.897977827121031025e-01
4.063120261914292541e-01
1.015014093086329949e-01
5.315408337771123648e-01
4.599785682927487462e-01
3.956211869658818325e-01
2.868315033832248284e-01
3.711973713075676917e-01
2.937971093787049015e-01
4.196823881480040708e-01
4.550788391154523826e-01
5.176454262532158568e-01
2.594035612053054995e-01
3.641053648604476445e-01
4.099313594838614461e-01
4.401244676585854831e-01
4.036667733641843281e-01
4.960617812304121688e-01
2.876460007005161579e-01
4.848866594440196520e-01
5.431970839752487956e-01
6.120251047466206407e-01
4.275455276112193337e-01
3.479127916686379773e-01
4.460327256690315156e-01
4.622261343268161959e-01
3.726309184580191558e-01
4.206232566059867617e-01
2.853144341650076243e-01
2.726802698998484487e-01
5.087418574586873854e-01
2.121332614817835471e-01
5.235639241786806952e-01
2.720443835251994402e-01
4.047085331215337645e-01
3.513328089514199393e-01
2.862478745841871008e-01
3.494635188986005003e-01
1.295889342040606462e-01
5.545749460592418467e-01
3.911504461803310684e-01
2.375229015841532065e-01
4.812071205276839403e-01
3.058401493492655110e-01
3.946964102186867884e-01
3.694882391882676198e-01
5.040740622838084661e-01
5.051191701414298185e-01
2.247879897680028771e-01
4.207495463620229414e-01
4.155895043634393882e-01
4.426868462731806120e-01
3.257936489189651730e-01
2.092140422321147608e-01
6.358303234363246181e-01
5.132951112670069982e-01
6.081259795326978690e-01
5.962328262948382029e-01
3.303014588038907795e-01
1.834522189800455172e-01
3.919944233479766837e-01
3.288818646004340596e-01
6.438124959091250377e-01
2.506210673125091604e-01
5.512239814216859379e-01
6.131438783978092610e-01
3.797091350392733933e-01
2.152402442776473745e-01
3.100865811366191327e-01
4.277967798154414525e-01
3.490451615463404100e-01
3.097920182640004905e-01
5.614428064853541622e-01
6.208456077679380680e-01
2.948402883264527596e-01
2.987805593561561612e-01
5.367173425003225473e-01
2.269088959173532760e-01
4.546629874335404442e-01
1.767902769067278834e-01
2.937971093787049015e-01
4.378634905143143907e-01
4.458609548831876657e-01
2.161918404388822879e-01
3.783339321635491026e-01
4.243029319949307432e-01
4.036135053923622373e-01
4.661654563885733737e-01
3.829299328722323148e-01
3.351971407836090155e-01
4.385340733605937458e-01
4.906909725155271240e-01
3.036507051593222983e-01
4.109684181600238850e-01
4.261766128694279843e-01
5.708513734056286371e-01
3.468731324253327974e-01
3.984215683004709851e-01
3.011596195026708389e-01
1.856892309938222019e-01
3.246604770438177856e-01
4.418836811714717538e-01
3.610415886895066984e-01
2.892732438500100201e-01
4.267573265802928062e-01
2.934635726108098530e-01
4.015211780415450793e-01
5.981120758338134280e-01
6.244864845036600665e-01
5.411271547625101652e-01
4.226067323442798673e-01
3.040217163907751319e-01
2.881853540644020439e-01
7.606206022802776412e-02
2.677739929476630198e-01
1.447993629898103318e-01
2.383044440406473230e-01
2.102687716684666364e-01
3.828938910072728352e-01
1.054028945736166512e-01
4.314155937220218728e-01
3.938206083247980382e-01
4.270971245617815049e-01
2.134841843941647221e-01
3.379522272440959596e-01
4.013490717388852325e-01
2.721442389631695269e-01
5.445722821736940222e-01
6.741161901873481133e-02
3.996198660891863153e-01
2.145988866298637610e-01
4.418836811714717538e-01
4.723301032950159573e-01
1.820705067870597160e-01
1.637487692420377117e-01
3.409313170166103912e-01
3.639500707774256383e-01
5.431970839752487956e-01
3.750585574482153683e-01
2.568644300187218898e-01
4.010845365819049602e-01
1.780591358151274450e-01
2.854255733827372743e-01
3.017296179830275538e-01
4.128511046675726881e-01
3.961256169581344744e-01
2.774129314512786548e-01
3.035152458575893775e-01
3.735405674296656819e-01
3.875106348248334442e-01
5.688169799762581302e-01
4.603611957025910972e-01
5.104670782745285296e-01
6.071598455567098762e-01
2.358794726585933810e-01
5.068153697920807499e-01
4.585995912686023357e-01
5.027800545815004352e-01
3.243161987487124809e-01
6.275175132771138031e-01
3.852291427189623030e-01
6.306330680702929570e-01
2.071983209164050266e-01
4.074333218314728500e-01
3.385307023052757658e-01
4.450587859379734335e-01
5.896498900125908271e-01
3.980817138798152799e-01
2.068782067960019122e-01
4.507190117909632421e-01
5.386202903570082023e-01
3.092325245365953879e-01
2.536364175348232441e-01
7.062544458774745737e-02
3.328984096823729977e-01
2.584358505705249831e-01
2.271499797169560797e-01
5.543116374927032908e-01
2.415474429423281888e-01
5.957701657036008902e-02
2.173527774738902019e-01
3.280337992830339444e-01
1.940184785667110334e-01
1.313114595559644882e-01
5.614428064853541622e-01
7.903867000325896786e-02
5.350211428496716159e-01
4.620519728277488469e-01
5.350211428496716159e-01
5.068153697920807499e-01
3.647657333608335661e-01
3.704196804344485616e-01
1.844456995513902575e-01
2.317122184743599378e-01
3.536770673355562611e-01
1.890120995280411276e-01
4.500662918890718789e-01
3.893944075005134065e-01
3.366037014891893331e-01
3.759245201139891912e-01
4.083450225695221536e-01
3.387467804357084389e-01
5.876798041808364292e-01
4.184980543238741024e-01
3.982522135890968484e-01
4.824298847472666130e-01
5.087418574586873854e-01
4.229926095275948206e-01
5.840151087654235074e-01
4.184293371954641017e-01
4.715822015963044844e-01
1.479175131531555443e-01
4.168934235318385584e-01
6.071598455567098762e-01
2.067400584745826830e-01
5.571189524257320613e-01
3.645866491814925836e-01
2.484377698987325078e-01
2.177018332457400784e-01
5.414633461461056951e-01
5.347793499745673307e-01
6.387109174039142800e-01
4.385340733605937458e-01
2.026516662291043547e-01
2.792871469907391990e-01
3.873928412941922694e-01
3.106510795525903035e-01
1.539210536778301830e-01
3.298076873951001908e-01
5.397411907150037047e-01
4.040244330427865127e-01
3.344376512820007585e-01
2.870141790892265510e-01
4.618013714928891900e-01
3.378791107709663288e-01
2.661937915840206226e-01
3.697185149393583670e-01
4.461842719003335511e-01
5.408405335978722084e-01
3.741636370203669792e-01
1.184250050424562883e-01
4.248019956929782182e-01
3.740882939545382424e-01
4.029901343770120881e-01
3.328984096823729977e-01
2.501541026371352228e-01
4.227177789518846707e-01
2.252357434032317973e-01
5.427562435663108031e-01
1.412811943577195473e-01
2.197503492514250312e-01
6.979781128819920188e-02
3.906166732260905605e-01
4.259083220652627455e-01
5.032062190400444779e-01
4.338611907612796581e-01
3.558561795200534950e-01
1.132791266763031601e-01
5.079203316461617934e-01
3.687650723962399568e-01
4.743025684066450309e-01
3.338265285013469752e-01
2.860934341565585237e-01
3.332746809818271649e-01
5.611186896534935409e-01
2.134024251408970507e-01
3.846930049324423506e-01
4.205791339619500135e-01
4.472551538521005177e-01
5.187632537428257251e-01
5.071083518483254782e-01
4.054130088829054346e-01
3.745982742139713495e-01
2.405177014014861225e-01
1.434377022920421130e-01
5.323416901738902141e-01
3.083729601806606269e-01
3.730159422977593620e-01
3.854144351027345428e-01
5.431970839752487956e-01
1.417938715362435376e-01
5.045417743883719996e-01
4.848824912608238891e-01
4.848207833988342208e-01
3.236243270070622846e-01
5.719053633121955471e-01
4.662578197609872910e-01
3.307804691358090521e-01
2.467796501594254344e-01
3.618415239741334943e-01
4.397311642034393286e-01
3.752486827085038112e-01
3.798182648979301912e-01
2.060120681605968618e-01
5.965007943667500756e-01
3.826826215354449667e-01
2.811252962394497623e-01
3.631657333868600346e-01
7.288024367005219162e-02
2.139280586941630646e-01
4.290155370620457043e-01
4.345435580640542583e-01
3.866343603178832300e-01
4.700196459434238250e-01
2.786580424628100072e-01
4.199914015261671518e-01
3.095837269716426587e-01
5.152987312145820287e-01
2.183123607646821895e-01
6.039438496262860001e-01
9.755181906030373218e-02
1.692353411327051638e-01
3.829688858756624126e-01
5.464253820849871435e-01
2.129510133537660943e-01
1.657726754842378525e-01
3.421901435772407574e-01
2.699953859676530454e-01
4.874498803845990214e-01
4.170797512573097832e-01
2.539451208613561217e-01
4.030848537468450510e-01
1.133944654669679086e-01
1.412294404730904118e-01
3.445583559703413457e-01
5.468967734411780413e-01
6.058051493793926295e-02
3.768449194477063724e-01
3.322365702297007117e-01
9.220909470358833182e-02
3.207496674671710957e-01
4.706456128486376511e-01
3.289340808081108181e-01
3.708985847480421039e-01
5.489970145402411905e-01
5.572679329096352774e-01
1.583591632702928409e-01
2.698830034252167054e-01
5.296266683501503758e-01
4.320420658773108658e-01
9.585975589129075436e-02
2.529773140825065658e-01
5.188113783707433146e-01
3.487511004937923209e-01
3.972334772700629735e-01
3.667621359550410354e-01
2.976870996587957507e-01
6.131438783978092610e-01
2.547578239744101580e-01
2.739665367053557010e-01
4.977557839111311777e-01
4.258800855396152052e-01
2.557332068019594340e-01
4.679366689930927747e-01
5.027800545815004352e-01
3.388427669324013958e-01
1.171169131175218286e-01
5.599614795783592891e-01
4.140765309865022670e-01
1.492840010107656101e-01
3.765930198041264609e-01
5.403169997271342062e-01
2.716032414837334930e-01
5.068153697920807499e-01
3.689264242831873930e-01
3.565146960258211983e-01
5.468967734411780413e-01
5.296691224528464748e-01
5.325870487986508195e-01
3.985454215059491823e-01
5.805346067810890354e-01
3.530684678949714272e-01
5.336821941873749475e-01
4.333277308729158173e-01
1.894682011708894165e-01
5.942221136173968521e-01
4.956772814538028538e-01
6.306330680702929570e-01
3.346150868763916875e-01
3.608409658480944415e-01
6.241533265953668197e-01
4.305253322798491822e-01
2.981527577102867088e-01
3.172719142677549176e-01
5.565968934569827109e-01
4.097809935899084377e-01
3.614073381899256532e-01
5.743002569836951343e-01
1.989393991440952525e-01
5.214418365486463980e-01
4.985417891154606540e-01
5.364851860673021111e-01
3.806246338318376443e-01
3.767290924530500296e-01
2.132802306025037287e-01
6.468868585294914597e-01
3.996901849258165940e-01
1.758300577138663945e-01
3.768233740295653944e-01
5.209279598039595616e-01
3.589028581573355248e-01
4.836891258707286256e-02
4.264926964225784212e-01
5.304443492314311337e-01
2.850959757153049279e-01
6.134831359976602450e-01
3.870936104970979508e-01
5.169177985842644540e-01
3.285994398905451863e-01
4.782086568417746042e-01
5.234416503344229143e-01
2.583529798918193232e-01
3.957554294474893153e-01
3.875352865798900037e-01
2.860848755674431088e-01
2.334954461772006939e-01
5.068153697920807499e-01
3.776916715930329072e-01
3.574698786206796375e-01
5.434876425773168540e-01
2.526267121061476773e-01
2.829401236394423758e-01
5.571193401201941509e-01
4.805301738794908184e-01
2.169590741633564412e-01
3.969810649967009941e-01
3.807784192325224248e-01
3.195523251945925347e-01
4.001459783879463550e-01
2.939480329082582721e-01
3.486512856961800910e-01
3.621186677241747254e-01
3.626522471430027594e-01
3.943199568171689151e-01
4.245528749767815135e-01
4.019706984409743278e-01
6.347883603732464852e-01
3.109987071952418636e-01
3.429660639443363190e-01
2.802688447686212392e-01
3.559728326261267228e-01
3.549946422878222929e-01
4.705655929195333154e-01
6.468868585294914597e-01
3.873979697747434447e-01
4.261122498720402163e-01
1.746875217182143614e-01
4.202280985577339645e-01
3.916155303816543642e-01
1.340988137329888752e-01
2.736033702062982687e-01
6.269637040028277486e-01
4.980284115923560018e-01
1.798620094411237935e-01
5.878411271725932918e-01
4.527860428576729879e-01
2.462517122666887937e-01
4.015578586149415319e-01
3.704158114931713763e-01
3.221673249652891591e-01
3.809840758655702597e-01
3.508054867964832124e-01
5.141780792720730409e-01
2.302673529322840362e-01
8.441361707069351683e-02
4.051346592263898039e-01
3.682316088699924550e-01
3.176020596965319354e-01
2.877326243239789472e-01
3.949649669001801811e-01
4.303327747305236706e-01
3.320834295659458313e-01
4.845758388691774887e-01
1.456479822009875691e-01
1.783268629551993667e-01
2.182677592712118919e-01
4.448237457025798758e-01
1.898596404704918084e-01
4.120176758035434816e-01
5.927785521007155056e-01
4.015578586149415319e-01
5.012704780524765980e-01
8.917097101753809762e-02
4.732065985695365629e-01
5.528196999183715432e-01
5.255574626150869566e-01
3.475642336632168150e-01
1.730603960203940250e-01
3.081555375923545337e-01
4.378265688011989121e-01
4.196850333052069004e-01
5.027800545815004352e-01
3.876188795344179816e-01
3.039732111362837830e-01
3.002458117023866224e-01
2.803306553228705478e-01
8.254431755937645387e-02
5.350211428496716159e-01
5.880443978736363819e-01
4.662679948177367861e-01
3.172719142677549176e-01
1.907708452090844664e-01
2.445870088933533582e-01
2.902048513994455181e-01
5.649933292077351510e-01
2.243424377799849156e-01
3.728665398193478087e-01
2.522977339183384293e-01
3.633630821329487115e-01
2.884006359140641185e-01
4.458609548831876657e-01
2.911625145112848312e-01
5.684794727181611274e-01
4.530214496878032238e-01
1.476407078302373055e-01
1.253962783410322301e-01
3.508743777117942497e-01
3.242102295873475759e-01
5.532668653597770936e-01
4.221805329620522684e-01
5.077079353658449090e-01
2.026317050573418765e-01
1.001330795385394351e-01
1.816980273057484663e-01
3.738307802249039025e-01
5.835404219023649919e-01
2.508645302880471162e-01
3.348723615450976410e-01
4.083366891134375121e-01
4.601434548514316547e-01
4.915629460045569665e-01
4.048635338871905964e-01
3.310757239339060520e-01
1.433419420717148840e-01
1.817835474031778698e-01
4.173368839446122136e-01
2.545488122771416006e-01
5.384273806605411883e-01
4.554110450415530531e-01
1.547724794643067503e-01
6.109705167719746699e-01
5.727461578513074469e-01
2.392028874990034526e-01
4.168903793507643396e-01
5.470104400526184518e-01
3.801319465123875196e-01
3.380352681757584077e-01
3.074127409877990824e-01
5.273554038944329170e-01
2.878495632637708690e-01
3.888109437574557847e-01
2.105126621473082660e-01
3.523928960549956302e-01
5.122835122678994768e-01
4.084342394843603063e-01
3.808376414844940050e-01
4.201978364584462167e-01
4.769195140293592816e-01
5.939332712649154633e-01
2.713728873622340831e-01
3.949896104440135391e-01
1.104292076558306274e-01
3.275790123713522850e-01
3.280337992830339444e-01
6.243987182728991669e-01
2.611401307631150415e-01
5.438418886737407254e-01
5.372945222670285625e-01
3.095826516132230699e-01
2.786580424628100072e-01
2.722740357430251668e-01
5.304443492314311337e-01
4.068569968634950795e-01
4.258479655211557247e-01
3.744452451812760874e-01
3.066103284083169789e-01
4.479921369106356632e-01
3.658541828608325996e-01
3.783339321635491026e-01
5.367173425003225473e-01
3.763478323677785231e-01
5.375688954048493118e-01
1.632227797998069829e-01
2.969889574529334109e-01
3.999659815155565679e-01
1.308766755997379794e-01
2.884201349706581041e-01
4.231243144294172254e-01
3.847183661787585418e-01
4.255255698240399398e-01
2.940088666387662419e-01
3.783339321635491026e-01
2.467051984790409602e-01
6.112637228179154114e-01
4.722429267132318698e-01
4.413177921484740529e-01
4.807328895434218596e-01
4.283787963044265457e-01
4.385340733605937458e-01
4.531389798356650345e-01
4.958306787442673391e-01
3.473790260941043706e-01
2.542496190022191516e-01
5.064972871698713019e-01
1.474427904309577042e-01
2.351652321937527657e-01
2.877545125347032995e-01
5.132951112670069982e-01
4.461637116210966370e-01
1.534882528879139840e-01
3.437027885052502119e-01
2.789069037459296352e-01
3.138387051871862066e-01
5.676563261764806523e-01
4.390837961481578455e-01
4.592153286527507761e-01
4.023157813320129561e-01
4.792867945005972463e-01
1.880531254268583974e-01
4.326030840858623439e-01
3.528144390500357885e-01
2.802688447686212392e-01
3.820252390099941331e-01
1.767902769067278834e-01
3.675502466625124587e-01
2.565680807373310057e-01
4.840378804777785149e-01
3.307497988659709454e-01
6.306330680702929570e-01
4.247441746498656356e-01
5.044456635799963173e-01
3.817124279930742548e-01
4.491313135805460877e-01
2.460000951307625139e-01
3.719848538044950859e-01
4.046444522160415058e-01
1.867383063273990174e-01
2.029979781011939932e-01
3.248498533158236667e-01
3.703083116142881215e-01
3.933075395021096154e-01
4.496799654790905598e-01
3.532864725446683285e-01
1.845823783756766201e-01
3.060777131326070655e-01
3.381253927945476745e-01
3.451326920553344224e-01
5.393505399007069157e-01
4.166283319865324297e-01
3.649839893363239218e-01
3.585419264622003999e-01
5.779901568006673429e-01
2.338892086293293537e-01
3.223903662129891656e-01
4.712638695192131744e-01
4.087995314429501703e-01
4.450398796485423580e-01
1.873446430043269051e-01
5.664412210532854264e-01
5.348177531378621730e-01
4.871122430981448814e-01
4.329957293958787146e-01
3.298122454554883176e-01
2.492940707611761564e-01
2.398297481802708631e-01
6.089063423794196517e-01
4.240522635151320330e-01
4.091946713017844961e-01
4.783873416854256821e-01
5.618644274350449441e-01
3.932067198170818290e-01
1.794786415660406254e-01
6.306330680702929570e-01
3.828200991350507176e-01
4.395894842245310352e-01
5.411859654139268283e-01
4.244409302276627161e-01
2.853886538523520144e-01
1.898718668778859586e-01
3.382295922814052558e-01
1.731054441420422640e-01
3.790636502644099681e-01
4.194387093939933586e-01
2.755825478369779979e-01
1.964222812074955249e-01
2.944625015885917185e-01
2.921382263074595032e-01
5.571193401201941509e-01
4.000708633654553315e-01
5.007273318310525578e-01
3.779491154753003013e-01
3.096785755383164584e-01
2.075866157332827977e-01
3.563992443568224089e-01
3.805666378584891540e-01
5.132951112670069982e-01
4.015578586149415319e-01
4.429415747351201360e-01
4.137775172151551550e-01
1.998398886521797757e-01
6.081259795326978690e-01
7.001549039927536244e-02
2.058922326338690767e-01
1.920129817829690222e-01
2.446525427695925847e-01
4.135103607031253570e-01
3.298122454554883176e-01
4.751904714607893543e-01
4.747048161705176295e-01
3.956171106652341951e-01
3.094488432870494687e-01
3.328984096823729977e-01
4.969811249542211984e-01
3.255187244858557261e-01
5.184017713760390444e-01
4.757485405929403055e-01
5.794690473649833917e-01
5.492411443918298053e-01
4.069737476727303682e-01
3.736072363256170981e-01
5.431970839752487956e-01
2.893545740408809963e-01
1.801745384700877139e-01
6.056102681058733728e-01
3.817537936409694521e-01
3.100865811366191327e-01
4.728373552456189288e-01
2.620729718669410069e-01
3.758583187380620805e-01
3.127873703120779836e-01
2.632164040292558904e-01
2.592683495914822611e-01
5.409843952676008927e-01
4.431371250154505503e-01
5.923191657607110860e-01
5.158742789227238612e-01
1.017393475861158442e-01
4.243046257935781385e-01
4.261766128694279843e-01
3.638830633504117618e-01
5.027800545815004352e-01
2.157375843464011678e-01
6.006801040817836279e-01
5.346560273804106256e-01
3.632585640714191544e-01
5.235639241786806952e-01
3.770552645852576767e-01
5.135677136909250207e-01
8.200055767894313952e-02
3.783339321635491026e-01
5.858811213968543319e-01
3.932067198170818290e-01
5.347793499745673307e-01
3.204172024198119750e-01
2.237490672481152743e-01
3.784192497867661098e-01
2.118705470336218477e-01
4.888347029681422429e-01
3.982526216557076837e-01
3.247065215298396978e-01
7.709085300880273717e-02
5.701252578490191292e-01
5.164103048703051480e-01
4.127728350802222779e-01
1.494327367170660281e-01
3.530684678949714272e-01
3.776790606093626268e-01
2.579198453520591960e-01
4.067795029768875859e-01
1.378543336960135479e-01
3.340363001005491883e-01
5.423199798229375590e-01
3.102689597834323854e-01
3.522784941752911125e-01
2.041873153666156071e-01
5.008133157066829710e-01
5.628797537058446432e-01
3.857626115461260663e-01
5.923191657607110860e-01
4.271852197611678004e-01
3.387467804357084389e-01
1.259537904612200443e-01
3.688158630732067400e-01
2.937971093787049015e-01
1.787474980384093359e-01
1.415638474227648158e-01
5.164103048703051480e-01
3.846670508150237255e-01
1.850768140620295266e-01
2.261405582510876699e-01
1.708322588837350164e-01
3.904849269563336334e-01
3.768480862774308271e-01
1.973381832854519957e-01
2.273224840040919681e-01
2.014380375669908296e-01
2.825291447468277761e-01
2.855037369517628987e-01
3.204167798016663848e-01
4.386561824606900473e-01
3.757764540901068484e-01
5.579003338798879108e-01
3.903108255343170629e-01
2.433773506175022638e-01
2.284421597464968701e-01
2.833347051350996182e-01
4.726446763988570998e-01
4.855194784590783352e-01
4.057743155918795419e-01
4.466694527066322196e-01
2.938074854545133507e-01
4.385340733605937458e-01
3.064672194686940965e-01
4.377216000578496025e-01
2.187098397827310359e-01
1.420120148412788996e-01
7.422654875681312936e-02
6.404071170545652114e-01
4.277967798154414525e-01
1.147250314058408244e-01
2.552453709642021895e-01
2.419166787825993148e-01
2.203923534031106413e-01
2.167772351706040990e-01
5.135068649931241458e-01
1.187585975219416085e-01
3.082822886320429889e-01
6.468868585294914597e-01
2.538706029714885015e-01
5.443951167181522166e-01
4.830691979044147710e-01
3.217934299314632596e-01
5.609152545201075979e-01
4.042040722592394886e-01
5.158742789227238612e-01
4.985710567212862654e-01
3.149831666627070925e-01
4.786910676594899883e-01
3.315561469080320900e-01
3.145912553736804895e-01
1.579649199938795157e-01
3.328984096823729977e-01
3.764662584744241647e-01
3.083729601806606269e-01
4.887069792622938391e-01
5.836977624508734586e-01
5.876900591670876084e-01
5.002540750720433360e-01
2.476750253227354148e-01
2.467051984790409602e-01
2.463946705979267737e-01
2.157567838492578660e-01
2.873035990336987311e-01
4.089999872535311498e-01
2.485216486869792074e-01
3.576812375844463654e-01
8.655660091253891686e-02
5.064027418987578910e-01
3.930034702157642612e-01
3.464034435987101146e-01
3.735782988317516984e-01
5.510539658627541248e-01
2.976451667089234920e-01
2.558101580202595260e-01
3.753962274756227346e-01
5.840151087654235074e-01
2.981874438919031589e-01
4.902810022521512656e-01
1.359995264739336518e-01
6.151131744969836612e-01
2.252783529994709100e-01
6.098137719301949256e-01
1.331045058029528272e-01
4.469280390922583113e-01
3.809843629465634041e-01
4.681042435320666439e-01
4.102414710871416514e-01
3.387467804357084389e-01
4.796506734012213058e-01
4.477756238971923319e-01
4.015578586149415319e-01
2.266391175305762506e-01
2.804472078154747750e-01
4.057916106106532750e-01
2.034217541331843904e-01
4.251178098348563639e-01
2.974224595228860957e-01
3.659876033886045321e-01
1.807919018843073544e-01
2.777899736702570399e-01
4.297359256542668260e-01
4.533605145837580341e-01
2.445462883981462110e-01
4.819747628384665750e-01
4.283787963044265457e-01
2.058922326338690767e-01
2.161918404388822879e-01
4.911468563011119892e-01
3.458358522540231905e-01
2.931566693091282039e-01
2.583810940806352541e-01
2.522742138569289971e-01
3.286423126616845880e-01
5.757172302478604786e-01
3.131893353604178198e-01
2.341414535600414848e-01
4.943751597117665986e-01
3.330855464731775628e-01
1.021302400598294025e-01
2.883977625056444172e-01
2.338348474214877459e-01
2.544874482471307098e-01
4.754044659153822683e-01
3.646544379219842091e-01
5.387208323156009726e-01
3.422565606277010453e-01
3.796557095990571451e-01
4.259508319834886536e-01
4.309341031849412973e-01
1.998419247237129270e-01
4.351624517800342096e-01
4.477756238971923319e-01
2.277014629284089542e-01
2.394189928615940710e-01
3.655355915585433157e-01
2.614185751085462694e-01
3.360389108991878593e-01
3.487791238394554738e-01
4.118976475729195230e-01
5.092546136312572358e-01
4.973073893847351212e-01
5.254625026252326414e-01
2.969194137973483749e-01
2.823855047801253071e-01
2.272065448586783609e-01
2.786580424628100072e-01
5.399601497375025039e-01
1.498326702672122535e-01
2.779880602830981373e-01
3.632431142911940469e-01
4.366263824311492625e-01
3.783880816465597374e-01
5.140288237641627012e-01
4.117097924559949274e-01
3.485995588358298258e-01
3.083729601806606269e-01
3.572806195924682071e-01
1.554727113745018041e-01
5.613941817003986756e-01
3.946308446408896553e-01
6.134831359976602450e-01
3.960516051498582657e-01
5.554231404695433305e-01
4.042248004008239803e-01
4.168934235318385584e-01
3.873928412941922694e-01
6.360853209977179734e-01
5.829143806803842587e-01
5.536884863094678755e-01
3.658665940727183763e-01
5.311787072970329815e-01
3.786516005867152646e-01
3.122215193309497705e-01
4.252051845253924101e-01
4.805283779082814011e-01
2.321376454819097102e-01
4.244387434438051665e-01
1.018449582600276515e-01
4.369400895107924399e-01
5.567580065948203316e-01
5.403587408046265361e-01
6.079036832196387241e-01
4.380653287206986435e-01
4.408720299947181398e-01
4.886423438393872609e-01
4.066823854101847546e-01
2.678247077487699301e-01
3.275790123713522850e-01
1.226874434141190934e-01
2.702258102483379720e-01
2.426944428291504530e-01
3.855146818730504354e-01
3.358931592969109370e-01
3.153885711741692965e-01
5.549630650104279139e-01
6.243987182728991669e-01
1.988409165394913192e-01
2.757659933191691226e-01
3.738781388184552190e-01
2.039802394392298268e-01
1.384839662367758906e-01
3.495485221047268665e-01
2.343577320858958868e-01
5.022546491755116582e-01
5.189750074689428727e-01
2.797946437189449687e-01
4.256292203022784548e-01
1.964156789682905691e-01
3.561449289505913551e-01
2.839760388767904042e-01
3.220359016356646453e-01
5.599614795783592891e-01
3.979994384628213755e-01
1.893795156988890560e-01
6.015514212965953345e-01
3.647778799426655838e-01
1.944610754498354854e-01
2.649400654402672695e-01
5.300042515744036731e-01
3.977389877137724183e-01
3.529064920590009313e-01
3.860208584652338182e-01
4.588786350333265984e-01
3.072166259000405075e-01
4.268946563778811543e-01
2.821591134573023241e-01
3.969810649967009941e-01
1.376676646331123910e-01
6.081259795326978690e-01
5.147030378420046626e-01
2.899537654984779000e-01
4.695936838551525438e-01
3.298122454554883176e-01
2.786580424628100072e-01
3.999715138011976645e-01
4.673627695580823693e-01
1.806337784632280896e-01
4.013257021819210957e-01
3.946964102186867884e-01
3.605789559020947666e-01
1.840211900181078220e-01
3.780310717979246116e-01
3.402320274222312979e-01
2.276044692576307538e-01
3.449239370887150491e-01
5.706547624223529125e-01
5.326764991616824707e-01
5.131186231854087954e-01
3.901609965919971557e-01
2.889108723844487914e-01
3.965930661996162621e-01
4.313180687123454038e-01
1.607272356568410498e-01
4.173188669618347335e-01
4.218005723288358877e-01
1.430564704783238716e-01
1.289996474564851225e-01
3.600373714761098132e-01
3.962463788979295187e-01
5.525889600772611043e-01
6.193782281952030511e-01
1.993557660542776278e-01
2.630900008751880237e-01
2.123598297096935539e-01
6.176485630288240936e-01
1.569791147334895776e-01
3.612446236556863810e-01
2.440815236030111635e-01
2.995683183322442322e-01
3.632585640714191544e-01
4.296997276721271630e-01
3.844525360391231605e-01
3.814793666624701207e-01
3.134836373448058877e-01
5.426311378894468351e-01
3.112130046335766509e-01
3.744752758072214527e-01
1.751222359310135313e-01
4.532256976283456917e-01
3.580360186576521109e-01
3.019598345925234018e-01
5.276948201060129851e-01
1.474825793161208820e-01
5.431970839752487956e-01
5.323955464434753093e-01
4.018342719818767117e-01
2.709837815051718835e-01
3.020558371998441349e-01
2.951288483791594808e-01
6.263137502437569060e-01
4.225152297990872330e-01
2.436760220120241238e-01
3.387467804357084389e-01
3.979398314266945902e-01
1.316400470350651275e-01
4.896330025563211952e-01
2.965146337546069044e-01
3.635589590952347239e-01
2.680545775120404817e-01
3.456652656512911315e-01
4.422514198666939178e-01
1.906443463267057103e-01
2.578786941314227810e-01
3.370828336382415968e-01
3.624111225991026308e-01
5.660779688041124302e-01
2.143664445710036781e-01
2.545647046319028939e-01
4.970148219432917736e-01
3.644038610129149980e-01
4.289717738409177805e-01
3.977389877137724183e-01
3.778336053922833893e-01
4.086930755327471965e-01
1.998911104703339214e-01
4.274221828779418697e-01
3.295516076152780194e-01
3.873387352579068521e-01
6.274560775288243741e-01
3.824842251827922923e-01
3.077982007499452388e-01
1.751222359310135313e-01
5.438418886737407254e-01
4.717874451736439045e-01
2.552453709642021895e-01
4.906103620019901523e-01
4.244409302276627161e-01
1.783167358145750780e-01
4.385340733605937458e-01
2.812335678693736463e-01
4.421627633938235991e-01
4.256292203022784548e-01
5.367173425003225473e-01
4.334165257932455773e-01
3.449237744233442093e-01
5.702189724353760036e-01
2.389797487560205158e-01
3.272044173047642945e-01
3.979657264025183161e-01
2.872506853917483061e-01
4.081382993089755495e-01
2.721442389631695269e-01
5.366822978312529857e-01
3.861376289190410205e-01
1.762511136482498575e-01
1.333796962173300349e-01
1.651663180194031799e-01
2.827332041410554053e-01
2.737725956168919894e-01
3.827916521318466825e-01
2.725382078392128427e-01
3.372179632437724561e-01
4.938635634004575059e-01
2.583774645121050817e-01
5.505194956821189978e-01
3.722302784308598178e-01
2.821172974394059452e-01
3.980688466851934892e-01
3.328984096823729977e-01
2.964552947785386028e-01
2.740782512284065109e-01
5.154062529207674714e-01
2.570332442445187882e-01
1.541391811840563952e-01
2.344003454239582396e-01
3.790918548806205268e-01
3.809806633227872941e-01
4.725035854452884765e-01
3.280337992830339444e-01
5.346675370207777389e-01
3.574431427740251688e-01
4.599785682927487462e-01
4.529995690646648754e-01
1.795067771664005662e-01
2.887942576320636778e-01
4.887069792622938391e-01
2.391229408472706486e-01
2.623913564334969806e-01
2.073448973828244390e-01
3.926967608652531805e-01
3.946936162200710974e-01
3.622022432168609529e-01
4.240537235537673033e-01
4.085464017789239288e-01
3.698724114514050365e-01
1.770427020685921282e-01
5.051191701414298185e-01
3.270117373146675943e-01
5.122835122678994768e-01
5.367173425003225473e-01
1.005382575657568778e-01
3.801568730835722110e-01
4.884115500536586607e-01
3.725629293221058846e-01
5.263170550168339012e-01
1.029536099675686656e-01
4.077669480913067579e-01
4.873433994249683487e-01
4.482935582334107161e-01
4.467609571227364462e-01
3.600373714761098132e-01
2.058655842003628000e-01
5.400538165116738343e-01
5.355276493459362186e-01
4.449334844390273047e-01
2.725459544526880329e-01
4.035266310667432466e-01
2.698354892341828237e-01
5.187632537428257251e-01
3.126432388153188024e-01
2.957790633382795242e-01
3.674231093835153561e-01
5.047376623682486851e-01
3.114846131876698454e-01
3.062702049921470770e-01
5.616306268864743600e-01
2.966326880695391299e-01
3.849409928116570567e-01
6.341341237856737978e-01
2.299241855429189907e-01
4.592185627313537521e-01
2.636952634409707175e-01
4.560568458965396088e-01
4.095706050056319159e-01
4.946241766963082598e-01
5.805346067810890354e-01
3.796177106566104298e-01
2.451555712411676580e-01
4.043216439829149800e-01
2.634292371674344935e-01
4.679055280850443754e-01
3.094488432870494687e-01
4.274433802025832119e-01
5.631282982852038321e-01
5.503216301486668627e-01
3.710393497472318503e-01
4.080506996932877217e-01
5.254574522032715578e-01
3.062702049921470770e-01
3.575346139294784953e-01
4.043077165011059737e-01
2.712494350515388120e-01
6.974017317866658405e-02
5.350211428496716159e-01
5.185347249034842898e-01
2.745531555329704387e-01
2.945014601008170696e-01
4.040244330427865127e-01
4.985212367356283147e-01
3.969810649967009941e-01
4.202252020747376804e-01
2.584609994683730316e-01
2.558127945504810596e-01
5.226868241839508489e-01
3.839803455957941924e-01
2.558101580202595260e-01
3.907502985147446317e-01
4.079369457726386705e-01
3.041153500082350303e-01
5.367173425003225473e-01
4.858923018763078860e-01
4.276496837552912211e-01
1.163018797840532220e-01
2.907061334789688978e-01
2.036341538435058884e-01
3.987920821812531713e-01
2.751590093068229659e-01
4.503901188335719397e-01
2.662142615398024326e-01
3.129374348853216636e-01
4.205051726682873525e-01
3.449955821938002209e-01
4.725035854452884765e-01
4.299516479996743912e-01
3.846803527887165397e-01
5.582652799277083577e-01
4.457484316066221419e-01
3.745698745032552957e-01
5.296266683501503758e-01
1.457237194055295559e-01
2.412748615141959985e-01
1.762717806733882786e-01
5.699006023164152612e-01
5.364749002110092979e-01
1.307882258626009153e-01
2.278111628954101742e-01
3.808443609674933561e-01
5.595965335305387311e-01
1.491706151400067348e-01
5.840151087654235074e-01
3.909069343532121099e-01
4.274368020773501864e-01
5.047746164065591845e-01
3.988893317511643111e-01
5.365392483450436290e-01
4.254960532830301401e-01
3.893078895835567765e-01
6.468868585294914597e-01
5.987989072356373343e-01
6.358303234363246181e-01
6.143658662930118197e-01
3.737115326841204399e-01
5.334168997520982725e-01
2.508645302880471162e-01
3.607970740537628784e-01
3.062702049921470770e-01
3.595237200723328530e-01
2.795538802609862095e-01
3.494529899277374341e-01
2.149548080236979575e-01
3.583113740240699285e-01
3.212989982987521365e-01
3.895786135082753843e-01
1.825002826247155430e-01
3.477778478030545406e-01
5.350211428496716159e-01
3.902912626588491696e-01
4.126583090967140821e-01
2.997928366646630538e-01
3.176702338448159080e-01
5.492411443918298053e-01
3.553357535453240956e-01
3.779063007024209275e-01
2.829505020019205674e-01
3.920628043359334902e-01
1.886667373514744062e-01
2.880270741103844734e-01
4.632040594114296139e-01
6.341341237856737978e-01
2.474820333061573951e-01
2.563289037084809374e-01
3.198397189417873099e-01
4.938586756438672620e-01
2.939480329082582721e-01
4.843876447014927034e-01
3.591174134696543674e-01
2.098133095655715374e-01
4.469732113177102284e-01
2.715308833534445521e-01
3.996901849258165940e-01
2.701640038516700537e-01
1.416640319332998221e-01
6.155232858063073298e-01
3.059327445068403817e-01
3.664328658010805317e-01
5.281816562533313553e-01
4.124122396294799264e-01
4.345183186348719473e-01
2.799061077477186243e-01
2.558101580202595260e-01
4.469732113177102284e-01
5.532113175782144010e-01
4.535681931525624155e-01
2.158895830264950522e-01
3.158703214561455752e-01
5.987989072356373343e-01
5.467967412020604545e-01
6.201000794245478120e-01
1.141384120585284545e-01
1.867947294877177478e-01
3.360405227934823991e-01
4.015489987051167886e-01
3.315591837093993521e-01
2.813069870144265239e-01
3.060860241377523216e-01
3.925337230790629794e-01
3.184831329878312078e-01
6.222253566470645758e-01
4.830691979044147710e-01
5.184633985809502521e-01
4.252319785781858985e-01
4.315779733630822901e-01
4.221282795440223778e-01
5.624788212967758438e-01
2.730936896045418893e-01
4.104415700733021199e-01
4.661603168904315808e-01
2.979768325652050742e-01
4.814935252902119434e-01
3.762936287322706241e-01
3.050547649757731072e-01
3.862940932572772601e-01
4.385315401462690499e-01
2.304476287783832900e-01
3.324833050138925050e-01
5.357819471863860539e-01
3.280337992830339444e-01
3.172719142677549176e-01
4.421781659855002489e-01
2.183728155316489172e-01
3.861470246371639936e-01
1.908721355323225732e-01
3.917408698185304017e-01
2.500749471731358864e-01
5.026519451560410578e-01
5.955528410783056392e-01
1.934623686947775090e-01
6.241533265953668197e-01
3.606951341084367879e-01
4.596821587264280362e-01
5.508463468513027372e-01
3.898074160204100247e-01
3.576530603043332479e-01
5.183019472238686864e-01
3.747474485451056103e-01
1.859359572549722228e-01
2.283948820179030337e-01
4.718143580293249206e-01
2.485839106506250451e-01
5.570843467972544927e-01
2.278053451918085059e-01
2.505856920117817133e-01
4.361188998387200977e-01
1.847850849968681597e-01
4.138145247823257766e-01
2.113999318978714292e-01
4.573597104944259750e-01
4.105903766663647758e-01
6.177712451475717570e-01
3.049071588843291214e-01
2.083076274430107622e-01
4.157778601570996657e-01
1.597225210927735450e-01
4.797195900935367630e-01
5.068153697920807499e-01
5.293406602208844403e-01
2.148530935232212669e-01
3.365123880100092668e-01
8.372729382925174491e-02
5.502782651198940833e-01
2.607973505485144949e-01
4.228323223972346168e-01
2.979768325652050742e-01
4.070892200256964188e-01
3.377745426105814297e-01
6.391534944345877989e-01
2.284817395053174716e-01
4.107254750900354301e-01
4.482694349069454298e-01
2.861541698720859173e-01
3.487332268436323934e-01
4.152413418479454221e-01
5.672684456625857186e-01
5.132951112670069982e-01
5.813703895637465369e-01
6.299045168985812904e-01
2.163460909689820799e-01
2.046955607712853675e-01
2.184278641955689215e-01
2.311981540148745351e-01
3.945657157130752490e-01
3.083729601806606269e-01
2.113890257304391895e-01
4.051346592263898039e-01
5.448364668465653926e-01
3.062702049921470770e-01
4.177112283090439471e-01
4.179376676519316880e-01
6.134831359976602450e-01
2.213637418343651353e-01
3.062702049921470770e-01
3.062702049921470770e-01
2.088306867258361565e-01
1.597287492535953424e-01
2.214263432645292851e-01
1.725371336397190369e-01
5.399713717771789101e-01
4.359535655085243211e-01
5.986181394437232184e-01
3.509084039813087919e-01
1.053773786652737326e-01
4.146490430366117086e-01
3.540140625875083935e-01
3.172719142677549176e-01
4.102626006432067429e-01
2.657365995115202884e-01
6.202887982790006305e-01
2.378719249268684555e-01
5.587189766176170469e-01
3.396593453270441154e-01
6.309730171798642040e-01
3.881507640112636937e-01
4.498745250077820779e-01
5.115029772973093136e-01
2.039005036808116955e-01
4.734074613033934509e-01
1.907708452090844664e-01
3.907713371237174216e-01
5.164103048703051480e-01
2.351285024569567117e-01
4.106819373137569618e-01
5.388810783898452250e-01
3.328984096823729977e-01
5.026519451560410578e-01
3.035013077739479037e-01
5.160797709155497959e-01
1.840211900181078220e-01
3.062702049921470770e-01
5.068153697920807499e-01
1.616275394249781783e-01
6.214311255640682097e-01
5.491838762030989418e-01
4.347397785465004216e-01
3.745009218478610458e-01
3.062702049921470770e-01
3.062702049921470770e-01
6.170626524451945372e-01
3.472005893541211807e-01
2.016505477650370748e-01
5.929798396354482026e-01
2.823916145538177824e-01
8.408194508197944228e-02
1.945234765885174300e-01
1.714016904778728478e-01
3.172719142677549176e-01
3.535133503045108094e-01
2.025685674031214023e-01
1.649126744783204201e-01
2.419273849703680035e-01
3.189098006176597777e-01
1.279930657226273638e-01
2.470142625796966918e-01
2.616029678956510174e-01
5.183026132684031007e-01
4.826593772100284951e-01
3.403355419475592725e-01
5.099935085535822754e-01
2.018476140034720645e-01
2.940407620438925673e-01
3.935144463198734233e-01
3.093851746057493801e-01
3.524889921039575102e-01
3.085155867369057670e-01
1.593361946827922537e-01
3.717008614785531906e-01
5.383418656561489435e-01
1.118903665513902856e-01
4.337802815255217270e-01
4.001093538379587589e-01
5.132951112670069982e-01
4.435023846488453381e-01
2.800563582687887743e-01
2.738918267352290492e-01
2.560884441697198755e-01
3.754753783662826416e-01
4.294169402132643198e-01
2.380189268178008744e-01
5.064972871698713019e-01
6.343163061426769500e-02
3.110455660475133777e-01
2.872802184591440322e-01
5.084807023114159552e-01
5.187632537428257251e-01
6.468868585294914597e-01
6.423100649112508664e-01
4.158714927351642165e-01
3.573419300936190313e-01
1.167541903363353978e-01
2.713728873622340831e-01
2.612481518987617712e-01
4.125345506840909504e-01
4.214834748455304481e-01
2.080259630508136948e-01
3.719766077615586641e-01
5.122835122678994768e-01
5.321405488820819540e-01
4.764870979196586531e-01
4.040244330427865127e-01
5.198610977136732814e-01
4.340839980410883814e-01
3.349676492563029018e-01
5.942221136173968521e-01
3.245146198389742276e-01
5.702189724353760036e-01
3.939690337715892055e-01
3.901947947142344053e-01
3.726911391531551598e-01
4.692096906798323697e-01
2.521096590732387899e-01
3.176520257172352757e-01
5.549630650104279139e-01
3.805707704943643299e-01
4.477994357168739725e-01
3.055661285664653670e-01
4.013156248283336058e-01
4.117212853620970670e-01
3.704656066372807310e-01
4.389050383389538901e-01
3.846033506400448054e-01
6.062230316760122140e-01
3.387467804357084389e-01
2.861869261044334700e-01
3.083729601806606269e-01
1.730194807425000092e-01
3.338278668267878335e-01
2.628784243659764708e-01
2.963525378684745415e-01
1.956368243881478619e-01
4.379097840394600150e-01
3.060298161322691501e-01
5.691551737549778167e-01
4.222521646589375566e-01
4.501872930976743570e-01
1.635380936807075691e-01
2.996301247289121505e-01
4.797725996716771801e-01
3.710030765128694563e-01
2.424216280567642601e-01
5.791039819945777989e-01
4.973090502345501873e-01
4.374097130633877173e-01
2.343002399074691211e-01
5.572501528050559649e-01
5.023992644068624447e-01
4.099313594838614461e-01
4.329759481434496959e-01
6.131438783978092610e-01
5.301196487790865719e-01
3.653676549981722532e-01
1.599566489469369246e-01
3.576830717534345422e-02
3.052348721280085386e-01
2.614736489258335239e-01
2.874869003517560584e-01
3.969810649967009941e-01
3.996198660891863153e-01
2.084036259966896565e-01
3.604305576874615169e-01
5.630353596074688660e-01
3.083729601806606269e-01
3.475894065710972702e-01
5.429649275422283594e-01
3.119120323003298778e-01
2.464605097445775883e-01
2.755536996271723549e-01
2.716354938172198530e-01
4.571014077597884140e-01
5.223540203976501095e-01
4.814935252902119434e-01
4.276763861334156869e-01
3.858358132496736426e-01
1.192042022073033641e-01
4.213270892934610767e-01
2.613819336164146523e-01
1.756115534268291312e-01
2.687951055323250515e-01
8.074317483844119236e-02
4.162316500807704545e-01
5.527975440633469129e-01
2.392929987095928079e-01
3.127873703120779836e-01
6.856640990121333490e-02
5.261092052596169077e-01
4.415488044151033020e-01
2.657076846764733213e-01
4.641876562685389174e-01
1.512080767604838394e-01
4.226447922992330741e-01
5.288678814797925787e-01
5.388556202718832733e-01
6.356320186544015538e-01
1.539772446372297821e-01
3.263535410466044118e-01
4.229343220038532802e-01
2.784474287455026564e-01
4.025284425542022260e-01
2.527760984739314543e-01
3.028942736627463495e-01
5.571193401201941509e-01
2.222090809217258101e-01
2.852394388808598968e-01
3.208764396065849067e-01
5.051191701414298185e-01
3.580346059115048774e-01
4.244387434438051665e-01
6.408619065647351842e-01
4.388424661157988016e-01
4.177331910444142538e-01
1.796525680578213713e-01
4.143467812587640076e-01
4.539242879175394707e-01
3.462765587888412822e-01
2.500462894844961981e-01
3.637337584712226901e-01
5.000219186390230108e-01
5.706547624223529125e-01
4.150345944734268877e-01
3.863166568670940992e-01
1.092674560466941197e-01
4.748766367433983060e-01
4.432023966522452563e-01
2.974460895523226012e-01
3.011596195026708389e-01
6.134831359976602450e-01
5.336079352108866747e-01
1.140802226537070696e-01
4.494005393208204135e-01
2.668051461498354149e-01
4.521412205933997841e-01
1.726851407298855556e-01
6.243987182728991669e-01
4.134672334880065137e-01
2.495393992434718211e-01
4.236804905108338959e-01
2.895534172295907149e-01
5.879524718787818571e-01
3.865366927031660405e-01
3.820115377006113033e-01
3.244477115702758541e-01
1.997174691886346998e-01
3.788249060397798629e-01
4.607610128404591165e-01
1.626463654438299322e-01
3.717604286018988402e-01
2.383450127841347244e-01
2.538261150839289382e-01
2.815194967967146189e-01
3.693801627567887547e-01
3.996198660891863153e-01
3.576453240848114778e-01
3.916340071929305666e-01
5.782960269433802258e-01
3.064682084533609241e-01
3.073051968306743098e-01
3.789323759840773076e-01
2.341225119311688418e-01
2.342728453959871948e-01
4.448248662746968063e-01
2.760059257805528854e-01
3.062702049921470770e-01
2.102533405973576186e-01
1.287042605512402904e-01
3.029954563565969219e-02
4.598008369903833215e-01
3.184390690696311532e-01
3.635392303322704244e-01
3.713829270741192956e-01
2.602670883599166873e-01
3.683703190885329048e-01
5.367173425003225473e-01
2.853944769608094401e-01
2.970423169954850562e-01
3.601238716194060663e-01
5.350211428496716159e-01
4.127920206551814464e-01
4.001843027650742735e-01
7.944711485003262685e-02
1.605463851290578337e-01
2.939037675552412243e-01
4.973603659101036301e-01
4.038678219419281623e-01
3.652504450880149078e-01
3.019513190343750542e-01
5.614428064853541622e-01
5.367173425003225473e-01
9.501732804634020757e-02
3.544507400102273054e-01
3.530717134069231711e-01
3.937211008763880637e-01
5.400538165116738343e-01
3.919995178403001823e-01
3.995467400536195646e-01
4.201077065387407439e-01
3.965263560396698472e-01
6.356320186544015538e-01
4.032132014017165145e-01
2.474065040846231134e-01
5.350211428496716159e-01
1.751222359310135313e-01
3.358931592969109370e-01
7.094534251391969304e-02
3.053446763463624758e-01
4.997392478003173655e-01
3.991765023401794288e-01
3.727826587444313389e-01
3.178313418896163700e-01
3.446344034343925555e-01
2.083074875403979065e-01
4.720328413205762685e-01
4.129357206989346385e-01
5.367122920783614637e-01
6.129443881854998999e-01
4.914861082882281407e-01
2.441788464502938072e-01
3.954026125196590802e-01
4.722827972948688280e-01
3.021692870973559653e-01
5.529657805932133297e-01
2.973034113381289867e-01
5.300342671291166097e-01
4.272957794120554320e-01
1.616702699028954304e-01
4.101769227655646111e-01
6.468868585294914597e-01
1.824339754383427492e-01
3.387467804357084389e-01
3.328984096823729977e-01
6.306330680702929570e-01
3.256612875350455849e-01
4.814115855979130831e-01
4.168113331272152999e-01
4.104127848508541399e-01
4.444885265693861442e-01
3.662669795519588045e-01
4.240482066511772063e-01
5.571193401201941509e-01
2.834923834870939352e-01
4.947523428727532147e-01
2.301065691788299339e-01
4.545649910580769615e-01
3.122771784317534549e-01
3.006271505738249417e-01
5.349758778062158049e-01
3.937337089497513487e-01
1.089604135699763082e-01
5.132951112670069982e-01
5.791039819945777989e-01
3.989407892002422296e-01
2.040328627780615689e-01
4.451405331342551674e-01
1.484755380070649777e-01
2.611980474305989897e-01
4.466113263931080213e-01
5.132951112670069982e-01
1.991085951398008091e-01
3.213726138895244278e-01
2.036153475439066163e-01
5.082218045229458525e-01
4.023157813320129561e-01
6.127027731509384623e-01
4.874503748249626733e-01
5.386202903570082023e-01
1.177935866126193637e-01
2.695317409131187114e-01
2.863211221250692162e-01
3.460905484947071620e-01
1.070159380236617719e-01
3.125625587662335114e-01
2.906543234669913822e-01
2.099179815615510314e-01
2.079974197996010687e-01
3.795660163293343436e-01
3.752901731877794633e-01
3.964134768741396364e-01
4.202252020747376804e-01
4.163408402243569673e-01
1.621368627865559242e-01
3.080937311956866154e-01
4.571014077597884140e-01
3.585419264622003999e-01
1.860336320415172662e-01
2.151923812655371082e-01
1.786631409204267884e-01
1.888744706964132491e-01
2.057449905386734279e-01
4.053391168129725219e-01
2.777106245669057061e-01
1.409673432178820962e-01
2.924717857341729843e-01
3.760330222817996337e-01
3.765565454467656448e-01
9.100315631972254182e-02
3.127873703120779836e-01
3.669101147736542612e-01
8.614958804072631038e-02
4.117212853620970670e-01
3.422999114167577517e-01
3.039696153481021845e-01
4.158814534685944531e-01
2.946288310358867735e-01
3.969810649967009941e-01
5.792954467236419713e-01
1.573472106688904304e-01
2.676658482279102858e-01
5.695701228259757443e-01
5.987989072356373343e-01
6.187657739491176923e-01
2.854153118482954388e-01
1.998419247237129270e-01
4.801293076799053039e-01
4.358882004300884683e-01
3.443692776929797028e-01
3.699731348884243154e-01
2.150334797531057163e-01
3.783339321635491026e-01
2.839701207675988104e-01
3.604108886897293695e-01
5.060400340848644207e-01
2.512055263805451077e-01
1.472054453363958459e-01
1.997328282296466084e-01
3.083681585899440969e-01
5.391132186082983058e-01
3.118099658605907321e-01
6.134831359976602450e-01
3.712107551856134169e-01
4.368221295729571851e-01
3.314407807812698725e-01
2.195132861448191586e-01
6.468868585294914597e-01
1.149430192173332144e-01
2.674266642351114664e-01
2.438024488643057430e-01
1.311772772553472799e-01
2.887589080044011269e-01
2.527451576494861851e-01
5.051191701414298185e-01
2.338396551446367544e-01
1.148119873239940442e-01
4.363859923239968852e-01
3.668277001816241945e-01
1.963575911123939810e-01
3.423601330993192998e-02
3.342327381804099246e-02
3.242140313836857635e-01
5.472698211599221763e-01
1.898850331065473074e-01
3.658024883256774662e-01
7.874516700206937725e-02
4.837044525345756685e-01
4.889012792539687569e-01
4.298601232114214743e-01
3.461607526860313033e-01
4.231844921975255747e-01
3.995491380426103856e-01
5.758241307074506432e-01
2.842078568826878482e-01
4.852746384925928913e-01
2.844945152576789926e-01
3.279880731638049052e-01
3.109424248729918405e-01
3.158678482149320788e-01
4.057916106106532750e-01
2.324875619770413460e-01
3.328984096823729977e-01
4.083461910577643184e-01
3.794877525625978687e-01
1.943134535595822943e-01
4.730769458498750857e-01
5.114233999427409971e-01
3.069708008985905234e-01
4.067951647937622650e-01
3.280337992830339444e-01
2.979768325652050742e-01
1.626459366932518635e-01
4.854429029821940023e-01
3.754101990277941558e-01
4.515305822749143827e-01
2.121697220151863295e-01
3.382708883937521893e-01
2.772293104152144805e-01
4.244697198155711337e-01
3.861473879058355818e-01
4.390944078548900120e-01
3.710531092627536998e-01
4.116944700536688539e-02
3.541497981605229439e-01
3.387467804357084389e-01
2.541764586666061532e-01
4.235068027681629932e-01
4.505818659663502479e-01
4.611410164007030965e-01
1.351934113603684151e-01
4.028106331922603478e-01
4.284972563992997530e-01
3.898409392225796188e-01
6.216089325344144045e-01
6.256307355016245131e-01
4.713844229563028954e-01
1.767902769067278834e-01
2.434745250391302518e-01
2.811145408882814722e-01
5.427562435663108031e-01
4.464211051966295862e-01
6.112637228179154114e-01
1.815612691755976171e-01
4.146490430366117086e-01
3.100865811366191327e-01
5.697272560151137588e-01
6.025830519384693940e-01
3.328984096823729977e-01
4.861350582708931500e-01
1.943404336641418317e-01
3.474936194304306669e-01
3.799639966477560971e-01
3.642907336397774309e-01
5.235245100994774248e-01
4.718662440211018327e-01
8.770554966562524313e-02
4.981588562273276399e-01
5.051191701414298185e-01
3.688061574073931426e-01
2.650086290499854558e-01
2.079528439791957228e-01
3.022808580799102307e-01
5.630903813510494960e-01
5.635522651501788660e-01
6.468868585294914597e-01
1.824237210757287397e-01
2.343672241559669189e-01
2.696038407536654469e-01
1.784158272969696701e-01
3.360574709660308912e-01
3.774581192520697348e-01
3.853223312673372258e-01
5.423199798229375590e-01
4.911770949100650596e-01
5.522392351426907986e-01
3.692857602985952781e-01
4.017139160299018075e-01
2.738246803410581132e-01
1.908288561497258340e-01
5.534242559032015452e-01
1.906228148364623176e-01
5.068153697920807499e-01
5.132951112670069982e-01
1.453807981449812270e-01
3.817464390874168445e-01
3.392889878752606836e-01
3.264807237471779033e-01
5.051554649952153531e-01
4.694729012313902383e-01
7.939990998305217207e-02
5.400538165116738343e-01
2.626534178295660826e-01
3.207003726879787964e-01
1.563567053667088147e-01
3.518103017661406429e-01
3.315863267911483558e-01
3.023054300094045743e-01
4.576375940860707980e-01
3.576470413737936060e-01
5.205085652390888384e-01
2.161918404388822879e-01
3.466963748285226687e-01
2.752657039661356997e-01
5.169177985842644540e-01
4.218786288401413787e-01
5.657084977486755983e-01
2.902288457369489594e-01
3.601671788577979205e-01
2.688855391633491743e-01
3.471732381854249483e-01
4.227177789518846707e-01
4.129357206989346385e-01
4.514093173717139140e-01
2.870614722008714148e-01
2.105186153880624078e-01
2.397376714730919678e-01
6.071598455567098762e-01
6.081319898362562704e-01
5.654920481383481912e-01
2.537440002535151784e-01
5.635990815951203992e-01
2.952495400558294847e-01
3.113731976986585659e-01
3.712423683949047093e-01
1.136400062977317160e-01
1.808104182965460660e-01
4.590445315724622222e-01
1.086262940131136612e-01
1.840084915173498537e-01
5.505430354920399783e-01
6.159952435290194650e-01
4.972911876019808775e-01
3.917551937257223726e-01
3.501771438335202768e-01
2.637249658258674079e-01
3.750448270357630287e-01
3.414742320765106753e-01
3.167632018627585255e-01
5.069872708141608397e-01
4.226668218677238076e-01
3.974328532528244029e-01
4.742595476256090681e-01
5.341200014328293388e-01
4.898847591791021805e-01
4.786299193040123301e-01
3.087134527900555203e-01
4.773598342209291467e-01
3.920277950063055794e-01
4.911468563011119892e-01
5.008420620557452185e-01
3.015511148256820873e-01
4.324307931865899457e-01
1.833075641477322493e-01
4.094403275054311342e-01
4.907753835781278884e-01
2.595842328531505205e-01
5.525889600772611043e-01
2.018860020955343948e-01
2.321657207973399084e-01
3.867578097182715058e-01
3.271047361733928627e-01
6.423100649112508664e-01
3.552083388517105478e-01
1.715469316330978655e-01
2.550675432059492098e-01
5.708513734056286371e-01
5.582652799277083577e-01
4.244387434438051665e-01
5.664412210532854264e-01
4.297359256542668260e-01
2.965009987586468831e-01
4.129357206989346385e-01
2.369398239764647085e-01
1.949007157729129580e-01
2.408451753763581060e-01
6.117227564910806548e-01
5.054352295806083806e-01
1.211457676545426437e-01
1.637053230364887701e-01
6.306330680702929570e-01
3.790918548806205268e-01
5.614428064853541622e-01
5.514684168555047394e-01
4.316739181800220426e-01
3.278047980385101479e-01
4.807328895434218596e-01
4.216243172796730887e-01
3.709513314631007752e-01
6.038583346218938663e-01
3.619585459616131984e-01
4.611174185925221436e-01
3.570702536670101179e-01
2.909188779567249417e-01
2.656153436510592658e-01
3.636942070878949052e-01
4.653077036987176562e-01
2.753320993971729025e-01
8.165244453472784991e-02
1.837202523259848508e-01
4.068147310992347165e-01
5.572501528050559649e-01
1.771564942389897146e-01
5.214271874146523267e-01
5.062471853684124001e-01
5.140288237641627012e-01
4.688366580323207189e-01
5.349976030397507465e-01
3.532819041942663052e-01
2.681075016518838505e-01
1.751222359310135313e-01
4.678673041135063548e-01
1.437005047769892019e-01
4.178114405714346002e-01
3.280337992830339444e-01
3.853058120532459330e-01
5.274068304734692569e-01
4.574632336467352456e-01
5.995269711388132583e-01
1.765691859804454644e-01
5.372945222670285625e-01
3.924987925356018814e-01
5.077270447531255781e-01
4.151926750714181047e-01
2.523258292940986913e-01
2.709316453309363881e-01
1.658943023048960186e-01
5.282935324023576573e-01
2.839727930530200339e-01
4.670368651741145793e-01
2.860602253714795706e-01
4.427812755477739115e-01
3.599740111834073275e-01
2.876826605899453493e-01
3.806117171619976536e-01
3.875106348248334442e-01
3.829688858756624126e-01
9.339335992762577698e-02
4.188126921820450321e-01
2.868562651063084612e-01
3.645966215561506352e-01
2.051336496928771180e-01
3.076822643069594965e-01
3.982139607223683653e-01
3.707030649219951735e-01
4.526941622843949076e-01
5.662779149991578054e-01
4.118243063825172134e-01
5.582417401177873773e-01
3.219920967347835727e-01
3.406268930885747448e-01
2.485390722789565798e-01
1.377425884068606554e-01
5.484531974930640930e-01
5.187632537428257251e-01
3.328984096823729977e-01
4.547359018482158288e-01
3.976018294164153644e-01
1.309757367317886112e-01
5.238277387228711390e-01
5.703138544705798063e-01
5.854331198658365709e-01
2.292227693456725945e-01
3.640623785873370322e-01
2.412748615141959985e-01
2.729509721012043921e-01
3.085671588312897673e-01
5.140288237641627012e-01
2.274620219970818757e-01
4.290243215117687248e-01
2.957355831445029337e-01
1.300862074396940404e-01
2.921098938456220262e-01
4.985002168357716701e-01
2.525524695521058072e-01
2.805926147542566751e-01
2.041416581592976620e-01
5.348177531378621730e-01
5.923191657607110860e-01
2.838209688874038794e-01
5.367173425003225473e-01
6.362851129464947020e-01
5.530124079721424613e-01
4.465456842118742942e-01
5.472698211599221763e-01
5.054223524077913199e-01
5.773311148805548854e-01
2.697933418570517827e-01
4.052681196669428165e-01
2.475091716066878111e-01
4.245254623798206950e-01
4.252253719735205606e-01
1.542918517292986014e-01
5.866615223893850706e-01
2.969139367035998900e-01
4.023157813320129561e-01
4.630027972379432422e-01
4.865083321620634060e-01
4.803295263004694893e-01
4.541588958684107391e-01
3.083729601806606269e-01
4.795555327644567267e-01
5.489198591846961017e-01
5.330138153789157895e-01
3.294375612087800942e-01
5.685534650897444697e-01
7.913724251555988298e-02
5.431139229934244250e-01
2.948824719784812198e-01
1.637911510028181028e-01
2.531672621258894695e-01
5.655053501120409498e-01
4.299415250166314650e-01
2.577768265280123705e-01
2.951500593198797540e-01
4.779605213684214871e-01
3.580340525374254290e-01
3.083729601806606269e-01
5.285178615648244982e-01
2.559739033228582428e-01
2.382624405158314529e-01
4.893055028044447363e-01
4.023157813320129561e-01
4.065495333277246992e-01
1.225481866815084087e-01
4.165357828741711455e-01
6.338094233333292360e-01
4.418836811714717538e-01
2.331710898686535083e-01
1.549596392257483191e-01
5.105873126172486565e-01
3.881941172948691898e-01
6.181378091181797263e-01
2.934373750670024039e-01
3.708115142885223259e-01
4.496800186961320001e-01
4.887095825318644726e-01
2.992474566787119983e-01
3.062702049921470770e-01
3.000701538897866394e-01
3.817124279930742548e-01
4.748697169689167219e-01
2.254602778462783952e-01
4.276496837552912211e-01
4.805283779082814011e-01
2.290313217666315182e-01
4.128225580902949443e-01
4.385340733605937458e-01
3.800321061456498617e-01
5.367173425003225473e-01
4.469732113177102284e-01
2.169070744617292157e-01
3.037384926976877120e-01
3.461965669234111642e-01
5.378457410563067809e-01
5.153727432307373402e-01
3.962334125449922251e-01
3.176324197068607358e-01
2.676255471287231624e-01
4.792137298932951373e-01
2.207807230564529377e-01
5.664412210532854264e-01
8.428085396047466094e-02
4.028565282132323122e-01
3.912100621552577762e-01
4.790722647574038318e-01
4.117212853620970670e-01
1.449771678813658315e-01
4.939880083337032657e-01
4.049121889185505752e-01
2.462877366698065507e-01
4.477756238971923319e-01
1.954675556347684195e-01
1.141338508799542989e-01
5.100082502977012489e-01
4.576888384591038528e-01
4.147114304552751429e-01
4.183975285798486876e-01
3.760165130459036109e-01
4.070892200256964188e-01
1.990016559107643523e-01
1.845021353923321505e-01
3.783339321635491026e-01
2.736748648069380896e-01
5.304443492314311337e-01
2.603052257498228439e-01
1.984309476273293793e-01
4.150873217517926927e-01
2.900165925813705248e-01
3.207496674671710957e-01
2.994573745208386484e-01
1.435738746189788861e-01
3.510853259065222498e-01
4.206565518687581107e-01
2.475746536170995438e-01
5.407527897141111151e-01
5.468967734411780413e-01
2.402431126930717198e-01
4.945324047398432787e-01
5.449250298777945645e-01
3.126643001870495486e-01
2.433550780383808843e-01
6.468868585294914597e-01
3.354195549640998086e-01
1.998419247237129270e-01
2.958998645672184513e-01
3.557762628029065288e-01
1.887897403315638156e-01
2.417902187736063191e-01
2.930819716038665645e-01
3.536139789486749674e-01
2.648958981022308534e-01
4.485043740091723130e-01
3.541172495993644698e-01
3.078117022875435094e-01
4.074829246874441258e-01
4.353992244795818478e-01
3.969810649967009941e-01
1.103265695486540660e-01
5.581442699881850045e-01
4.942920040308584895e-01
3.217587438537863331e-01
4.244387434438051665e-01
4.316766170739640418e-01
2.513103430603560451e-01
5.187632537428257251e-01
4.275124846096972075e-01
5.514684168555047394e-01
2.037733476926984477e-01
3.767371834182016710e-01
4.228417853642361113e-01
5.599614795783592891e-01
4.361149956619408963e-01
3.993187658356320280e-01
5.319422441001588897e-01
2.522999905495629247e-01
3.261061551851711093e-01
4.521150791769407706e-01
2.349570215584734223e-01
3.912204030995036774e-01
4.506513946546424343e-01
3.338235941843603061e-01
4.796506734012213058e-01
5.664412210532854264e-01
3.526289578081301390e-01
4.117212853620970670e-01
1.631532611936496457e-01
4.677905998555392242e-01
1.308688464582727085e-01
4.867688873703440722e-01
9.537579814148965107e-02
4.868431408900068119e-02
5.192509451046306568e-01
3.865313753644814554e-01
4.449495415379500773e-01
3.966981059336673887e-01
3.818640821136126684e-01
2.937971093787049015e-01
2.652826269660881198e-01
3.776951078340296530e-01
2.705125271412868182e-01
1.433890691919238458e-01
4.015578586149415319e-01
5.727543212623142921e-01
4.348871018184721771e-01
3.887257366219635246e-01
3.221816968925458879e-01
4.874498803845990214e-01
4.259946691056252788e-01
4.367392057811496642e-01
5.215419433124098836e-01
4.303053391629257374e-01
3.075302073167869854e-01
3.707030649219951735e-01
1.875931181520773816e-01
3.088777328615571194e-01
2.636236137625460607e-01
4.117212853620970670e-01
4.019911664219049663e-01
6.260562744520524747e-01
2.893545740408809963e-01
3.439875983156276962e-01
4.381327810089184482e-01
2.305722094566605429e-01
4.088342939161846434e-01
3.754101990277941558e-01
2.198412449976176464e-01
3.280337992830339444e-01
3.447921133840052277e-01
1.883428262159516919e-01
3.076517070193949821e-01
3.745545691989825565e-01
4.741162288320669438e-01
3.186906021184743865e-01
5.396544419483418897e-01
4.102779815115207840e-01
4.089689830259700676e-01
6.422278570549541099e-01
2.977467748792568814e-01
5.664412210532854264e-01
3.045434815224616343e-01
1.956368243881478619e-01
1.377955239800527643e-01
5.764346392054580104e-01
3.166549998723224846e-01
5.346909656153971957e-01
2.356237811968705798e-01
3.670729628701948077e-01
4.122592053998079820e-01
2.257308695599096193e-01
1.370882518294561092e-01
5.090848530360025936e-01
3.235358559623207064e-01
2.502697745540067298e-01
5.424402925360662930e-01
4.137094481497400889e-01
2.239270426005066650e-01
2.509372738261284042e-01
2.920803592191333342e-01
3.172719142677549176e-01
4.703756297009784593e-01
2.764747883918191040e-01
2.711060021323882241e-01
2.777845455320291368e-01
5.852284916105389145e-01
3.262736848222662633e-01
3.051440330288620051e-01
4.590960320525072635e-01
6.134831359976602450e-01
4.836229815056359849e-01
2.936401310594726755e-01
4.171095551911312982e-01
1.198929441217032460e-01
4.104302204998174775e-01
4.424280958709697620e-01
2.777927915749655585e-01
5.497622886926792907e-01
1.344235780042073447e-01
4.515599076711209747e-01
5.122835122678994768e-01
3.716126746044978169e-01
3.213371562686860305e-01
3.097379231413661671e-01
4.214606372511017773e-01
4.667368199068311907e-01
2.410236218866575186e-01
4.013744564755361011e-01
1.920568039378127423e-01
3.023947184346421624e-01
3.280337992830339444e-01
1.742597831993661084e-01
1.575155455255561332e-01
3.897812688872765996e-01
1.094192279307246440e-01
5.725223714610876424e-01
2.497017699457323159e-01
3.560194566789907644e-01
1.447673860960892733e-01
3.875504232942384442e-01
2.359390150443299305e-01
2.240145175926931131e-01
1.899134479924353136e-01
5.341440386973603793e-01
4.508480503319177712e-01
5.676349595343382903e-01
2.980652031004171754e-01
2.372585542459110797e-01
3.826826215354449667e-01
3.366244061404390919e-01
3.153469325810576152e-01
5.104380571093382057e-01
4.400666819549144404e-01
5.370352987320585747e-01
4.133075337199533239e-01
5.036589439992490425e-01
2.555459782325463225e-01
4.059112212122292784e-01
3.430157841480415692e-01
3.288574034704830340e-01
2.643906505216030989e-01
3.981587409739752448e-01
1.703875578486825915e-01
5.563255599268966956e-01
5.304443492314311337e-01
2.524159404007485508e-01
4.192674390770060877e-01
5.700798464586992464e-01
8.813879635614267627e-02
4.017238574305787013e-01
5.431970839752487956e-01
3.538999629639689726e-01
5.438679833174093758e-01
5.115253832308529480e-01
3.864025568635205410e-01
3.707047143384615273e-01
2.647364920673009880e-01
1.667450534198568479e-01
3.389901093292474465e-01
3.322891885794347910e-01
4.146490430366117086e-01
3.859268256160234833e-01
3.494561310843969371e-01
2.053629544408404617e-01
3.948665547665803910e-01
1.319414714760262231e-01
1.574158913145240202e-01
2.389797487560205158e-01
3.933926657726443676e-01
2.503054435878574457e-01
4.693092526964977584e-01
1.989651347806132009e-01
2.004379304345901835e-01
3.214576382993157844e-01
3.024485339599298217e-01
3.009555117765598808e-01
1.842588802958623484e-01
2.539303906545254397e-01
2.893170859612442802e-01
4.381669179740367848e-01
4.012689523396467672e-01
3.223978662818894891e-01
2.655016931502466315e-01
3.748435254691931950e-01
1.363735018530194409e-01
2.525423436587559411e-01
5.875440673605474284e-01
4.338061076933738547e-01
2.161580956376260299e-01
2.451124247972349957e-01
4.572559657430300128e-01
5.164103048703051480e-01
3.781857956686626165e-01
3.131439524495303051e-01
2.564248503963323378e-01
3.775798509477177878e-01
1.993316940739421894e-01
3.707520579647199943e-01
1.969464295687590183e-01
2.786580424628100072e-01
4.159962625833935057e-01
5.068153697920807499e-01
4.418836811714717538e-01
4.544751052923369783e-01
1.023374888386603676e-01
4.015334107892508109e-01
1.232125215145149638e-01
4.392438974346311586e-01
4.855520062323300245e-01
2.945495056307492199e-01
3.662669795519588045e-01
1.566074254005164201e-01
4.019592506446300062e-01
3.678546334841344412e-01
5.987989072356373343e-01
1.862400972202007676e-01
3.785730263525904360e-01
2.031192307395294494e-01
3.002234120052150179e-01
1.512037193033964888e-01
1.435331442495159926e-01
3.099822145149907504e-01
3.994774381613908076e-01
2.725922536945080688e-01
4.766975743328414894e-01
3.180358092465152553e-01
4.412809320715022632e-01
6.191699977074727190e-01
1.405615556892368112e-01
2.786549835223219862e-01
3.752325349743073080e-01
2.539303906545254397e-01
4.512867382570444619e-01
2.979768325652050742e-01
3.073243123503874852e-01
1.757903310884841308e-01
5.187632537428257251e-01
1.267949779957103784e-01
2.241069468627715777e-01
2.979768325652050742e-01
5.571150012682833941e-01
3.589580267674778447e-01
1.763931020157557539e-01
3.812995789164229099e-01
1.804729223678582795e-01
3.131231762878811109e-01
7.691963570097785918e-02
5.321405488820819540e-01
2.813530374250018951e-01
5.268521600601432375e-01
2.965146337546069044e-01
2.847570653774373350e-01
3.768582661153988544e-01
2.897841836792218184e-01
4.015578586149415319e-01
3.674873051421927994e-01
4.013677462431552434e-01
4.295122421641857646e-01
4.240259811566647885e-01
3.229218860699493154e-01
2.811341456513816173e-01
3.267896516870439916e-01
2.839568601618405186e-01
9.220282548665059696e-02
1.609141633213029832e-01
4.418836811714717538e-01
5.178133749745124081e-01
4.015578586149415319e-01
5.187632537428257251e-01
5.354947616300780311e-01
2.039005036808116955e-01
1.114532764887210675e-01
4.015578586149415319e-01
1.687295036952214944e-01
