3.083729601806606269e-01
5.144723123445500423e-01
4.666104239245912333e-01
5.598893638350637136e-01
4.162906877361294833e-01
4.374097130633877173e-01
5.590689647270876694e-01
2.133823589902051343e-01
2.794046135276061493e-01
4.725035854452884765e-01
4.105723744430011535e-01
1.740453402456836329e-01
4.431185797080213207e-01
5.319422441001588897e-01
4.433412194373011483e-01
3.453099789122520691e-01
4.263750889437032954e-01
5.068466063245005149e-01
5.386202903570082023e-01
2.668051461498354149e-01
5.132951112670069982e-01
1.483259959378591397e-01
5.347793499745673307e-01
5.551863811781955205e-01
5.102603701891539334e-01
2.352493387135186353e-01
4.512823836063245553e-01
1.450982479800747016e-01
5.987989072356373343e-01
2.498002743776384094e-01
1.909086514654970146e-01
4.768582177679245859e-01
5.449250298777945645e-01
5.321405488820819540e-01
4.027349799708619393e-01
3.745009218478610458e-01
4.061747522093707152e-01
3.774539259155066939e-01
5.775747876060726149e-01
5.114233999427409971e-01
3.669243457589027591e-01
3.944859346370201969e-01
3.278988992799338753e-01
2.467128019677777284e-01
4.995309359279317962e-01
6.286574414298556901e-01
5.766987139103022519e-01
4.788173634440190951e-01
3.694251756429349776e-01
4.428822986424699182e-01
2.632727928895283731e-01
4.707422072876654151e-01
6.243987182728991669e-01
4.087601696453325717e-01
4.573628364759135256e-01
4.052064992181013681e-01
3.083729601806606269e-01
4.760301799357096741e-01
4.397311642034393286e-01
2.908847933771318006e-01
2.918601179985420013e-01
4.803253342111808433e-01
3.163038767431397003e-01
5.696379512713694027e-01
1.790851999752536838e-01
2.890433100599864580e-01
3.575272010658472333e-01
6.422278570549541099e-01
4.360133182678778696e-01
2.958998645672184513e-01
4.190084024253183936e-01
2.522742138569289971e-01
3.682856528543759778e-01
4.849462891389648145e-01
1.796174880493102699e-01
6.468868585294914597e-01
5.431970839752487956e-01
4.117212853620970670e-01
3.788071077457820790e-01
3.754737936002064402e-01
4.527355871778245833e-01
3.110556993205702003e-01
3.903634050106654096e-01
6.151346824968924043e-01
5.431970839752487956e-01
3.905487458302605019e-01
4.976017878250107995e-01
4.748306008843576898e-01
3.530684678949714272e-01
4.202146361014004738e-01
6.241533265953668197e-01
6.306330680702929570e-01
4.224237418054294091e-01
6.306330680702929570e-01
5.347889864166511797e-01
5.052444162406043437e-01
5.064972871698713019e-01
5.691551737549778167e-01
5.900099134840771642e-01
5.672684456625857186e-01
6.127027731509384623e-01
2.636926269107491283e-01
4.241676793249914978e-01
5.214271874146523267e-01
5.565968934569827109e-01
5.276932069644439949e-01
5.068466063245005149e-01
5.664412210532854264e-01
4.969811249542211984e-01
5.400538165116738343e-01
3.530684678949714272e-01
2.799600002922010278e-01
6.101870617241139660e-01
3.392047120379937941e-01
2.878495632637708690e-01
2.853886538523520144e-01
5.350776483301014075e-01
4.585545607127353707e-01
3.614936584138884190e-01
5.132951112670069982e-01
2.844078239695795318e-01
3.648433413730495234e-01
4.135101798483360458e-01
5.068153697920807499e-01
3.223380938779640270e-01
6.338094233333292360e-01
4.818043817241933757e-01
3.494692956500257131e-01
2.832518693800774590e-01
6.468868585294914597e-01
3.473515009306281098e-01
5.538690317747184677e-01
4.334165257932455773e-01
5.532433255498561131e-01
6.306330680702929570e-01
5.067541618792500424e-01
3.772351045089509802e-01
4.040959854338072588e-01
5.805346067810890354e-01
4.109328660581489934e-01
5.223540203976501095e-01
6.101870617241139660e-01
6.404071170545652114e-01
4.225203682578336783e-01
4.806069735539502119e-01
4.337802815255217270e-01
5.676745783744236995e-01
3.269105435512566493e-01
5.237663029745817100e-01
6.241533265953668197e-01
3.836795689060094605e-01
2.827459736325151352e-01
1.906402814594068129e-01
5.442880957926419239e-01
4.374666511401582580e-01
1.724388976836294940e-01
6.306330680702929570e-01
5.068153697920807499e-01
6.404071170545652114e-01
4.209555243761101684e-01
5.599614795783592891e-01
5.301196487790865719e-01
5.158692285007627776e-01
3.779688380018925153e-01
5.616306268864743600e-01
5.541131620420652881e-01
5.925645574382435443e-01
6.404071170545652114e-01
5.051191701414298185e-01
5.336619835607306905e-01
4.040942153435418405e-01
4.750620015730258050e-01
4.708590819928252791e-01
3.547411809527428184e-01
3.563051032026176013e-01
5.014484658776121595e-01
4.792137298932951373e-01
3.944388094916623788e-01
4.874388627939862384e-01
3.618572114640730697e-01
5.321405488820819540e-01
4.091289469043792870e-01
4.672162239617045909e-01
4.036701345608375013e-01
5.769258533898915520e-01
4.799899467998814395e-01
4.289038360511343018e-01
2.965756964639085225e-01
4.023157813320129561e-01
4.788431260008764179e-01
5.237663029745817100e-01
5.468967734411780413e-01
4.228146729446496388e-01
3.125625587662335114e-01
5.105873126172486565e-01
2.979768325652050742e-01
5.500286659700219793e-01
4.286250002694177441e-01
2.742359284370659567e-01
1.087332202497083428e-01
4.708590819928252791e-01
4.128988587510512009e-01
3.404412546900935643e-01
4.630416440151694513e-01
2.914523857612140167e-01
4.463553736273965233e-01
1.423021183960667679e-01
4.511517251677313323e-01
3.355349243129875925e-01
5.206025328142718234e-01
3.452979398038983350e-01
5.664412210532854264e-01
6.014479332758485564e-01
3.030022044749379195e-01
4.056324185872240973e-01
3.237836755634297403e-01
5.927020325433004500e-01
3.532016858445914398e-01
4.119663501497947689e-01
6.071598455567098762e-01
1.712900834283002660e-01
3.451125559533360643e-01
5.272486039443722294e-01
1.782218140744692703e-01
4.403120736324468432e-01
2.489265377622918995e-01
5.718879773463294569e-01
3.570353881896973780e-01
3.382153319852081452e-01
5.372054970166912913e-01
4.494816426116884922e-01
3.176855390451491234e-01
2.978697021913654375e-01
3.248801535609203706e-01
2.118390687378458037e-01
2.553272353003388506e-01
2.475091716066878111e-01
4.668047087410941431e-01
5.350211428496716159e-01
6.193894602130747273e-01
4.834921257898071034e-01
6.064684233535445612e-01
5.955528410783056392e-01
6.358303234363246181e-01
5.813097175631536384e-01
4.381238487571779694e-01
3.083729601806606269e-01
5.431139229934244250e-01
2.634427020143772502e-01
5.238277387228711390e-01
5.582652799277083577e-01
3.788394493633282512e-01
3.345755065978733844e-01
3.446511077647940735e-01
3.560259252519548667e-01
5.099935085535822754e-01
4.410082416107988235e-01
3.096418611845714874e-01
2.494148479800827323e-01
2.928818086948926647e-01
3.900643448822860848e-01
2.480654288648806438e-01
3.378739710649454886e-01
5.321405488820819540e-01
3.439179516559643379e-01
5.322355088719363803e-01
6.404071170545652114e-01
4.433297742394451402e-01
5.201973118600268231e-01
5.540840369373408736e-01
3.809806633227872941e-01
4.322510197841984425e-01
4.239518722688637165e-01
4.312846336509007505e-01
2.323047349350780277e-01
5.386202903570082023e-01
4.558591772245650930e-01
5.035694712892175851e-01
6.127027731509384623e-01
5.118389637121435465e-01
5.923191657607110860e-01
4.247575424172835290e-01
5.091625342216504757e-01
6.376510634367135166e-01
6.241533265953668197e-01
4.013744564755361011e-01
2.421411194721861948e-01
3.404412546900935643e-01
5.187632537428257251e-01
4.886146740960190527e-01
2.951304513346540981e-01
5.431970839752487956e-01
2.522742138569289971e-01
4.447012612768260209e-01
3.048003061329850327e-01
4.117212853620970670e-01
5.431970839752487956e-01
3.405721212156340161e-01
5.092546136312572358e-01
3.016943266654436573e-01
1.955919203266938688e-01
3.172719142677549176e-01
4.262044817609434433e-01
4.015578586149415319e-01
6.243987182728991669e-01
5.026519451560410578e-01
1.767902769067278834e-01
6.134831359976602450e-01
3.377745426105814297e-01
6.083730956710402538e-01
5.026519451560410578e-01
5.052444162406043437e-01
3.226127076358061285e-01
3.390623404454257139e-01
2.757235467001194484e-01
2.401587308374800722e-01
4.609818741643108009e-01
4.145931256460658187e-01
3.172719142677549176e-01
4.620455045666033711e-01
2.522951540351629496e-01
3.254725407208580723e-01
3.340359216567055922e-01
6.132012211111860234e-01
3.637059825016506487e-01
5.585515046669633499e-01
2.144244044773338242e-01
4.969811249542211984e-01
2.225795925158382815e-01
3.671566626745638162e-01
3.946964102186867884e-01
5.515005834388755357e-01
3.008876440420223397e-01
2.310179289952074555e-01
3.573025863814803249e-01
4.108219277555387183e-01
4.344163257843229875e-01
6.241533265953668197e-01
5.431970839752487956e-01
4.164386654114078379e-01
3.787129508967076452e-01
4.874388627939862384e-01
5.590222879768799169e-01
4.449230492216240118e-01
2.508645302880471162e-01
1.385813205777373380e-01
4.389626058735428549e-01
5.414510636113631925e-01
2.795286969591523896e-01
4.692170331763990121e-01
5.614428064853541622e-01
2.900208535825702927e-01
3.663680345560917373e-01
3.551852579348325767e-01
4.354615313451064007e-01
3.478936810340829133e-01
6.306330680702929570e-01
5.284939856144503789e-01
5.341729484393702432e-01
3.737689252884735525e-01
4.601434548514316547e-01
2.419273849703680035e-01
4.585687740282630154e-01
6.243987182728991669e-01
5.118335112520646657e-01
5.336619835607306905e-01
3.907502985147446317e-01
5.367173425003225473e-01
3.775797248690629382e-01
5.002540750720433360e-01
2.522742138569289971e-01
5.532668653597770936e-01
5.794801888515207500e-01
4.463553736273965233e-01
6.113143496861764836e-01
6.306330680702929570e-01
3.071471332787666930e-01
5.092546136312572358e-01
6.306330680702929570e-01
5.611736870752231932e-01
5.132951112670069982e-01
5.582652799277083577e-01
5.367173425003225473e-01
3.272044173047642945e-01
6.313829815186866590e-01
4.516426987321434661e-01
5.613941817003986756e-01
5.582652799277083577e-01
6.333164429043930399e-01
1.423169049381249329e-01
4.158452359458223446e-01
2.857184583594571947e-01
3.933269732846761402e-01
5.544521265324301451e-01
2.721442389631695269e-01
6.468868585294914597e-01
3.555738754839636862e-01
2.923297330280955064e-01
2.992489778337932838e-01
4.013257021819210957e-01
5.029734200528244159e-01
4.670368651741145793e-01
5.392881956169500723e-01
6.248586564278899580e-01
4.117212853620970670e-01
5.144593651164869330e-01
2.715736874205519347e-01
4.261766128694279843e-01
2.887942576320636778e-01
6.195765329771262264e-01
5.296566112511289504e-01
3.915766691568328683e-01
3.355349243129875925e-01
5.040740622838084661e-01
2.060854604892499442e-01
5.609152545201075979e-01
2.164569501736069435e-01
5.541041627493252797e-01
6.045316214551523792e-01
2.914721251260107837e-01
6.112637228179154114e-01
5.237663029745817100e-01
4.286250002694177441e-01
1.545441761737543218e-01
3.354111781652294733e-01
5.462145838750067650e-01
6.274560775288243741e-01
6.275175132771138031e-01
5.409393570202084556e-01
6.198219246546585737e-01
6.105578888786519220e-01
1.688556030340312430e-01
3.652897713383119194e-01
5.695701228259757443e-01
5.347793499745673307e-01
3.721503014287830258e-01
5.662745797873881548e-01
3.172719142677549176e-01
3.734984915629340763e-01
2.966921829549085676e-01
5.069872708141608397e-01
5.074665460879514978e-01
5.251646306296674505e-01
5.244807175381419606e-01
4.728435026454227419e-01
5.551863811781955205e-01
4.553229137751483857e-01
4.151522253386972228e-01
3.891611390184178121e-01
4.622015830812890580e-01
5.571193401201941509e-01
4.537573194499888163e-01
2.617974100766085610e-01
4.110705382325625656e-01
5.923191657607110860e-01
6.234247754236550421e-01
5.635990815951203992e-01
6.176485630288240936e-01
6.129443881854998999e-01
5.734027553214573469e-01
4.911827969289652707e-01
4.018912268968518053e-01
5.428673269685105884e-01
4.554489628072236340e-01
6.247778394904383026e-01
4.070298545450468652e-01
5.124040827510727425e-01
3.707030649219951735e-01
4.054355909939593716e-01
4.396858186068445251e-01
3.195523251945925347e-01
4.748766367433983060e-01
4.619743778079746788e-01
2.851338211390598287e-01
4.983160825462881749e-01
5.367173425003225473e-01
5.431970839752487956e-01
5.635990815951203992e-01
2.523819453130942136e-01
5.368123024901768625e-01
5.141780792720730409e-01
5.321405488820819540e-01
3.747653943293022261e-01
4.294169402132643198e-01
1.856892309938222019e-01
5.431970839752487956e-01
3.954837279714526477e-01
4.385340733605937458e-01
4.543723184476871624e-01
2.774845557684569863e-01
5.346560273804106256e-01
5.654438740352123460e-01
5.613941817003986756e-01
5.448101226440753564e-01
6.151131744969836612e-01
5.367173425003225473e-01
4.816584822159594714e-01
5.367173425003225473e-01
3.095549648237712614e-01
1.897779051233169645e-01
5.350211428496716159e-01
5.773311148805548854e-01
5.297414242479079327e-01
5.429546416859355462e-01
6.333164429043930399e-01
4.446736719826572259e-01
3.160811945025904790e-01
6.241533265953668197e-01
5.916617457130884938e-01
3.426013106004120456e-01
3.704029772473819149e-01
5.875440673605474284e-01
4.226067323442798673e-01
5.919710207070588703e-01
3.642738404512424477e-01
5.050878337231178294e-01
4.117212853620970670e-01
2.041873153666156071e-01
3.006606639017387894e-01
4.670368651741145793e-01
3.761416379515813424e-01
3.455066043431230249e-01
2.541444541249689992e-01
6.241533265953668197e-01
5.486900717415365003e-01
5.272486039443722294e-01
4.412809320715022632e-01
2.459890744219637160e-01
2.861864294813396548e-01
4.689957364498391068e-01
5.598219371159693925e-01
6.241533265953668197e-01
4.802208098093397881e-01
6.387109174039142800e-01
3.350153246575541810e-01
6.306330680702929570e-01
5.068466063245005149e-01
4.015578586149415319e-01
2.172094647088410047e-01
4.263750889437032954e-01
2.946140774426609377e-01
5.321405488820819540e-01
5.614428064853541622e-01
4.199914015261671518e-01
3.243875517837068179e-01
1.638781491204221730e-01
3.969810649967009941e-01
1.304685812370732223e-01
3.207178860837136547e-01
5.046778200130167535e-01
3.914161418222093514e-01
5.048028286103557472e-01
3.988904892218158582e-01
6.134831359976602450e-01
5.708513734056286371e-01
3.911753426090508468e-01
2.021942482959964149e-01
5.669641911559906156e-01
3.167555930731055236e-01
4.056858070249662052e-01
6.134831359976602450e-01
2.566958165001653192e-01
3.837391734475874006e-01
3.061391272614734094e-01
3.062702049921470770e-01
5.364749002110092979e-01
6.243987182728991669e-01
4.575225740779571004e-01
3.530431730660175127e-01
5.170207067263505873e-01
4.792137298932951373e-01
6.208456077679380680e-01
3.012429341071265476e-01
5.356419335660881353e-01
6.181378091181797263e-01
3.590117161101711307e-01
4.638565375499647536e-01
2.551104681547347042e-01
5.104380571093382057e-01
3.376310625028823287e-01
2.497599727587535845e-01
3.234725483669620427e-01
5.865515613262742844e-01
3.817537936409694521e-01
6.306330680702929570e-01
6.404071170545652114e-01
4.444885265693861442e-01
5.002540750720433360e-01
3.656648619885983775e-01
2.657663576080072643e-01
5.431970839752487956e-01
4.772336593180781517e-01
5.450496355015599370e-01
6.103950639606274819e-01
5.658333483579228718e-01
2.906727464375889469e-01
4.198035811250469540e-01
4.201653099324689777e-01
3.686583155810858603e-01
6.134831359976602450e-01
5.259970073137930635e-01
4.941893632212540632e-01
5.636922914510998917e-01
5.925645574382435443e-01
5.401227213548823736e-01
5.660779688041124302e-01
4.803253342111808433e-01
5.630353596074688660e-01
5.256318918445320731e-01
4.796506734012213058e-01
3.747108054938810273e-01
4.601434548514316547e-01
2.240832978124003283e-01
3.384518116792092357e-01
6.356320186544015538e-01
2.979768325652050742e-01
3.176065994635620671e-01
1.991085951398008091e-01
5.773311148805548854e-01
4.342057783804383897e-01
5.571193401201941509e-01
5.687951461259100894e-01
3.844214718384508789e-01
6.062230316760122140e-01
6.438124959091250377e-01
4.154209748280263681e-01
6.216089325344144045e-01
5.961841058855112951e-01
2.803427869374096604e-01
3.274277137240204083e-01
3.978331335452562900e-01
5.654438740352123460e-01
2.897028510977415761e-01
5.095014525628622781e-01
3.597567052152585432e-01
3.961020581272788332e-01
5.852053748345217299e-01
6.287050981219908241e-01
5.041945789263031497e-01
6.024097375466047621e-01
5.321405488820819540e-01
5.669230138465310986e-01
4.316739181800220426e-01
3.745009218478610458e-01
5.641750209474266642e-01
4.939880083337032657e-01
6.247778394904383026e-01
3.328984096823729977e-01
5.061587940452935142e-01
5.488848658617564436e-01
3.865791676977085034e-01
3.707030649219951735e-01
5.630903813510494960e-01
3.698646416594137953e-01
5.357819471863860539e-01
5.029801428618888570e-01
4.015578586149415319e-01
3.803750116073890131e-01
3.146528111721317300e-01
4.097513749802761951e-01
3.908454426854534036e-01
5.414347893827536895e-01
4.725035854452884765e-01
3.414974934324198075e-01
5.022546491755116582e-01
4.784924042861742333e-01
4.378925791362623388e-01
5.132951112670069982e-01
4.609494294387468383e-01
4.720011120108253966e-01
4.183203855931082460e-01
5.114233999427409971e-01
3.729568652493169267e-01
4.201888523408782161e-01
3.794763528902577732e-01
2.767125430081452397e-01
3.007408139631397859e-01
4.982978062343731973e-01
5.782605888631742186e-01
6.341008581976394221e-02
1.705092723943074928e-01
6.341341237856737978e-01
5.678491421194878930e-01
5.549630650104279139e-01
3.455757371257298649e-01
4.117212853620970670e-01
3.001699586052641311e-01
5.708513734056286371e-01
3.253817311405391988e-01
6.468868585294914597e-01
5.773311148805548854e-01
3.125625587662335114e-01
3.280337992830339444e-01
5.170841827037544469e-01
2.786194548068422483e-01
2.951049501857250235e-01
6.241533265953668197e-01
2.169939190606414159e-01
1.998419247237129270e-01
4.343674860524109338e-01
4.826649011805068112e-01
6.468868585294914597e-01
6.113143496861764836e-01
5.229235425231221202e-01
4.070511425049618826e-01
1.579649199938795157e-01
3.499996963900224300e-01
4.428729442922815229e-01
6.306330680702929570e-01
3.403008246880221410e-01
5.352167138139692915e-01
4.675496742519072990e-01
2.719572146349408803e-01
1.359381440466252422e-01
5.769258533898915520e-01
5.718026415336939783e-01
5.818165656047271650e-01
5.338789993297002878e-01
6.106404556381598292e-01
3.239571695628091774e-01
5.925645574382435443e-01
4.057604305174005166e-01
3.563179285096071403e-01
5.472698211599221763e-01
6.291522771794753055e-01
5.641750209474266642e-01
5.630903813510494960e-01
5.386972925056799921e-01
5.431970839752487956e-01
5.526725933603283680e-01
6.333164429043930399e-01
5.840571168635788624e-01
5.472472675283005517e-01
2.920918480715936072e-01
3.694065862651433330e-01
4.145401150285301095e-01
5.476624415244503163e-01
4.011629789167610038e-01
4.200921825456882530e-01
5.703941352879147164e-01
5.925645574382435443e-01
6.404071170545652114e-01
3.864394899060452637e-01
3.784588528280423136e-01
3.083729601806606269e-01
4.745639963951934215e-01
4.093785397139397819e-01
2.980141686852429417e-01
5.987989072356373343e-01
3.945364228499427806e-01
1.578696440278415658e-01
6.468868585294914597e-01
5.823168961178160075e-01
4.565922152580840776e-01
5.845260914177233813e-01
3.846033506400448054e-01
5.315014036912208972e-01
4.845404072332225587e-01
6.241533265953668197e-01
3.969810649967009941e-01
5.478433971351024390e-01
4.601423537160075905e-01
3.882611634913293308e-01
5.187278088026104905e-01
3.647657333608335661e-01
3.131040038093032551e-01
3.387467804357084389e-01
6.241533265953668197e-01
2.640737946977144146e-01
3.852980409100407178e-01
3.083729601806606269e-01
4.555883317945311206e-01
2.370677579519905598e-01
1.873172162715893985e-01
2.717693824886533438e-01
4.620810800548734165e-01
5.554231404695433305e-01
4.457838176131215802e-01
3.463400341426079998e-01
4.083366891134375121e-01
5.706547624223529125e-01
5.470104400526184518e-01
3.920308033282405291e-01
4.545283541392848292e-01
4.447012612768260209e-01
3.106966390567462155e-01
6.404071170545652114e-01
5.829143806803842587e-01
4.905803363651424220e-01
4.541860948696290756e-01
4.562078170303995872e-01
4.246888091782457519e-01
4.072983951159125371e-01
4.350126906062904975e-01
5.727543212623142921e-01
5.959620465545897305e-01
3.997174402622623579e-01
4.052279860143451207e-01
2.855037369517628987e-01
6.151346824968924043e-01
4.134597049396738222e-01
4.014506085027586546e-01
5.510539658627541248e-01
3.753918482951727476e-01
5.599614795783592891e-01
5.695701228259757443e-01
3.172719142677549176e-01
6.243987182728991669e-01
1.087092584452790250e-01
5.635990815951203992e-01
6.306330680702929570e-01
5.141780792720730409e-01
5.118335112520646657e-01
5.002540750720433360e-01
3.949167698264073878e-01
5.431970839752487956e-01
5.364851860673021111e-01
4.247511061695145584e-01
4.536904440261831928e-01
2.990866589973603107e-01
3.203233451244746899e-01
6.306330680702929570e-01
4.186349712736330275e-01
3.028602351283667393e-01
5.132951112670069982e-01
5.088277611969370673e-01
2.439846911424503328e-01
3.682382290907367794e-01
5.405717673742781448e-01
4.958472268535491501e-01
3.238784696657877049e-01
2.810531848616147355e-01
4.327168367592370002e-01
6.408619065647351842e-01
6.306330680702929570e-01
5.569365593313235774e-01
4.597702556927864559e-01
3.062702049921470770e-01
1.757551087867508799e-01
5.695701228259757443e-01
5.794690473649833917e-01
1.758300577138663945e-01
5.039642988097520204e-01
4.042627108907271838e-01
4.132884639336351640e-01
4.040468682872787598e-01
1.989857108586593204e-01
2.961064865906588572e-01
4.710250955678763063e-01
5.633357730285819542e-01
6.071598455567098762e-01
5.383778480676949529e-01
5.702189724353760036e-01
4.015578586149415319e-01
4.939942631030457276e-01
5.826000924748060417e-01
4.108219277555387183e-01
2.692636815822958551e-01
3.105674182058488775e-01
5.871852669455587259e-01
4.878202718246100744e-01
2.021942482959964149e-01
5.484473194005931029e-01
4.347397785465004216e-01
4.851162126074694547e-01
5.479645620484711044e-01
4.165136606955555099e-01
3.925337230790629794e-01
4.477756238971923319e-01
3.925337230790629794e-01
5.012126100286946606e-01
2.813419127766690342e-01
3.861473879058355818e-01
2.162854418350866337e-01
4.649802224480782953e-01
2.965917742467985563e-01
4.976778555572711760e-01
5.567580065948203316e-01
4.227177789518846707e-01
5.441683005944534246e-01
3.398726146994472952e-01
3.083729601806606269e-01
3.315928333020424223e-01
4.015578586149415319e-01
5.614428064853541622e-01
2.942290487177626757e-01
4.974731516339926940e-01
5.532668653597770936e-01
4.495520792118108955e-01
2.358104459982508505e-01
4.612488324636490611e-01
3.504925527151550035e-01
4.453917847148400888e-01
2.518809579021499268e-01
5.010735077502316281e-01
3.987920821812531713e-01
4.765066203626477925e-01
5.114233999427409971e-01
3.186994662898200437e-01
4.058905270588724634e-01
5.733994354927387516e-01
3.387467804357084389e-01
1.603044420613267684e-01
2.611488368424293438e-01
4.734231607463794678e-01
3.412627823735306931e-01
4.244950706679339048e-01
6.318377710288566318e-01
3.564379684853984376e-01
5.877423721424706038e-01
3.745009218478610458e-01
5.090224571982367996e-01
5.695701228259757443e-01
3.099663756890895239e-01
4.588765265159381879e-01
4.015578586149415319e-01
2.900154373973887201e-01
3.075609041951458122e-01
3.802607248926882511e-01
5.649933292077351510e-01
1.602760784176290587e-01
5.124971252644023867e-01
3.685692310852141662e-01
5.399989171049247583e-01
5.766987139103022519e-01
3.823078641153047075e-01
5.447688931569697468e-01
3.268642897310130579e-01
5.945555639075994492e-01
4.468082785059345752e-01
4.071771363451445747e-01
3.209739431007778143e-01
2.757050924437220996e-01
6.185345699140480935e-01
4.413439340846307402e-01
5.431970839752487956e-01
4.907626729164444312e-01
5.110128834771135997e-01
5.187632537428257251e-01
6.208456077679380680e-01
2.522742138569289971e-01
4.097089923879795315e-01
4.748949719890291354e-01
5.138269641462344106e-01
6.341341237856737978e-01
2.992289869353240706e-01
5.708513734056286371e-01
3.259079618264285605e-01
5.122835122678994768e-01
4.736675038818919936e-01
3.229218860699493154e-01
3.724317349712749081e-01
5.185261077964111731e-01
4.068569968634950795e-01
5.708513734056286371e-01
3.443884973601060162e-01
4.480581950578847450e-01
5.695701228259757443e-01
4.365810696794472090e-01
5.353603262366952720e-01
3.068159294337141074e-01
3.081484809295065852e-01
3.138912898605112356e-01
5.412590914494935790e-01
4.125345506840909504e-01
5.482940118099465243e-01
4.773502845683562645e-01
3.216071953358145552e-01
4.012458449181875997e-01
5.816489751630046223e-01
5.415427041882570069e-01
5.191030179439658498e-01
5.467967412020604545e-01
3.398926040388234870e-01
4.155930122187751485e-01
5.813703895637465369e-01
2.872506853917483061e-01
3.363328264363882325e-01
2.729510379988689950e-01
3.440931643994793454e-01
4.056858070249662052e-01
5.829143806803842587e-01
3.925798226530379798e-01
6.071598455567098762e-01
4.803253342111808433e-01
3.730864367922022140e-01
5.431970839752487956e-01
5.002409988550186037e-01
6.243987182728991669e-01
4.112479417096374656e-01
2.456485460573690494e-01
3.289384568703747624e-01
2.508645302880471162e-01
4.796506734012213058e-01
6.066487207151274319e-01
5.431970839752487956e-01
5.712695664294853426e-01
6.468868585294914597e-01
3.879710489189508449e-01
5.599614795783592891e-01
2.338396551446367544e-01
3.393023066871580506e-01
4.183223608600139531e-01
4.926794409893399118e-01
6.243987182728991669e-01
4.162578954367635586e-01
5.851820042381622455e-01
4.882670520661023250e-01
2.525755622141511170e-01
5.060400340848644207e-01
3.512155176566074677e-01
3.694758463736794174e-01
5.505430354920399783e-01
3.631964759986138769e-01
2.758236724848176502e-01
2.802688447686212392e-01
5.585135877328090137e-01
4.490886110623635297e-01
4.827854504600151420e-01
5.122800111686334201e-01
3.387467804357084389e-01
5.429546416859355462e-01
3.827241231362507601e-01
6.256307355016245131e-01
3.404412546900935643e-01
4.905803363651424220e-01
5.364693691726425406e-01
5.664412210532854264e-01
5.323955464434753093e-01
4.851188158770400882e-01
3.266898281585108310e-01
3.254378148343396449e-01
2.311102496484728208e-01
6.143658662930118197e-01
5.108188127760509012e-01
4.314478773413079615e-01
3.958666622107996358e-01
6.468868585294914597e-01
5.832846164189732230e-01
1.652414245188523478e-01
4.015270722446438456e-01
3.521275601478448536e-01
4.720544659406422094e-01
4.113937771911183594e-01
2.352493387135186353e-01
5.114233999427409971e-01
2.942925807185754472e-01
5.987989072356373343e-01
5.691316339450568362e-01
3.134451816920464373e-01
3.195619452142300365e-01
5.006038122714787653e-01
5.603487732496447160e-01
3.570733429578420992e-01
5.348177531378621730e-01
4.529742318283810354e-01
5.250498747319097825e-01
6.011629261882354136e-01
4.214297246982097178e-01
5.773311148805548854e-01
4.874829673525440388e-01
4.335078779379323288e-01
5.529742061397251440e-01
5.673111837280889747e-01
3.123614317141414354e-01
6.357481155800278616e-01
6.263137502437569060e-01
4.379874395520430008e-01
2.029990095971302422e-01
6.127027731509384623e-01
1.834077383682533868e-01
5.367173425003225473e-01
5.068153697920807499e-01
2.988121554154243298e-01
4.354615313451064007e-01
3.916928919532349784e-01
5.791039819945777989e-01
1.273342708667874190e-01
5.702189724353760036e-01
5.431970839752487956e-01
5.685227727847251833e-01
3.657419936459296306e-01
4.869616677660307258e-01
5.766987139103022519e-01
3.751362167026215944e-01
5.064972871698713019e-01
5.740548653061627871e-01
5.431970839752487956e-01
6.260562744520524747e-01
3.585970662810917808e-01
6.333164429043930399e-01
2.497802710064251086e-01
3.176702338448159080e-01
1.522530127021158308e-01
4.278468028989490524e-01
4.693023149404767502e-01
3.681288369926354886e-01
3.847183661787585418e-01
2.500943600638560471e-01
2.198454673333107012e-01
2.782962612698628435e-01
3.736751613308378905e-01
5.438418886737407254e-01
5.164103048703051480e-01
3.924992830262631904e-01
4.661597610218033427e-01
6.243987182728991669e-01
5.495146320687596120e-01
4.722512198407772810e-01
5.614428064853541622e-01
5.773311148805548854e-01
5.635990815951203992e-01
3.446950237770370906e-01
4.598315007120307718e-01
2.101237542950584736e-01
5.635990815951203992e-01
6.083550749464395890e-01
5.073861693344265955e-01
4.771125922118110152e-01
4.242582871586747517e-01
5.068153697920807499e-01
5.347793499745673307e-01
5.064972871698713019e-01
5.469116778506678545e-01
5.367173425003225473e-01
3.224386931072400486e-01
4.052475220734131911e-01
6.044590004617816925e-01
4.385340733605937458e-01
5.571150012682833941e-01
5.482901386071484806e-01
6.299045168985812904e-01
3.647657333608335661e-01
5.367173425003225473e-01
5.398905649218620484e-01
5.556396835215119401e-01
4.221533373908386011e-01
5.630903813510494960e-01
5.514684168555047394e-01
1.911553495590332941e-01
5.713404378086788249e-01
6.062230316760122140e-01
5.296266683501503758e-01
5.111912435097206719e-01
2.914721251260107837e-01
5.794801888515207500e-01
5.816489751630046223e-01
1.508437317949889722e-01
4.358174112670664679e-01
5.333263578160796214e-01
5.702189724353760036e-01
3.144029841868009600e-01
3.984466794682681723e-01
5.766987139103022519e-01
5.708513734056286371e-01
3.062702049921470770e-01
5.522392351426907986e-01
5.939332712649154633e-01
4.012665779449301473e-01
5.794801888515207500e-01
5.164103048703051480e-01
4.592153286527507761e-01
4.057916106106532750e-01
4.660378660371472526e-01
4.969991238515197307e-01
5.068153697920807499e-01
3.257384226223814516e-01
6.423100649112508664e-01
5.187632537428257251e-01
1.559577155875320753e-01
4.738105480671851444e-01
3.548725623947350805e-01
6.306330680702929570e-01
3.688593713306575483e-01
4.275221898597526549e-01
6.058773794042058292e-01
4.368289928043322390e-01
4.377216000578496025e-01
3.989041104977573693e-01
3.062702049921470770e-01
5.114233999427409971e-01
3.738029071758070532e-01
2.525440881798959869e-01
3.724120658696032371e-01
3.654067772151637916e-01
2.016221985689345964e-01
5.154763927735200868e-01
6.222253566470645758e-01
4.198445740457729114e-01
5.574170855174068739e-01
4.316739181800220426e-01
4.954722501209919971e-01
5.927020325433004500e-01
4.781064183821066016e-01
4.080934243505910941e-01
5.988453114563867530e-01
5.975560870514371459e-01
4.353403305725984107e-01
6.062230316760122140e-01
6.113143496861764836e-01
2.118705470336218477e-01
3.387467804357084389e-01
4.316739181800220426e-01
3.960596758468007406e-01
3.969810649967009941e-01
2.007238804616565675e-01
5.040726033885081225e-01
5.431970839752487956e-01
6.243987182728991669e-01
6.241533265953668197e-01
5.630353596074688660e-01
3.659139722069021383e-01
4.613146515499698119e-01
2.522742138569289971e-01
4.001843027650742735e-01
4.145019972831959221e-01
5.102603701891539334e-01
3.026780283975428754e-01
4.652147233412294858e-01
6.332037215190755575e-01
3.582876575169410271e-01
6.151291910594881562e-01
3.022874758061057099e-01
4.184980543238741024e-01
5.765262782232588590e-01
5.532113175782144010e-01
5.005522343564807741e-01
4.041056111701191167e-01
6.468868585294914597e-01
5.193941044549275077e-01
3.704276877282752234e-01
1.815726827758352424e-01
2.410673428043950406e-01
3.002773097466741037e-01
4.263790863542445408e-01
5.595965335305387311e-01
5.333263578160796214e-01
5.545749460592418467e-01
1.476101152032311681e-01
4.191081577695171534e-01
5.468967734411780413e-01
5.100799933138275843e-01
3.396375827792164626e-01
5.920053013166133304e-01
3.354676548544082704e-01
4.206194460787277545e-01
2.592781864289878113e-01
5.664412210532854264e-01
6.404071170545652114e-01
1.824237210757287397e-01
4.601091549091239075e-01
5.874006557490013547e-01
6.287050981219908241e-01
3.988893317511643111e-01
2.957530101664849198e-01
5.367173425003225473e-01
3.918284134108093175e-01
1.494849482474637226e-01
4.013401193228751107e-01
3.655840620972302668e-01
4.477019053023417738e-01
5.832950302248325336e-01
5.431970839752487956e-01
1.766858549892673935e-01
2.902099556620852394e-01
5.648968710334365539e-01
6.404071170545652114e-01
6.333164429043930399e-01
5.296266683501503758e-01
3.167163010189152361e-01
4.403120736324468432e-01
2.895854532649066448e-01
5.482901386071484806e-01
5.404170319662517930e-01
5.381847288291272680e-01
3.952522720908919207e-01
5.025514405117410544e-01
3.654012883762479680e-01
6.201000794245478120e-01
3.925207364579165192e-01
6.357481155800278616e-01
1.637346875139601698e-01
6.343821650898090470e-01
3.819844306858806715e-01
2.945586136442417957e-01
2.906697125465286247e-01
5.618644274350449441e-01
2.827808257016279914e-01
4.774982193166070199e-01
6.146590308670785152e-01
4.622724005158643235e-01
3.922418189797261534e-01
6.016462380577716207e-01
1.648675030843847478e-01
5.686688157295161083e-01
4.969811249542211984e-01
3.572860092730685277e-01
3.017296179830275538e-01
5.987989072356373343e-01
5.885503042230311177e-01
4.579896102637304178e-01
4.424280958709697620e-01
5.952135834784547663e-01
4.179372252852746605e-01
5.521495515393446407e-01
6.198219246546585737e-01
2.522742138569289971e-01
4.091147372267353033e-01
3.272403731077895839e-01
5.089512037373161712e-01
4.744672921960176315e-01
5.341729484393702432e-01
6.356320186544015538e-01
4.060186366922108880e-01
4.347397785465004216e-01
2.881244206558808973e-01
6.105363808787431790e-01
3.176520257172352757e-01
5.702513642557170970e-01
2.436828961570502161e-01
4.874498803845990214e-01
4.022218079362161469e-01
2.963259260216842828e-01
3.590116055185068600e-01
6.306330680702929570e-01
6.404071170545652114e-01
5.512239814216859379e-01
6.057303215938041330e-01
3.753077748281787307e-01
5.438418886737407254e-01
5.925645574382435443e-01
4.569581552796689872e-01
5.719914491525088795e-01
6.313829815186866590e-01
5.252073838703426034e-01
1.964815871307920292e-01
3.393881541941198288e-01
6.241533265953668197e-01
5.757172302478604786e-01
4.414032549752201495e-01
6.243987182728991669e-01
3.771005604987551219e-01
4.519574037352533935e-01
4.777584864044991941e-01
7.653840970787352538e-02
4.471843793445528514e-01
3.745009218478610458e-01
2.887942576320636778e-01
6.129443881854998999e-01
6.468868585294914597e-01
4.317057436338418985e-01
5.449250298777945645e-01
5.400627305739957862e-01
5.431970839752487956e-01
5.140288237641627012e-01
5.386570949302688094e-01
6.404071170545652114e-01
4.676736337875289085e-01
6.260562744520524747e-01
3.562246672035583317e-01
4.184504341145154904e-01
4.227333029449371060e-01
1.802191482787207089e-01
5.522392351426907986e-01
2.743845117680094314e-01
5.942221136173968521e-01
4.892683350664520647e-01
4.355422927788468734e-01
5.888072611485813956e-01
4.882206648914365066e-01
4.309522913561313340e-01
2.161918404388822879e-01
6.299045168985812904e-01
4.567807415125802462e-01
3.831180649880152056e-01
4.368289928043322390e-01
5.520809331534920483e-01
5.346675370207777389e-01
3.858676127186099758e-01
5.937394444059996834e-01
3.594896632445953033e-01
3.087135474789711176e-01
5.269452925851093594e-01
5.429649275422283594e-01
4.911196185304474437e-01
3.357243414332303777e-01
3.107457279317214494e-01
1.579170606196529658e-01
3.713221980107221376e-01
3.570746721366039877e-01
5.532668653597770936e-01
3.122164085201193928e-01
5.067865841538746752e-01
4.830691979044147710e-01
3.546787696279865010e-01
5.156282577873730899e-01
3.381816530816165178e-01
6.326859654391581156e-01
5.624788973805148196e-01
4.015578586149415319e-01
3.757482567496636672e-01
4.431978191551642632e-01
6.387109174039142800e-01
6.222253566470645758e-01
3.870658326566143170e-01
4.765402943810813086e-01
6.055280602495766162e-01
4.184898568207000569e-01
5.064972871698713019e-01
6.222253566470645758e-01
4.349407560296029152e-01
3.013864669121693596e-01
3.799556062328067751e-01
3.682236489725932982e-01
4.206390449172743851e-01
5.388810783898452250e-01
5.421456890230897940e-01
3.935459792878444052e-01
5.708513734056286371e-01
5.318253975626127117e-01
6.201000794245478120e-01
5.455981574756868513e-01
3.178760191550069614e-01
3.192288664039221735e-01
5.987989072356373343e-01
4.261358678444907566e-01
5.330831503239165103e-01
5.692797669059991295e-01
6.468868585294914597e-01
2.547578239744101580e-01
3.850902441619860617e-01
3.734279965487936059e-01
5.068153697920807499e-01
5.405291465525693395e-01
3.632665938161852015e-01
2.745446703251660514e-01
6.038967453727746015e-01
4.968426551478230535e-01
6.170626524451945372e-01
4.947693642187336871e-01
6.306330680702929570e-01
4.341267731090657778e-01
5.367173425003225473e-01
3.083729601806606269e-01
5.259970073137930635e-01
3.682065012361394052e-01
3.046881274159750075e-01
4.348680444009585533e-01
4.916160080721620473e-01
4.733861958983572871e-01
5.900099134840771642e-01
5.094854074169858915e-01
5.043659781283126309e-01
3.707030649219951735e-01
5.923191657607110860e-01
5.514229135826368422e-01
3.462483471047423933e-01
4.831368897732606360e-01
3.428661401141527842e-01
3.059673717547410354e-01
1.456114212619948611e-01
5.734027553214573469e-01
3.250252155243886776e-01
5.223540203976501095e-01
2.014851951414832754e-01
4.368221295729571851e-01
5.350211428496716159e-01
3.745009218478610458e-01
2.811897391663392698e-01
6.159952435290194650e-01
3.326546521421954727e-01
4.748192480887474809e-01
5.892406900451020446e-01
2.898204150259519607e-01
5.465639030296359779e-01
4.135190557648490417e-01
2.932710314839306887e-01
4.743378340511639757e-01
4.943335742317567783e-01
5.254625026252326414e-01
5.832950302248325336e-01
1.630612601544515761e-01
5.132951112670069982e-01
3.083729601806606269e-01
2.686600935863467932e-01
3.280337992830339444e-01
4.013658609878860695e-01
2.668051461498354149e-01
4.958306787442673391e-01
5.276060060608088742e-01
6.306330680702929570e-01
4.533319369285596090e-01
5.431970839752487956e-01
3.483125902013294306e-01
4.572781683708450062e-01
5.046778200130167535e-01
4.695651449694003832e-01
5.703319717550076051e-01
5.431970839752487956e-01
5.818165656047271650e-01
2.508645302880471162e-01
1.767902769067278834e-01
3.355349243129875925e-01
4.049403644316916240e-01
5.522392351426907986e-01
4.814935252902119434e-01
1.599312892597137270e-01
4.272292878369491342e-01
5.431970839752487956e-01
5.431970839752487956e-01
3.083729601806606269e-01
5.766987139103022519e-01
3.584968029843899617e-01
4.064836885683390522e-01
4.755794358561457047e-01
6.243987182728991669e-01
3.129879611401137351e-01
8.063020275096750844e-02
5.068153697920807499e-01
6.306330680702929570e-01
3.102619897022163564e-01
5.691551737549778167e-01
4.086106047094292260e-01
5.068153697920807499e-01
5.321405488820819540e-01
3.616577984788375555e-01
4.588997466078522658e-01
3.832443079712610778e-01
4.635053057000292909e-01
1.705205188597743449e-01
5.810643258856211801e-01
5.165558110713421858e-01
4.386323373803575065e-01
4.262403933896667385e-01
4.214834748455304481e-01
4.887095825318644726e-01
4.672793543401577154e-01
4.718206093686627689e-01
3.403490529436551393e-01
4.477994357168739725e-01
5.636884964108314078e-01
4.373272031588049114e-01
5.132951112670069982e-01
4.047945207389874733e-01
4.276470316341395295e-01
4.191515462886246657e-01
4.592619623719914612e-01
6.468868585294914597e-01
4.437445044137843242e-01
4.093713143572280111e-01
2.870607808990302545e-01
5.350211428496716159e-01
5.456838376399987256e-01
2.067514420362949745e-01
5.068153697920807499e-01
3.482839298102619052e-01
3.273593519648774208e-01
3.606140050405642339e-01
6.216089325344144045e-01
1.711838219889655899e-01
5.090848530360025936e-01
3.673454776730856186e-01
6.306330680702929570e-01
6.306330680702929570e-01
2.489265377622918995e-01
3.887257366219635246e-01
4.968187044649239326e-01
4.531389798356650345e-01
5.508690362279559105e-01
5.350211428496716159e-01
4.865083321620634060e-01
6.404071170545652114e-01
1.688556030340312430e-01
5.421456890230897940e-01
6.243987182728991669e-01
2.522742138569289971e-01
4.571306800428930894e-01
4.491313135805460877e-01
6.241533265953668197e-01
5.136218333432893690e-01
4.588997466078522658e-01
5.033161395667370419e-01
3.532003956431548630e-01
5.296266683501503758e-01
5.119790174531015925e-01
4.296478863743498633e-01
3.183654507764310249e-01
6.272914909396368754e-01
3.280337992830339444e-01
5.350211428496716159e-01
5.277117535191475639e-01
3.693936495349732230e-01
5.229988250961420393e-01
5.132951112670069982e-01
3.920724488853010170e-01
1.751222359310135313e-01
4.329975450116600455e-01
3.116920623619224839e-01
4.290097394187740720e-01
5.321405488820819540e-01
6.345767008163472056e-01
4.833133616402915389e-01
3.030022044749379195e-01
1.716732982004497421e-01
4.792137298932951373e-01
4.686866765067647655e-01
3.568636602269415481e-01
5.816489751630046223e-01
3.848953735422690481e-01
3.582759473772126890e-01
3.682952576988415272e-01
6.387109174039142800e-01
4.366245811590235837e-01
4.693632061495471297e-01
6.408619065647351842e-01
1.965393499677655365e-01
6.275175132771138031e-01
3.251804127357648677e-01
5.511532896500074274e-01
4.494005393208204135e-01
5.488688435825775924e-01
4.346918965134554114e-01
5.416788380575662254e-01
1.838021132321168427e-01
2.928818086948926647e-01
5.092546136312572358e-01
6.195765329771262264e-01
3.017296179830275538e-01
2.669968938023113969e-01
2.808118602341114767e-01
2.887942576320636778e-01
4.579090477702582040e-01
1.567857945798024621e-01
3.328984096823729977e-01
4.508047014137727682e-01
2.135136285932587585e-01
4.401244676585854831e-01
3.730159422977593620e-01
5.635990815951203992e-01
6.306330680702929570e-01
5.987989072356373343e-01
5.104380571093382057e-01
3.442553795042573306e-01
2.852024186330661126e-01
3.281183150127455206e-01
4.199914015261671518e-01
5.029801428618888570e-01
6.195765329771262264e-01
4.318091987057564030e-01
3.216981236150813772e-01
4.538175779791152054e-01
4.335199400169231221e-01
4.494005393208204135e-01
5.431970839752487956e-01
5.980708463467078184e-01
4.748796545238308520e-01
3.540381808209365211e-01
3.881164676029000837e-01
3.125625587662335114e-01
4.107794455891684016e-01
5.014457166769356045e-01
1.661169537793431850e-01
6.219254905715380088e-01
5.367173425003225473e-01
5.068153697920807499e-01
3.404412546900935643e-01
6.181378091181797263e-01
5.192509451046306568e-01
4.222196669242112010e-01
4.044700058187112868e-01
5.611948368994974512e-01
5.367173425003225473e-01
4.253268371230549683e-01
3.323421802799753078e-01
3.359579456400210162e-01
4.688352004882342383e-01
4.232910746021415482e-01
5.164103048703051480e-01
2.810442595738230631e-01
3.527430610695532764e-01
4.830691979044147710e-01
3.520013023012455999e-01
5.620991104302598407e-01
4.751138807047934898e-01
6.404071170545652114e-01
5.438679833174093758e-01
3.776741442694004913e-01
5.671684055240635569e-01
5.350211428496716159e-01
4.127649656102178044e-01
4.205615038421184337e-01
2.844117079820891458e-01
2.242285661997832913e-01
4.154167946917841636e-01
4.367862111881641862e-01
5.727543212623142921e-01
4.141562837910039985e-01
6.341341237856737978e-01
4.198035811250469540e-01
3.465790409185012244e-01
2.983578965165757935e-01
3.840861778687926220e-01
5.754346179271124795e-01
6.287050981219908241e-01
5.138196988767415041e-01
5.816489751630046223e-01
5.386570949302688094e-01
3.946964102186867884e-01
4.973621969089360162e-01
4.020726909797047166e-01
5.319422441001588897e-01
3.359268387202002382e-01
6.306330680702929570e-01
4.725035854452884765e-01
3.801007127863351709e-01
5.383381489862892888e-01
2.730212620426442083e-01
5.468967734411780413e-01
3.510764804442927378e-01
6.114184499107789827e-01
5.664412210532854264e-01
4.641601968987876803e-01
5.064972871698713019e-01
4.363859923239968852e-01
5.685227727847251833e-01
3.661984005591895630e-01
4.705655929195333154e-01
4.015578586149415319e-01
5.104380571093382057e-01
4.715201091580387693e-01
3.183102767614328643e-01
4.458275894612307999e-01
4.302175274066488697e-01
2.892855494593291610e-01
5.816489751630046223e-01
4.884115500536586607e-01
3.563625379024820128e-01
5.582652799277083577e-01
4.994972686655679839e-01
5.518355414759595901e-01
4.248019956929782182e-01
3.315413146325789095e-01
2.522742138569289971e-01
3.444490656290439268e-01
3.432089156514743222e-01
3.230714377015923011e-01
4.347397785465004216e-01
3.432279271277138832e-01
6.243987182728991669e-01
6.423100649112508664e-01
4.770302202349899212e-01
2.930919555158129075e-01
6.178871300365486041e-01
4.653603345211958509e-01
4.146331146148320990e-01
4.485529177212912999e-01
1.819362427899687273e-01
5.367173425003225473e-01
5.431970839752487956e-01
5.567580065948203316e-01
4.313211999947492159e-01
4.272616188526628389e-01
1.917567569035573127e-01
5.606698628425752506e-01
6.241533265953668197e-01
1.651296821400063952e-01
5.367173425003225473e-01
5.123326241135117698e-01
1.870722722616303124e-01
6.468868585294914597e-01
4.955305801560030421e-01
2.970568404665824280e-01
4.222015415324997245e-01
4.922126707848342719e-01
5.169177985842644540e-01
5.012859264814878424e-01
2.734243013060688177e-01
6.468868585294914597e-01
3.969810649967009941e-01
3.492046373246975866e-01
4.792137298932951373e-01
4.601434548514316547e-01
5.051191701414298185e-01
4.346719472947393470e-01
2.848359208719413171e-01
5.254625026252326414e-01
4.746403484020794705e-01
1.628257328584013230e-01
4.522580342860531566e-01
3.624111225991026308e-01
3.959530830482314023e-01
3.851675026255488854e-01
2.887942576320636778e-01
2.219198590860055609e-01
5.583684438649878512e-01
2.909188779567249417e-01
4.103285651409356860e-01
5.259970073137930635e-01
3.816098475723391226e-01
6.306330680702929570e-01
5.500286659700219793e-01
4.131623509787464843e-01
4.570255642251030426e-01
6.243987182728991669e-01
5.637606992554564656e-01
5.484147548327463761e-01
3.083729601806606269e-01
5.773311148805548854e-01
6.306330680702929570e-01
3.937398356655878451e-01
4.526077893630883753e-01
5.085285804986982017e-01
3.328984096823729977e-01
3.198004206512249925e-01
4.351595006248429875e-01
4.040773209077324624e-01
3.175139736438246096e-01
5.512898641190014937e-01
5.630903813510494960e-01
6.151131744969836612e-01
5.319422441001588897e-01
5.118335112520646657e-01
5.114233999427409971e-01
3.607877926691274162e-01
5.826196752027248404e-01
4.043187877245183470e-01
6.170626524451945372e-01
4.280081757816823207e-01
5.624788212967758438e-01
5.341729484393702432e-01
4.178114405714346002e-01
6.404071170545652114e-01
3.544141590109045059e-01
6.326859654391581156e-01
3.987894058421900811e-01
4.092951602512148179e-01
2.665144208287547056e-01
2.664611314453885771e-01
5.767935959455060546e-01
3.280337992830339444e-01
4.129296133158514293e-01
5.677613183062251156e-01
4.970148219432917736e-01
6.326859654391581156e-01
4.258716599931033908e-01
4.379874395520430008e-01
2.609998230978752831e-01
5.341729484393702432e-01
3.331977489923408919e-01
5.068153697920807499e-01
6.241533265953668197e-01
5.027800545815004352e-01
3.969810649967009941e-01
5.727543212623142921e-01
5.459662418737993850e-01
6.468868585294914597e-01
6.306330680702929570e-01
4.592153286527507761e-01
3.695318750834662991e-01
6.127027731509384623e-01
2.533348009096635933e-01
1.767232335166351864e-01
6.109705167719746699e-01
4.534563231359686197e-01
3.409608276330667320e-01
1.796821361528400385e-01
6.241533265953668197e-01
4.901414368191243653e-01
5.431970839752487956e-01
4.185578291184088862e-01
5.908658328884306421e-01
2.321554802586839328e-01
3.311339324636017323e-01
5.341729484393702432e-01
3.280337992830339444e-01
2.798991594938047278e-01
6.243987182728991669e-01
4.419794009593202011e-01
5.094854074169858915e-01
3.280337992830339444e-01
4.071048108518692810e-01
6.306330680702929570e-01
5.835012490668203267e-01
5.470104400526184518e-01
4.558246894635191726e-01
4.830691979044147710e-01
4.455592365012241984e-01
5.205085652390888384e-01
4.265925274347580620e-01
5.367173425003225473e-01
4.412564235451236772e-01
4.665741628511543282e-01
5.898246886610020168e-01
1.753266835394009515e-01
5.641750209474266642e-01
6.468868585294914597e-01
3.946924978306843301e-01
6.298053714715684537e-01
3.351271707680551493e-01
3.078159619375293032e-01
5.813703895637465369e-01
3.083729601806606269e-01
3.673583436204330144e-01
5.955528410783056392e-01
6.468868585294914597e-01
5.520008089730349399e-01
5.734027553214573469e-01
4.316739181800220426e-01
4.594800917491292380e-01
2.352493387135186353e-01
3.835593226102430031e-01
3.328984096823729977e-01
5.793561072908861576e-01
3.192656373007736748e-01
3.883581904227584314e-01
5.858953150678100075e-01
5.959050056816199703e-01
5.766987139103022519e-01
5.276886758243951592e-01
5.254625026252326414e-01
2.773300640986380849e-01
1.463131848251641720e-01
5.805346067810890354e-01
5.805346067810890354e-01
2.363146357862402347e-01
2.094482816133982073e-01
2.269085767190441305e-01
2.946288310358867735e-01
4.205615038421184337e-01
4.115373683062398258e-01
3.704709084889747372e-01
4.336086914905276091e-01
3.479408286303800613e-01
5.749033952332802677e-01
4.021786230346559021e-01
4.015578586149415319e-01
3.180299685722765002e-01
4.559906253957382583e-01
5.318253975626127117e-01
4.106694787054436246e-01
5.446395241922363795e-01
4.210957267506019730e-01
6.387109174039142800e-01
4.595815608483659886e-01
3.962334125449922251e-01
4.947790032593059051e-01
5.702189724353760036e-01
4.341267731090657778e-01
3.382866625692631524e-01
5.367173425003225473e-01
5.110331661338549658e-01
3.308894406945554478e-01
6.117227564910806548e-01
3.790918548806205268e-01
2.357208606177643995e-01
4.565969191456385468e-01
5.695701228259757443e-01
5.305830251499253913e-01
6.404071170545652114e-01
6.309730171798642040e-01
4.015578586149415319e-01
4.157778601570996657e-01
2.954629859175615381e-01
3.413390716009382375e-01
4.086824047883596545e-01
4.037016768833665559e-01
2.927924726653484688e-01
3.154492847505759312e-01
5.590222879768799169e-01
4.859144098152073377e-01
5.214271874146523267e-01
2.537355128629805723e-01
6.009512666313360230e-01
5.014484658776121595e-01
2.110285803683840389e-01
4.318091987057564030e-01
4.825587578164828861e-01
5.503216301486668627e-01
5.438418886737407254e-01
3.194327600145929202e-01
2.776610166178972716e-01
2.511667199318581289e-01
4.332728562037758691e-01
6.387109174039142800e-01
3.453368307554265382e-01
4.468447290611420875e-01
4.350481224501244748e-01
2.396736730955897621e-01
4.100337375343237611e-01
4.353736076459513438e-01
1.532381616882875497e-01
5.072798850283944949e-01
3.630274559725394923e-01
5.164103048703051480e-01
4.439304717808909007e-01
3.357243414332303777e-01
3.790918548806205268e-01
4.125345506840909504e-01
2.939772351361169545e-01
2.204715878611558932e-01
4.297734597791171840e-01
4.118036523498205814e-01
5.191133675151931026e-01
6.404071170545652114e-01
3.651444638696641487e-01
3.981604788429851105e-01
5.939332712649154633e-01
5.190038026695861229e-01
3.650559309808997788e-01
2.488960423187501492e-01
3.933269732846761402e-01
4.339937338315048576e-01
4.907266788636706067e-01
2.843199514086752755e-01
6.039438496262860001e-01
3.363328264363882325e-01
6.306330680702929570e-01
2.718726530678947650e-01
4.728466266520591210e-01
6.468868585294914597e-01
4.943751597117665986e-01
4.401247812441598239e-01
4.559299134823642241e-01
4.117212853620970670e-01
3.083729601806606269e-01
5.579502257917033914e-01
1.975779496514603051e-01
4.107254750900354301e-01
2.596407303302361025e-01
5.743002569836951343e-01
5.820495095875973801e-01
3.551687506737877253e-01
4.070719811342711214e-01
3.276892247602565256e-01
5.293448229992244736e-01
3.144029841868009600e-01
5.487066397032693832e-01
4.385315226844273551e-01
4.203210157199854247e-01
6.287050981219908241e-01
2.399800016116479529e-01
3.933269732846761402e-01
4.986021537668512971e-01
4.193041808707880791e-01
4.756345594604697857e-01
4.030528008733245682e-01
5.187632537428257251e-01
4.213270892934610767e-01
4.910017024550956122e-01
4.184980543238741024e-01
3.935955073073511556e-01
5.697597642477331137e-01
2.917210382749578779e-01
4.155376598435365776e-01
5.323955464434753093e-01
3.432606438630385615e-01
5.587758384027695646e-01
5.431970839752487956e-01
3.673454776730856186e-01
3.259962486903156820e-01
5.024902219970779349e-01
1.554761078066570490e-01
6.101870617241139660e-01
1.422562658863642804e-01
3.298122454554883176e-01
5.237663029745817100e-01
6.287050981219908241e-01
5.589641325602860977e-01
3.593737244110002949e-01
2.497599727587535845e-01
4.448572528980612173e-01
3.080068009505983473e-01
5.522392351426907986e-01
3.135551025305575723e-01
4.778568168416252315e-01
2.670571835132979910e-01
5.431970839752487956e-01
4.820252688250494799e-01
5.816489751630046223e-01
5.022546491755116582e-01
4.291882453824870103e-01
5.677999739386481171e-01
2.272412179439135260e-01
3.707030649219951735e-01
6.468868585294914597e-01
5.695701228259757443e-01
4.485014377173344724e-01
6.306330680702929570e-01
4.132139108082654722e-01
4.133623381259682317e-01
4.305899590757744644e-01
3.920048351789848229e-01
2.839685342345505403e-01
4.459998887796055023e-01
6.306330680702929570e-01
5.350211428496716159e-01
5.244151124633219530e-01
4.559299134823642241e-01
5.961033104635431457e-01
3.921032836914215558e-01
5.766987139103022519e-01
1.383219820856426419e-01
5.478723908602557424e-01
5.687951461259100894e-01
3.195619452142300365e-01
2.968661374064239800e-01
2.914721251260107837e-01
4.572559657430300128e-01
2.485030693913223843e-01
5.533421956410431441e-01
3.950524909518267069e-01
4.023359919586572686e-01
2.591676152408119438e-01
5.816489751630046223e-01
3.086937936665791193e-01
3.111406065905066298e-01
5.026519451560410578e-01
5.536884863094678755e-01
5.717460574749765323e-01
6.159952435290194650e-01
4.933608624423543310e-01
3.981771467945496856e-01
5.987989072356373343e-01
4.818403308750884850e-01
4.985710567212862654e-01
3.932916457961344037e-01
4.635053057000292909e-01
5.618644274350449441e-01
4.417523916120275618e-01
4.981588562273276399e-01
4.992946433250921023e-01
5.250498747319097825e-01
3.315726131129609899e-01
6.404071170545652114e-01
5.064972871698713019e-01
5.431970839752487956e-01
2.646127527795521517e-01
4.619743778079746788e-01
3.074127409877990824e-01
4.117212853620970670e-01
4.335303560055125960e-01
6.341341237856737978e-01
6.051841001133850817e-01
3.742067203730024549e-01
4.715188083547696696e-01
5.350211428496716159e-01
5.122835122678994768e-01
3.382243676567850410e-01
2.872506853917483061e-01
4.423624336294059711e-01
5.334168997520982725e-01
4.469732113177102284e-01
6.243987182728991669e-01
5.897747716997587819e-01
4.125345506840909504e-01
3.950968594128615452e-01
2.802688447686212392e-01
4.221963913285859404e-01
5.296566112511289504e-01
4.198943870674821111e-01
3.973546745086267706e-01
2.716616963501249371e-01
6.256307355016245131e-01
4.177044019762035654e-01
3.967806239455338724e-01
5.427562435663108031e-01
6.241533265953668197e-01
2.036821628906615445e-01
5.599614795783592891e-01
5.431970839752487956e-01
3.290460206720715042e-01
3.432606438630385615e-01
3.558041894848029685e-01
2.568892104509216678e-01
4.653077036987176562e-01
4.228935628431394478e-01
5.240568615766498795e-01
5.791039819945777989e-01
1.804358403799812272e-01
4.538342068494150006e-01
6.064684233535445612e-01
4.874814602292998900e-01
5.666651681340250102e-01
3.024232204218597619e-01
5.321405488820819540e-01
5.695701228259757443e-01
4.211698917657514252e-01
4.146264695525391231e-01
4.429669873275661751e-01
4.527860428576729879e-01
6.404071170545652114e-01
5.069908276250171264e-01
4.755883016905239069e-01
4.524779090158473349e-01
4.765066203626477925e-01
4.014186905427534202e-01
5.743002569836951343e-01
1.870561680780985780e-01
4.267573265802928062e-01
4.601434548514316547e-01
4.230869390202354197e-01
6.281091718209176333e-01
6.287050981219908241e-01
4.288490549275750241e-01
5.955528410783056392e-01
6.195765329771262264e-01
4.645453540929501135e-01
4.506024304031685523e-01
3.397604956437298429e-01
3.753801281772491394e-01
6.408619065647351842e-01
3.648433413730495234e-01
4.559299134823642241e-01
2.675674453449289891e-01
3.192274986635931788e-01
2.648363977080660514e-01
6.112637228179154114e-01
5.630903813510494960e-01
4.277967798154414525e-01
3.062702049921470770e-01
5.019204935516307087e-01
3.536781897785848394e-01
6.244932757049379557e-01
6.404071170545652114e-01
1.496436511314454820e-01
3.386807039951013065e-01
4.628277021539807801e-01
4.345420946993538980e-01
5.367173425003225473e-01
5.987989072356373343e-01
4.959307357209940537e-01
5.816489751630046223e-01
6.134831359976602450e-01
3.632810996175617757e-01
5.092210051986697517e-01
4.574341742317963866e-01
3.083729601806606269e-01
3.925337230790629794e-01
3.916616981399637099e-01
4.066949781004970399e-01
4.035521583044953675e-01
4.934114965863827806e-01
3.702338758366523486e-01
3.277482093025136378e-01
3.615293901232781715e-01
5.350211428496716159e-01
4.107794455891684016e-01
3.009555117765598808e-01
4.989050413646337057e-01
2.525440881798959869e-01
3.280337992830339444e-01
3.456067800187976324e-01
3.986890835078328865e-01
2.908533566571693818e-01
3.950043295293140799e-01
5.254625026252326414e-01
4.463258552154751313e-01
3.918824669576300157e-01
2.227704370377026066e-01
6.387109174039142800e-01
6.092743171213238496e-01
4.569581552796689872e-01
3.083729601806606269e-01
3.931363398640055351e-01
4.059893282381483726e-01
6.468868585294914597e-01
3.886640017356949861e-01
5.343881059773495368e-01
4.116217129514783135e-01
5.321405488820819540e-01
5.635990815951203992e-01
3.802003237585210860e-01
3.536828269369584055e-01
4.015578586149415319e-01
3.166363815993403774e-01
4.644873826493317037e-01
3.073051968306743098e-01
3.210572249642802412e-01
3.809061627908217895e-01
2.737953893488372925e-01
3.203325387841434169e-01
5.708513734056286371e-01
5.401619356623011958e-01
5.587589794103413610e-01
6.468868585294914597e-01
6.205056171864927750e-01
5.614428064853541622e-01
5.685227727847251833e-01
5.010735077502316281e-01
4.117212853620970670e-01
3.043383783674327714e-01
2.404555355819093243e-01
1.825604938613538952e-01
5.933840547668218779e-01
5.677999739386481171e-01
4.345183186348719473e-01
6.404071170545652114e-01
3.150349022539782329e-01
3.626630438621056274e-01
5.431970839752487956e-01
3.977389877137724183e-01
4.316739181800220426e-01
2.265546670748921076e-01
5.349050298134174763e-01
4.025425200207588539e-01
5.431970839752487956e-01
5.549630650104279139e-01
4.091289469043792870e-01
2.855037369517628987e-01
5.987989072356373343e-01
5.367173425003225473e-01
4.270971245617815049e-01
2.844945152576789926e-01
5.987989072356373343e-01
5.600350224114576392e-01
4.836546460610571252e-01
3.585970662810917808e-01
4.465464234298406887e-01
2.578860539858916501e-01
4.413433747859978329e-01
2.833893589327296514e-01
5.635990815951203992e-01
1.832213920376055405e-01
6.356320186544015538e-01
3.983759196161947846e-01
4.673242672364720796e-01
2.522742138569289971e-01
4.334165257932455773e-01
4.702998431251577682e-01
4.517304347164999845e-01
4.418836811714717538e-01
3.604989614381762797e-01
5.543455015126051988e-01
6.174502582469009182e-01
5.401227213548823736e-01
3.582596205551989432e-01
6.241533265953668197e-01
4.341389100245210964e-01
4.845410424077153388e-01
4.268576424703989236e-01
5.718879773463294569e-01
5.288250921720989428e-01
1.401299004169257179e-01
6.016462380577716207e-01
5.791039819945777989e-01
4.117212853620970670e-01
4.314417617470016064e-01
3.574521754313556010e-01
3.697394993958338927e-01
5.386202903570082023e-01
5.791039819945777989e-01
5.504589249186322419e-01
4.552281882728829721e-01
3.791103895862172335e-01
6.357481155800278616e-01
5.914744006274575971e-01
5.164103048703051480e-01
2.045095858165928149e-01
3.596442193569252543e-01
2.819535615953048246e-01
4.565030987488358782e-01
3.990817236208725194e-01
4.888468972582203365e-01
3.053431142391047071e-01
5.296266683501503758e-01
4.147871457285754460e-01
3.297869819123341317e-01
3.558515716726285416e-01
4.150378360356763441e-01
4.830691979044147710e-01
4.138990579738791031e-01
3.234163795466832303e-01
5.367173425003225473e-01
4.342765212903677008e-01
2.868562651063084612e-01
3.995845305973004802e-01
4.160670395854900172e-01
3.275790123713522850e-01
4.538175779791152054e-01
3.589708040544026257e-01
5.739871678245821451e-01
4.026003427269040369e-01
6.161866062934007182e-01
5.275274281888004957e-01
3.834670614103911634e-01
3.355666533109198379e-01
4.593126954664563666e-01
3.257384226223814516e-01
3.677106874155040561e-01
4.994125097173466865e-01
4.317530897546492108e-01
4.499849454836335472e-01
6.241533265953668197e-01
4.213270892934610767e-01
4.110635325000863149e-01
5.925645574382435443e-01
4.994125097173466865e-01
5.002540750720433360e-01
3.496543468940788713e-01
3.770277346405628283e-01
3.809144419904696433e-01
3.541359291966716949e-01
5.987989072356373343e-01
2.737953893488372925e-01
5.062482384837716509e-01
5.591670155668669873e-01
5.545749460592418467e-01
5.359271574715693820e-01
5.414632987496782457e-01
4.202055078196987314e-01
5.468967734411780413e-01
2.752100993296479059e-01
5.702189724353760036e-01
5.897162133095913417e-01
4.078615670555497674e-01
5.404170319662517930e-01
3.839877161560350527e-01
4.396258030883488654e-01
5.145488378265185014e-01
1.898207134519452333e-01
1.805924747632952077e-01
3.455244674953900086e-01
5.375166013464615089e-01
2.025263660813721722e-01
5.304443492314311337e-01
3.506111145668320828e-01
6.306330680702929570e-01
6.422278570549541099e-01
4.928160349989664235e-01
5.672684456625857186e-01
5.630903813510494960e-01
4.536383601335333693e-01
5.702189724353760036e-01
1.845220674610250633e-01
3.617898260089737472e-01
5.449250298777945645e-01
5.068466063245005149e-01
5.957245446152710233e-01
5.068153697920807499e-01
3.734492410619833502e-01
4.670368651741145793e-01
4.966515983814301372e-01
5.599614795783592891e-01
3.905957305533077628e-01
4.715529864799435367e-01
6.154410779500105733e-01
4.877955449212703631e-01
2.553515028948774024e-01
1.824339754383427492e-01
6.081259795326978690e-01
5.018913969263386621e-01
3.588752894431944673e-01
2.843430892844179270e-01
4.718143580293249206e-01
3.328984096823729977e-01
4.635750258449432559e-01
5.633846747084562123e-01
5.568025014463285904e-01
5.304443492314311337e-01
5.392650950555001321e-01
5.330831503239165103e-01
1.711818990036455268e-01
5.816489751630046223e-01
1.645512785892260799e-01
4.577126843709526383e-01
4.390709137783641025e-01
3.062702049921470770e-01
6.143658662930118197e-01
6.151346824968924043e-01
5.624788212967758438e-01
2.701640038516700537e-01
5.092546136312572358e-01
3.862166493655856403e-01
4.015578586149415319e-01
2.962474694471120551e-01
5.706547624223529125e-01
3.328984096823729977e-01
3.229218860699493154e-01
4.528329539915301183e-01
5.319422441001588897e-01
5.683069793446763329e-01
5.178239789897191026e-01
3.577399369166219811e-01
4.491313135805460877e-01
6.299045168985812904e-01
4.131211532971383327e-01
5.635990815951203992e-01
4.933736529295999484e-01
2.125104811255466575e-01
6.330345975534671377e-01
4.080717586744092018e-01
2.849169042165870525e-01
4.846671148261857964e-01
5.412590914494935790e-01
2.410209899297754699e-01
5.764346392054580104e-01
5.237663029745817100e-01
5.012126100286946606e-01
2.692757728682957374e-01
5.482155014986351826e-01
4.383141649543905727e-01
4.081903811228346779e-01
6.179885536102693866e-01
5.582652799277083577e-01
4.580127296382360269e-01
5.717263979357419812e-01
6.423100649112508664e-01
5.048773772663255333e-01
3.700149381217580080e-01
5.630903813510494960e-01
4.906916896983122833e-01
6.105578888786519220e-01
4.183975285798486876e-01
4.129388107173433964e-01
5.748906480888202886e-01
4.784692969686546449e-01
5.068153697920807499e-01
2.267689920572034112e-01
5.400538165116738343e-01
2.508645302880471162e-01
4.027017305454250740e-01
3.482599771525115573e-01
3.911283396965851700e-01
5.708513734056286371e-01
4.151166125361344106e-01
4.375963225689358249e-01
6.306330680702929570e-01
4.852825876842200015e-01
4.079464315023981213e-01
5.224152770581222960e-01
5.695701228259757443e-01
2.815005855181859085e-01
4.313180687123454038e-01
5.641750209474266642e-01
5.660762750054649795e-01
6.313829815186866590e-01
3.735757890038222118e-01
4.814935252902119434e-01
3.113147635162344384e-01
4.948758048498251294e-01
4.436172156948861023e-01
5.005384951091680357e-01
1.570361301412735167e-01
6.179035605902173378e-01
3.969810649967009941e-01
5.431970839752487956e-01
4.354643910335075918e-01
4.119762196243140773e-01
5.321405488820819540e-01
3.127873703120779836e-01
4.227736550784355063e-01
3.686314731964089875e-01
1.645770784603761139e-01
4.270924597554918711e-01
6.423100649112508664e-01
5.416357577191772688e-01
6.241533265953668197e-01
3.783339321635491026e-01
3.004247077511709163e-01
5.350211428496716159e-01
5.780268559792404170e-01
3.756452040276856419e-01
2.451972535928232111e-01
5.122800111686334201e-01
5.472698211599221763e-01
2.886880667676726131e-01
2.104987277015505365e-01
3.020335347900764411e-01
4.099735638198571674e-01
4.819004527237275015e-01
3.594248235805042047e-01
6.127027731509384623e-01
3.682382290907367794e-01
3.115271237295329509e-01
3.357243414332303777e-01
5.698620016680057132e-01
5.813097175631536384e-01
3.950337755993197364e-01
4.136309062408104475e-01
5.965007943667500756e-01
5.599614795783592891e-01
4.601434548514316547e-01
6.134831359976602450e-01
4.404890869205108084e-01
5.532668653597770936e-01
5.350211428496716159e-01
5.110128834771135997e-01
6.127027731509384623e-01
3.122164085201193928e-01
5.599614795783592891e-01
2.163785462963785100e-01
4.329692499680548035e-01
5.794295619832597888e-01
6.243987182728991669e-01
3.590117161101711307e-01
4.318344234794643244e-01
4.188640291652029335e-01
5.620991104302598407e-01
3.844053510245937222e-01
3.756804370351908839e-01
5.687210555314670124e-01
5.671684055240635569e-01
3.396375827792164626e-01
3.996517282336617405e-01
3.506200838210467019e-01
4.794992877564994704e-01
5.468967734411780413e-01
3.331327921883948662e-01
6.176485630288240936e-01
4.974731516339926940e-01
5.010735077502316281e-01
3.934081422653297744e-01
5.691551737549778167e-01
2.536098319847350790e-01
5.625994409433486831e-01
6.404071170545652114e-01
3.483125902013294306e-01
2.785125141226523215e-01
5.079353484142880015e-01
5.043659781283126309e-01
4.430470808458606413e-01
6.031676727364203572e-01
4.527355871778245833e-01
4.226661504183336082e-01
5.396529427245022603e-01
3.680353085619840758e-01
1.351629721481145963e-01
2.522742138569289971e-01
5.925645574382435443e-01
4.243368080718185609e-01
3.347320181246580817e-01
2.901087101367862964e-01
5.549630650104279139e-01
3.731938557021884373e-01
3.392557197407077285e-01
5.553996006596223500e-01
6.306330680702929570e-01
4.398184716450967979e-01
4.423964176994696906e-01
3.536781897785848394e-01
4.421281301174300182e-01
6.260562744520524747e-01
4.797195900935367630e-01
6.241533265953668197e-01
5.367173425003225473e-01
4.458609548831876657e-01
4.382676532601629260e-01
5.160797709155497959e-01
3.308635963372847932e-01
3.386834132829967259e-01
3.278742529297331010e-01
5.630903813510494960e-01
4.214510997594543285e-01
4.495188016187602886e-01
4.085615583457233857e-01
3.350153246575541810e-01
2.269274552566195868e-01
6.422278570549541099e-01
1.142898077853851391e-01
4.200505515401625201e-01
3.248801535609203706e-01
4.266825966537756143e-01
4.276505917710609617e-01
4.354684415571508094e-01
5.296266683501503758e-01
5.472698211599221763e-01
1.868901888030937986e-01
5.431970839752487956e-01
6.468868585294914597e-01
1.029389123977516862e-01
5.251646306296674505e-01
5.925645574382435443e-01
4.174756523692917387e-01
4.668047087410941431e-01
3.803330548553634505e-01
3.994774381613908076e-01
2.737953893488372925e-01
5.734027553214573469e-01
5.633357730285819542e-01
5.987989072356373343e-01
3.163796642544161597e-01
4.155579429160360938e-01
5.367173425003225473e-01
6.387109174039142800e-01
4.972514837393565701e-01
3.154913550045726489e-01
5.431970839752487956e-01
2.062692166467084143e-01
6.306330680702929570e-01
6.325576560340352428e-01
5.367173425003225473e-01
5.925645574382435443e-01
4.305653486886524828e-01
3.719488112119588852e-01
2.352493387135186353e-01
6.151131744969836612e-01
2.853886538523520144e-01
5.706547624223529125e-01
5.386202903570082023e-01
2.822904799320016811e-01
5.455981574756868513e-01
6.181378091181797263e-01
3.465790409185012244e-01
2.915914357580914329e-01
3.083729601806606269e-01
3.350153246575541810e-01
3.327689714939099375e-01
3.855146818730504354e-01
5.923191657607110860e-01
5.321405488820819540e-01
3.147013307702787865e-01
5.005522343564807741e-01
5.805346067810890354e-01
3.044476566517442251e-01
1.914708993826762518e-01
5.916617457130884938e-01
4.649727886926006692e-01
1.853742953488861367e-01
