1.245389722793544818e-01
2.886603689606301870e-01
5.386202903570082023e-01
4.497775950519382615e-01
2.127942545548298092e-01
3.221816968925458879e-01
4.743378340511639757e-01
5.339549656169754188e-01
3.602738511701108481e-01
5.524201907533430322e-01
3.076487241626458258e-01
3.387467804357084389e-01
3.296073404092113579e-01
2.388692980337646099e-01
3.776466457144449507e-01
3.750339017434565214e-01
1.558621648053659936e-01
6.287050981219908241e-01
3.007379985529801125e-01
3.993081658740672002e-01
5.118335112520646657e-01
5.431970839752487956e-01
2.901087944317484735e-01
6.143658662930118197e-01
4.266943364162712471e-01
1.820567986176676867e-01
4.318091987057564030e-01
5.350211428496716159e-01
2.542426255346079134e-01
5.718879773463294569e-01
1.720432038270784947e-01
2.467051984790409602e-01
2.961427851862675209e-01
5.145172626590966969e-01
3.969810649967009941e-01
1.774475223359332499e-01
4.013744564755361011e-01
3.222901918885284767e-01
5.131543734999751694e-01
9.799360646233676309e-02
4.227243930921662646e-02
3.967890673696455317e-01
5.243466960839537200e-02
3.783339321635491026e-01
4.921487596126011277e-01
2.814784239464869220e-01
4.363859923239968852e-01
1.700199090611573538e-01
5.353117014517397854e-01
3.115544417415178069e-01
2.508645302880471162e-01
3.682952576988415272e-01
3.788394493633282512e-01
2.905306317835491536e-01
3.169363488080336189e-01
5.268216619141735668e-01
8.169823946192845965e-02
6.634416790310888878e-02
5.695701228259757443e-01
1.575289033147787843e-01
3.280337992830339444e-01
4.463553736273965233e-01
4.483448588377316746e-01
4.415973901187940087e-01
3.969168240243262091e-01
5.010735077502316281e-01
3.803750116073890131e-01
8.207713377946471156e-02
7.372709518157330444e-02
4.508212323730313997e-01
2.696416666367879578e-01
3.580792175910494923e-01
2.087189258457531338e-01
5.599614795783592891e-01
3.054566386612625473e-01
4.090361745298988216e-01
5.303958191353911333e-01
1.554588983301198879e-01
2.990866589973603107e-01
2.862924382436669579e-01
2.523748343938094774e-01
3.493979852302403488e-01
4.642223243646764197e-01
4.097406039342382789e-01
4.955672412927065729e-01
4.373333093985531939e-01
6.002669580498833923e-01
5.537916502467472579e-01
1.559577155875320753e-01
4.975442250716403669e-01
3.734578256359823434e-01
2.421215871549413368e-01
2.788506591537304735e-01
3.500658566058940657e-01
3.240668992565171602e-01
2.292950341382599400e-01
3.851081865161780082e-01
1.805924747632952077e-01
2.451991493459853566e-01
4.118073667330105492e-01
4.941007697877110999e-02
3.396375827792164626e-01
4.221805329620522684e-01
4.759082839116582364e-01
6.241533265953668197e-01
5.412590914494935790e-01
3.682958833108971874e-01
1.418019772608089812e-01
3.750585574482153683e-01
5.350211428496716159e-01
2.855037369517628987e-01
4.227177789518846707e-01
1.763413839902658875e-01
1.292962359027439445e-01
1.739360340016375128e-01
3.817143758199429415e-01
5.499188472001333983e-01
8.139557533414436274e-02
3.280337992830339444e-01
2.887942576320636778e-01
1.568150792317117015e-01
3.424768999672125336e-01
2.898074460745262981e-01
3.190461503693812206e-01
5.321405488820819540e-01
5.043102440871048975e-01
3.323190177705631076e-01
4.677905998555392242e-01
3.743373463824610226e-01
3.638965384873683595e-01
3.763357805788016264e-01
5.641703129022909158e-01
2.029979781011939932e-01
5.862222910683742017e-01
3.020270151828010619e-01
1.450110066439609102e-01
2.774506289690765182e-01
5.626886548439403724e-01
5.068153697920807499e-01
4.299415250166314650e-01
2.906697125465286247e-01
3.685484392286952904e-01
3.968430901503641195e-01
4.086824047883596545e-01
5.727543212623142921e-01
5.613941817003986756e-01
1.711497916658092089e-01
4.202252020747376804e-01
2.873516630648679238e-01
5.000442201133348252e-01
1.187673916380413003e-01
1.824701398480129133e-01
4.385340733605937458e-01
2.949780516558377363e-01
5.571193401201941509e-01
5.347793499745673307e-01
2.976290943308892434e-01
1.093925572541580571e-01
4.170272397574167900e-01
5.214271874146523267e-01
5.033161395667370419e-01
2.039159515901252107e-01
2.545474745753379398e-01
3.797847604048766867e-01
3.083729601806606269e-01
4.907626729164444312e-01
4.161637199825124478e-01
5.630903813510494960e-01
1.558621648053659936e-01
5.256187689586564460e-01
3.387467804357084389e-01
5.397577881955641921e-01
3.113079176427616113e-01
4.869895697103180376e-01
4.201888523408782161e-01
3.380725196890155826e-01
3.083729601806606269e-01
5.237663029745817100e-01
1.805942465165931710e-01
6.674697704440504809e-02
2.129225155241298573e-01
1.548115585463916699e-01
3.681728351171104086e-01
2.769624680084566415e-01
9.907794089224189471e-02
5.092546136312572358e-01
3.342645058958186310e-01
5.503428391145360754e-01
3.297319682760371240e-01
4.559861109899544518e-01
1.719586998425343127e-01
2.973095228787935307e-01
4.259108790817406898e-01
5.595965335305387311e-01
3.702975700870778653e-01
4.188640291652029335e-01
3.810308933499071959e-01
5.620713171027855726e-01
6.468868585294914597e-01
3.358365500848262131e-01
6.105578888786519220e-01
2.416325094476308444e-01
1.899771816359442089e-01
3.387467804357084389e-01
2.060178745347893137e-01
3.276406840623840577e-01
3.010922683476177086e-01
3.031247090649614173e-01
3.734253160521491255e-01
3.780310717979246116e-01
3.818399462104637432e-01
8.360185928770200170e-02
3.655554208310370368e-01
2.674589624059323101e-01
3.901407792092831395e-01
3.119066379424504931e-01
2.758898119127824455e-01
4.335003758941808338e-01
1.661715922978616866e-01
6.127027731509384623e-01
5.387208323156009726e-01
1.385051007819386171e-01
6.151291910594881562e-01
2.845300072825031612e-01
4.609494294387468383e-01
4.104948238054080267e-01
5.254625026252326414e-01
3.280337992830339444e-01
4.796506734012213058e-01
5.294785665710682876e-01
2.797196979100154968e-01
5.611736870752231932e-01
5.223540203976501095e-01
1.246520319878553912e-01
3.838020746393678295e-01
5.504589249186322419e-01
4.133843951344959855e-01
1.023295214576147721e-01
1.998605305239509466e-01
4.046168526318588143e-01
5.987989072356373343e-01
3.126643001870495486e-01
1.668109600232652867e-01
9.924143029570771379e-02
2.860595309514523676e-01
1.576903531127673008e-01
3.563733814983147119e-01
1.794052946589639319e-01
4.126083066971737989e-01
2.973034113381289867e-01
5.630903813510494960e-01
2.756463984124627453e-01
4.070910314838964150e-01
3.873928412941922694e-01
3.527068254613022202e-01
5.599614795783592891e-01
4.807057940659794637e-01
3.555892085400920721e-01
3.615564514046138433e-01
5.366822978312529857e-01
3.210956667930817132e-01
3.172719142677549176e-01
3.280337992830339444e-01
5.223540203976501095e-01
3.361490963677527533e-01
4.477756238971923319e-01
4.109368028719418975e-01
4.035511674489170031e-01
2.160262497937954496e-01
5.350211428496716159e-01
2.973830409742828640e-01
2.558127945504810596e-01
2.924655233772445184e-01
4.261766128694279843e-01
2.958998645672184513e-01
2.671964529265318244e-01
1.980882284252353243e-01
5.366822978312529857e-01
2.829092080723038527e-01
2.587755209142657553e-01
2.167354580260934527e-01
2.551915530483052641e-01
2.444883808773412326e-01
2.185791176292034288e-01
2.033793840136318143e-01
3.165174608444520921e-01
3.218394608014062408e-01
2.796276561265200744e-01
1.841313499175473711e-01
4.173260888885418907e-01
5.766987139103022519e-01
4.409194037634415198e-01
1.550020096571194939e-01
5.677961396092358060e-01
4.823798817240890768e-01
1.314904822031013054e-01
2.018476140034720645e-01
3.966074289801939656e-01
1.840702138269347254e-01
4.205615038421184337e-01
1.921549111128195708e-01
4.354369675228956793e-01
5.319422441001588897e-01
2.802280598309029869e-01
6.241533265953668197e-01
8.360160681857371767e-02
5.325870487986508195e-01
2.930885142857184711e-01
2.351374027992602367e-01
3.718863486450122435e-01
4.725035854452884765e-01
3.730941981650912620e-01
3.717104692333256244e-01
3.952013155264287869e-01
2.756158189857774166e-01
2.871982989311147594e-01
3.952721773431850938e-01
2.663056066166009095e-01
4.796506734012213058e-01
3.341513138722908560e-01
2.461837680326541822e-01
3.475703250396117161e-01
3.146970423290420538e-01
3.489165974893589373e-01
1.968254928026676454e-01
5.125111396396617724e-01
5.192509451046306568e-01
3.767880530892143143e-01
3.702428240950810800e-01
5.819902039761194468e-01
5.467809009210057303e-01
5.438418886737407254e-01
3.955376867254182804e-01
3.354430684773186400e-01
3.254441730235185237e-01
2.419273849703680035e-01
4.157321769648981702e-01
2.014851951414832754e-01
2.353646034992351310e-01
5.194028672852274431e-01
4.814935252902119434e-01
2.686869912668558014e-01
4.403043280583670005e-01
3.925337230790629794e-01
4.393452517846222483e-01
4.072041895191965688e-01
1.491735957100860932e-01
3.015429226234243032e-01
3.629878539706585805e-01
3.040645165081802270e-01
9.625291944382402543e-02
4.725035854452884765e-01
4.227177789518846707e-01
5.027800545815004352e-01
4.776937904887837982e-01
1.578538937584234025e-01
4.363859923239968852e-01
4.023157813320129561e-01
3.448784225903774314e-01
3.864394899060452637e-01
2.146260542413427896e-01
2.912365082340821476e-01
5.343042847716047428e-01
1.666568899321966557e-01
4.116811654295178813e-01
3.879108140880382360e-01
2.866597146158416098e-01
5.367122920783614637e-01
2.421671905215806442e-01
3.969810649967009941e-01
2.685322982661594304e-01
1.215776384974474322e-01
2.342011829329998518e-01
2.451083480808292081e-01
1.813225530146416742e-01
3.106397535733799176e-01
1.873381618546791638e-01
3.005019757771708599e-01
5.302025563563268484e-01
3.970352608367438418e-01
4.015578586149415319e-01
2.346039092344873456e-01
3.704958021113270994e-01
3.869576433468014942e-01
1.646615843158319159e-01
2.963868474771590433e-01
6.468868585294914597e-01
2.872038816274298800e-01
3.719417891609757554e-01
3.597370440129913916e-01
3.328984096823729977e-01
4.583826087602835830e-01
5.367173425003225473e-01
2.830710364180755167e-01
3.893877703376250055e-01
2.274290328362383873e-01
4.398645736096811198e-01
5.381794499480702099e-01
5.863012471763472400e-01
2.340740823446582908e-01
5.002540750720433360e-01
3.975220630997741700e-01
5.146904747744596165e-01
1.588702330239222527e-01
6.041942166814359139e-01
6.343821650898090470e-01
2.870873979427972511e-01
2.922077144593333564e-01
3.082486006857118599e-01
2.728748950143859431e-01
1.390573138567998135e-01
1.683127026296052375e-01
6.127027731509384623e-01
2.526908005992259398e-01
5.630903813510494960e-01
2.822904799320016811e-01
2.936263822497227616e-01
1.894092500971622794e-01
2.896724426515898121e-01
9.288747270310528104e-02
3.387467804357084389e-01
2.799473505390845940e-01
4.815512880232459270e-01
4.867688873703440722e-01
4.023157813320129561e-01
3.582778115327564517e-01
3.345595732909357189e-01
4.220204117191884152e-01
1.604361312682794916e-01
5.681512541204669642e-01
3.083729601806606269e-01
6.263137502437569060e-01
4.814935252902119434e-01
5.237700896996875244e-01
3.870527911553939271e-01
6.134831359976602450e-01
4.177104319243338248e-01
4.078041344344759955e-01
2.965391899892316774e-01
2.299234797934825714e-01
4.295122421641857646e-01
2.058922326338690767e-01
2.777421782188439492e-01
3.784882067036812736e-01
4.960629019064686784e-01
2.682664451558870455e-01
3.646666770100014943e-01
6.333164429043930399e-01
3.021361387011463062e-01
5.498116988447543374e-01
4.357871265089602875e-01
3.806320646770082750e-01
3.425699860312069189e-01
6.306330680702929570e-01
5.637606992554564656e-01
8.748647059296450756e-02
5.122835122678994768e-01
3.936936295535904407e-01
1.959442960312018922e-01
4.320615893596952972e-01
1.820049847599274073e-01
2.306236002804971097e-01
1.693794272078879282e-01
3.395373605386305949e-01
5.682142074898934858e-01
5.283633072194665603e-01
2.775140721015876832e-01
3.897787817181655456e-01
3.591291282866617696e-01
5.223540203976501095e-01
5.347793499745673307e-01
5.396544419483418897e-01
3.889711058485565420e-01
3.964276970496765640e-01
4.814935252902119434e-01
4.643470493110269937e-01
6.089063423794196517e-01
5.193693921031226068e-01
2.197726124759883659e-01
2.992892117880414093e-01
2.822904799320016811e-01
3.279919447035704039e-01
4.219089388555543607e-01
6.182980980155120543e-01
1.775997482278486583e-01
3.664385346632694218e-01
3.476868827291926811e-01
2.179117111750856484e-01
6.097608937316256750e-01
4.354887621518221397e-01
3.998759590693292676e-01
2.948619250035046657e-01
2.682255230179837469e-01
4.016112818724275613e-01
4.155153889274477153e-01
1.947830750333868766e-01
4.168113331272152999e-01
4.069123353108361485e-01
2.053253945389856838e-01
3.315679839579315780e-01
2.096401807057753641e-01
1.721734091932426436e-01
2.241675235508117925e-01
5.276886758243951592e-01
2.978149290711503139e-01
2.233687894953803876e-01
5.114233999427409971e-01
3.785544657660497858e-01
4.042080004460510967e-01
3.114322939759148201e-01
3.549800847245577207e-01
3.083729601806606269e-01
5.259970073137930635e-01
3.224475158067115488e-01
2.815113004368754446e-01
1.489263486079308030e-01
3.158379989634736984e-01
2.885228450039922232e-01
4.426075857263123137e-01
4.172805723114135223e-01
2.226463749137608805e-01
2.315875309462416543e-01
3.892186522965699891e-01
2.841541011226322855e-01
5.132951112670069982e-01
1.315774971589099007e-01
6.062230316760122140e-01
4.104948238054080267e-01
2.570332442445187882e-01
4.073759953326633876e-01
5.399989171049247583e-01
5.662745797873881548e-01
3.068588239282161179e-01
2.951537843049022447e-01
4.299415250166314650e-01
3.612455321911537953e-01
5.229135090320180534e-01
3.556043942099610944e-01
6.468868585294914597e-01
5.296266683501503758e-01
3.327357411933473674e-01
2.934957012562506851e-01
5.161869922364817898e-01
4.552281882728829721e-01
5.191882735152809625e-01
4.260715292728934900e-01
5.387208323156009726e-01
3.752326865181480064e-01
5.987989072356373343e-01
2.608414565622257930e-01
3.861473879058355818e-01
2.337892549684995325e-01
4.676700022441475646e-01
2.827030810089247170e-01
5.664412210532854264e-01
3.924937869115799893e-01
4.296721161348980855e-01
4.022515515851078916e-01
2.164790819146596712e-01
3.270681906174511822e-01
5.583152829508858384e-01
4.957324309390709338e-01
4.392686901316959491e-01
5.048059273596854357e-01
2.263529279228838065e-01
5.881252389250599677e-01
3.458463665694119227e-01
2.951561156686517418e-01
2.272474302019865666e-01
5.265798690390692816e-01
3.697596707333342669e-01
3.781236091651185571e-01
2.955624458656044840e-01
2.932332673408914459e-01
3.928634168905643653e-01
3.437566317823934625e-01
6.273548592356834597e-01
1.843196823248124394e-01
4.202252020747376804e-01
3.257186688099894534e-01
4.149175997181051567e-01
6.867263766413897463e-02
3.187893408300903064e-01
3.085547130075391720e-01
4.341609631872860309e-01
6.404071170545652114e-01
6.113143496861764836e-01
5.068153697920807499e-01
3.179635479878720750e-01
9.834489121749505347e-02
4.131273621252067874e-01
1.610029369340282568e-01
4.161155685381951463e-01
1.331769898040175704e-01
3.048663814302572383e-01
4.449905174125924900e-01
3.161680926303627182e-01
3.951133913075760562e-01
4.475716413142803995e-01
2.734393817891293543e-01
5.132951112670069982e-01
3.668261528337802835e-01
7.451635140664983337e-02
2.558127945504810596e-01
3.634165518514064219e-01
2.116102021989581528e-01
3.580439627562420624e-01
2.004286914572846190e-01
2.506156145406115976e-01
2.815844735570511292e-01
4.015578586149415319e-01
2.692693889021123277e-01
4.084947707508240766e-01
3.208764396065849067e-01
4.185578291184088862e-01
5.485820654692431519e-01
2.824022593133218018e-01
1.827861286083083125e-01
2.878490784897839161e-01
4.431371250154505503e-01
2.641453182974842218e-01
1.450110066439609102e-01
2.589162746879858368e-01
5.068466063245005149e-01
5.105873126172486565e-01
4.568001116841519105e-01
3.093030000101034682e-01
5.367173425003225473e-01
2.578463055332071985e-01
2.930147982893562819e-01
3.435601132013635373e-01
5.407527897141111151e-01
1.990843879341315237e-01
1.860460212182217798e-01
2.580782149019551497e-01
3.257936489189651730e-01
3.717104692333256244e-01
2.772791544109047823e-01
3.850342072409759786e-01
3.987895165377938755e-01
1.424865436123061435e-01
3.610307174457579316e-01
6.198219246546585737e-01
1.110383081889093071e-01
3.331766929215263517e-01
1.051636714995530103e-01
4.447069811733261324e-01
2.090467921923662986e-01
4.248932069995963179e-01
1.298672684775252495e-01
3.056259618789577970e-01
3.705388961697345662e-01
2.805147533374566238e-01
3.752486827085038112e-01
2.973095228787935307e-01
5.187632537428257251e-01
1.204796650179404127e-01
3.051694285752244440e-01
6.387109174039142800e-01
2.802688447686212392e-01
4.982978062343731973e-01
5.624788212967758438e-01
2.855037369517628987e-01
6.468868585294914597e-01
5.074729689275205846e-01
4.692617689597473607e-01
3.083729601806606269e-01
1.106050805193266040e-01
4.522095988789286980e-01
5.961033104635431457e-01
3.129607041406353707e-01
3.613286698905224803e-01
2.681923437517324538e-01
2.691282055462979050e-01
9.764693236097084228e-02
4.325739297741288403e-01
4.094798738996612841e-01
4.274945490115749647e-01
3.555539983992843101e-01
2.991908710609014754e-01
4.164386654114078379e-01
4.573628364759135256e-01
2.415383316027704952e-01
4.053821303182410518e-01
2.946617412026843463e-01
3.309373887292045846e-01
5.749033952332802677e-01
3.925337230790629794e-01
2.988312643869468488e-01
2.026237328950777350e-01
3.318814419984510988e-01
4.013401193228751107e-01
6.358303234363246181e-01
1.013796879029988246e-01
2.979768325652050742e-01
4.407754123771742694e-01
2.914650708537721013e-01
5.347787005603583665e-01
4.721726485169594478e-01
1.346190513692825108e-01
1.643136339409270175e-01
2.655016931502466315e-01
4.015578586149415319e-01
3.506200838210467019e-01
1.620754816065219095e-01
2.822092459891392680e-01
4.399888807191046358e-01
2.058922326338690767e-01
2.722472115477667653e-01
2.854970679833770952e-01
2.806028704680846309e-01
2.997901837119951174e-01
2.517692691561035367e-01
3.009555117765598808e-01
3.229945592409660948e-01
5.653457193598384611e-01
2.981803833832924466e-01
3.701990674221438127e-01
3.694243508827320110e-01
3.135457755164666183e-01
2.493535970362849297e-01
4.615866359494182336e-01
3.436556251101438586e-01
9.626905803134153117e-02
2.204715878611558932e-01
4.047052496716521119e-01
9.655877108529985209e-02
5.064027418987578910e-01
4.214834748455304481e-01
6.376510634367135166e-01
5.290787664792838685e-01
1.519257646917909210e-01
4.169163873088616579e-01
2.453375187467935759e-01
3.096457318928207414e-01
2.979768325652050742e-01
2.352493387135186353e-01
2.922944342268651852e-01
4.229343220038532802e-01
2.358511535010162363e-01
3.438325133589482663e-01
3.387467804357084389e-01
2.072073216642984772e-01
3.012487913077511736e-01
3.330806373050432811e-01
4.624600715558740416e-01
8.725728984486534612e-02
2.634603891970130896e-01
1.447667555988755295e-01
3.840522203033100990e-01
2.668051461498354149e-01
1.120922520502625613e-01
1.181572696911611930e-01
1.335529100996651064e-01
4.579090477702582040e-01
4.140391212772742136e-01
3.005621403449584284e-01
2.476974202386884316e-01
3.904872778607155204e-01
2.138013024574979271e-01
2.835476381591705008e-01
3.490618971625416567e-01
1.287457925023900163e-01
4.015780692415857889e-01
2.862446559925747036e-01
2.018476140034720645e-01
5.400627305739957862e-01
5.447688931569697468e-01
2.566515300474228600e-01
3.636537862503644858e-01
1.993738829229473319e-01
2.308687741007660610e-01
2.554618888628035767e-01
3.541172495993644698e-01
2.883759289671150028e-01
4.683167669304336700e-01
2.992508184990023690e-01
3.078857524495077769e-01
3.280129831046641464e-01
2.463489876136043533e-01
5.101937962939366855e-01
1.990217192550888248e-01
7.541129511695385257e-02
4.979997737561673854e-01
2.938108410384316915e-01
3.360452801059573558e-01
3.289992338498971547e-01
1.453807981449812270e-01
4.412751553200769949e-01
5.420120254846871877e-01
4.219598562348131909e-01
2.695522830029371542e-01
5.532668653597770936e-01
3.537631917374368107e-01
4.823765477595938767e-01
2.844882227582856138e-01
4.765066203626477925e-01
5.649933292077351510e-01
3.417923554430175592e-01
6.112711850008555742e-02
4.612487455701985706e-01
1.647187082364894306e-01
3.123769773266170113e-01
4.213270892934610767e-01
7.245247760722740848e-02
2.144617936065340846e-01
3.097758176245811179e-01
4.382711836703775399e-01
5.600855979335889190e-01
3.387467804357084389e-01
5.664412210532854264e-01
1.746875217182143614e-01
3.622128717617976723e-01
4.341451419271660783e-01
3.176855390451491234e-01
2.872506853917483061e-01
3.346280698596544312e-01
2.240832978124003283e-01
4.806209152754753466e-01
5.026519451560410578e-01
2.726188093100103682e-01
4.494005393208204135e-01
2.853886538523520144e-01
3.280337992830339444e-01
3.888810086698042401e-01
3.905957305533077628e-01
7.100059583478231240e-02
4.819862443112199468e-01
3.830730343282087169e-01
3.542675908596478740e-01
4.949283648894806098e-01
4.276470316341395295e-01
3.856291781298519239e-01
4.773435373335012666e-01
6.161866062934007182e-01
6.040341219431532016e-01
2.612379165570825057e-01
5.165558110713421858e-01
3.083729601806606269e-01
3.613973793274070090e-01
2.939480329082582721e-01
4.074268614697319491e-01
2.964927834818125163e-01
2.360009046965646784e-01
3.997379597972019472e-01
4.204843095092480887e-01
5.524201907533430322e-01
1.937711217044077172e-01
3.278576701046469477e-01
3.054108118246249282e-01
2.668051461498354149e-01
5.368123024901768625e-01
1.794678357002587599e-01
3.147378969062482046e-01
1.780200023726662140e-01
3.468887630603472161e-01
3.861473879058355818e-01
4.199215390880310372e-01
2.524781418715855152e-01
3.113286215664345935e-01
1.563537748954848816e-01
3.257300384438041596e-01
3.522514519148901568e-01
2.654478226409454078e-01
2.508645302880471162e-01
3.328984096823729977e-01
3.083729601806606269e-01
9.967389297031956086e-02
2.522357690138810060e-01
1.677444687307186599e-01
3.025422140383614567e-01
1.582247628005935824e-01
1.524720325292421297e-01
3.710428678925814516e-01
3.996198660891863153e-01
2.841143788627104594e-01
6.243987182728991669e-01
2.232742057666394220e-01
3.739670466171189922e-01
5.925645574382435443e-01
5.539576824269749622e-01
1.578623041297632645e-01
3.284326881369231121e-01
4.032132014017165145e-01
5.223540203976501095e-01
3.965025559651555453e-01
4.150378360356763441e-01
5.583763581329315162e-01
5.587189766176170469e-01
1.579190100056146739e-01
2.963427525849778865e-01
3.369361810880832642e-01
4.423822632137182631e-01
3.017827363858601175e-01
4.769376112534570167e-01
3.691157154287148523e-01
3.905627945055661909e-01
4.231086925253236264e-01
2.348014060944120518e-01
3.443884973601060162e-01
3.554068864363852942e-01
4.887229703596124852e-01
1.375514742658449086e-01
2.182317794581542514e-01
2.522742138569289971e-01
1.497339892420377627e-01
3.821021368033736820e-01
9.181776152625024945e-02
3.975704380140898109e-01
5.256318918445320731e-01
2.770997215144269665e-01
4.565693066729536453e-01
3.018700711636150835e-01
5.238277387228711390e-01
2.542496190022191516e-01
4.027994048122724435e-01
3.570837935582965028e-01
7.720717776988778036e-02
1.270374639396279481e-01
3.522522473641445107e-01
3.716386991929205297e-01
2.920306905694369792e-01
5.630903813510494960e-01
4.566045385371240162e-01
4.130962595708464469e-01
6.101870617241139660e-01
3.317276960947893039e-01
5.068153697920807499e-01
4.270772949774691574e-01
3.509556415892424730e-01
3.633597313302489029e-01
2.069821034030571438e-01
1.578531812529172795e-01
2.510999382615122233e-01
2.182349270590648871e-01
3.977521924000613773e-01
5.553846859601186958e-01
3.430144996632794041e-01
2.138013024574979271e-01
5.635990815951203992e-01
4.601434548514316547e-01
4.315382020437003585e-01
3.387467804357084389e-01
1.842379175627494592e-01
4.939066267967024415e-01
5.824213704208017761e-01
5.794295619832597888e-01
4.688352004882342383e-01
1.272231406917972152e-01
2.828140729443345824e-01
3.135099260435847413e-01
3.969810649967009941e-01
4.819747628384665750e-01
3.693801627567887547e-01
3.469227770649967457e-01
3.035375037812364507e-01
2.672574070190202877e-01
2.782450235489599688e-01
4.887069792622938391e-01
1.746980793763888429e-01
2.027726442591907541e-01
4.742646385839884848e-01
3.764662584744241647e-01
3.571358225708722856e-01
1.935966905861890019e-01
1.688827811434032156e-01
3.748022764414552510e-01
4.614469085785972147e-01
2.814745626967352643e-01
5.510539658627541248e-01
4.796506734012213058e-01
5.142055922746238128e-01
1.226145397052157415e-01
3.530093746319616366e-01
4.078480573067282400e-01
3.172719142677549176e-01
4.550788391154523826e-01
4.003777888062577950e-01
3.679129851385685157e-01
2.568529558217358955e-01
2.173174594438460616e-01
5.660471846165450183e-01
4.593126954664563666e-01
2.234724588906141229e-01
4.008873225414524843e-01
3.956346841380196655e-01
3.145961616315077758e-01
4.453653964419875821e-01
3.955197162036125369e-01
1.419291628716894127e-01
1.561400662746106893e-01
5.799492977994827880e-01
1.149430192173332144e-01
3.845599973564393093e-01
1.112075354704146202e-01
4.845698156771169329e-01
3.264989303156655143e-01
5.404170319662517930e-01
4.171087177503052246e-01
5.766987139103022519e-01
5.097070277073153521e-01
3.183025306676553479e-01
3.357243414332303777e-01
6.347883603732464852e-01
1.642053047285012835e-01
6.404071170545652114e-01
1.612005544677520275e-01
2.758437010093982567e-01
6.306330680702929570e-01
1.857329739467409591e-01
2.221153480420108572e-01
2.389797487560205158e-01
4.417100303273353568e-01
4.622912291624634018e-01
3.154370534580236418e-01
4.591004603963568242e-01
3.845599973564393093e-01
2.815544756720590458e-01
2.096963400675565803e-01
4.800586312393080590e-02
1.264040184809973322e-01
5.068153697920807499e-01
4.207493242432385760e-01
5.492411443918298053e-01
4.227333029449371060e-01
3.024485339599298217e-01
2.639066729193509930e-01
2.975663497759866716e-01
5.478002262653792753e-01
1.583149829398146635e-01
3.632422241530241513e-01
3.996901849258165940e-01
1.363565520174384038e-01
1.978127387689395111e-01
2.219158445254411638e-01
1.676256412095924186e-01
2.412748615141959985e-01
2.010701722734161145e-01
3.958666622107996358e-01
3.233844164769201779e-01
2.701588412789516780e-01
1.751222359310135313e-01
1.547790243288888756e-01
9.732440964974441167e-02
1.216979896682037904e-01
1.699828500439173329e-01
3.960980527133933782e-01
2.029979781011939932e-01
4.213270892934610767e-01
4.195781315983422854e-01
3.123259345962800526e-01
3.083729601806606269e-01
2.161918404388822879e-01
2.955570977608177885e-01
4.103285651409356860e-01
4.360457993722787196e-01
3.744027543879244746e-01
5.114233999427409971e-01
3.809806633227872941e-01
3.453654256645876108e-01
2.166214337587162586e-01
3.724396067279491240e-01
1.926684858092203578e-01
2.529992886669837904e-01
2.336688837374130967e-01
3.696245765711845266e-01
3.376945941918765293e-01
5.354947616300780311e-01
4.448237457025798758e-01
3.305964903398685428e-01
4.936847246223564634e-01
5.367173425003225473e-01
1.737670016067585921e-01
2.921788633392208290e-01
2.086214035385046128e-01
4.326692007510691829e-01
5.319422441001588897e-01
1.452265425218442763e-01
3.764274095144676813e-01
1.611880585451459791e-01
5.388723948654098317e-01
5.431970839752487956e-01
1.947830750333868766e-01
4.050041452637490047e-01
5.499119348053587153e-01
1.575642488887994408e-01
5.064972871698713019e-01
1.937138545550722568e-01
5.213102421345487958e-01
5.401619356623011958e-01
2.241933525250313641e-01
1.538350203269814864e-01
3.873928412941922694e-01
3.650324229764763118e-01
2.826926332148377852e-01
3.850342072409759786e-01
3.985542884836622557e-01
4.710184778416808271e-01
5.355276493459362186e-01
2.427368017232333641e-01
3.328984096823729977e-01
3.585776515194599723e-01
2.934596488933982616e-01
2.243513228431769091e-01
4.149450387157076481e-01
3.881507640112636937e-01
3.047785163529994068e-01
2.166646936006805801e-01
3.172719142677549176e-01
4.215815108219564400e-01
4.449795852602767554e-01
4.108441812097858303e-01
5.328703260205982506e-01
5.441683005944534246e-01
2.604295116555814249e-01
5.530124079721424613e-01
4.319060752366796763e-01
4.198035811250469540e-01
4.725252182765776188e-01
4.775034053796600730e-01
1.824180071037820594e-01
7.432133870158970368e-02
2.979768325652050742e-01
2.467512488896163592e-01
5.687951461259100894e-01
4.015578586149415319e-01
2.041873153666156071e-01
1.939860437154028172e-01
5.350211428496716159e-01
1.373932159312504231e-01
2.924263568820114068e-01
3.435636991152893893e-01
5.594530398067607546e-01
2.273634007371394816e-01
2.898074460745262981e-01
2.683637787089416804e-01
3.962782544506048277e-01
6.404071170545652114e-01
1.708322588837350164e-01
3.809806633227872941e-01
5.501879666102642563e-01
4.723633845259501696e-01
2.247158810925957428e-01
3.180358092465152553e-01
3.928413397177670241e-01
3.879094678631928028e-01
4.734074613033934509e-01
3.080718885104781757e-01
2.741186715462392565e-01
2.855037369517628987e-01
3.737139993771432800e-01
1.505728753473644377e-01
2.390983500007810569e-01
3.720323322403292776e-01
2.508645302880471162e-01
3.153917518278517851e-01
4.022656289477249958e-01
2.457580535283531431e-01
5.323286170750514135e-01
3.998134882911594801e-01
3.642503376437956630e-01
1.308688464582727085e-01
5.553846859601186958e-01
3.540007034470717961e-01
6.216089325344144045e-01
5.339407920063498070e-01
2.926610067205149823e-01
6.422278570549541099e-01
1.912674250640859774e-01
2.716585455270887905e-01
4.058530946908260328e-01
3.080104576473469136e-01
1.672581173573871594e-01
3.737679568838344624e-01
3.737115326841204399e-01
2.647364920673009880e-01
4.278295457141657598e-01
2.973081572172552312e-01
1.922036182178861186e-01
4.540047641411984469e-01
5.455981574756868513e-01
4.469732113177102284e-01
2.463494245754056511e-01
2.696416666367879578e-01
2.606289804563467483e-01
2.646466534901095180e-01
1.422988777692731355e-01
2.973034113381289867e-01
3.144029841868009600e-01
2.969462926648017143e-01
4.753471302698938361e-01
1.690353247784742996e-01
2.951746433063601183e-01
4.117578348677410349e-01
3.737689252884735525e-01
2.914721251260107837e-01
3.696174277139698261e-01
5.431970839752487956e-01
3.762152324426281669e-01
3.340773400019445560e-01
1.221495963419611391e-01
3.475680987587311810e-01
4.011567439998695028e-01
1.141350279951777874e-01
5.695701228259757443e-01
5.524186709494756098e-01
4.013156248283336058e-01
7.705373464208874201e-02
2.016584840681619750e-01
5.068153697920807499e-01
4.105969883640673279e-01
2.097275814851344566e-01
3.723704491037936881e-01
3.628651645761435396e-01
3.799581115913363005e-01
8.860098459416733407e-02
6.404071170545652114e-01
1.768114083337045950e-01
5.132951112670069982e-01
1.985310789208229454e-01
5.394507973767947995e-01
2.640902240041086979e-01
2.697699036999951505e-01
3.728983227618982155e-01
3.083729601806606269e-01
1.579649199938795157e-01
2.844187654764533946e-01
3.915285466077060295e-01
3.662669795519588045e-01
2.259042194990948105e-01
3.291094911406801105e-01
3.661571944584791627e-01
5.033161395667370419e-01
1.873987387505984259e-01
6.069194362207437354e-01
3.817124279930742548e-01
3.044217761235157305e-01
8.487182494426047386e-02
3.814156519359563902e-01
3.906690209172778983e-01
4.202252020747376804e-01
3.601478646056955890e-01
2.584358505705249831e-01
5.406313180751773917e-01
1.466528326140260907e-01
4.046673670375440235e-01
2.729000956741219897e-01
2.813947161387737594e-01
4.080813940770977033e-01
3.003210837775135422e-01
2.857543289320645385e-01
2.465486365415822390e-01
5.019075122314005100e-01
4.368233789261568578e-01
5.431970839752487956e-01
3.599640149026564484e-01
2.041873153666156071e-01
3.969810649967009941e-01
3.717104692333256244e-01
2.092939222586062409e-01
8.515683099247832455e-02
2.856058908046502087e-01
1.726680517192684117e-01
3.401545162816611567e-01
2.265077098958213631e-01
4.015578586149415319e-01
3.514916400967867394e-01
5.144740766142015254e-01
1.287457925023900163e-01
3.703625144182797202e-01
2.676469569057721154e-01
3.259125450401839097e-01
2.097077433777803368e-01
2.635998260568362950e-01
2.810442595738230631e-01
2.826957323799255684e-01
3.757655017735214709e-01
4.051888068384888464e-01
2.855037369517628987e-01
6.131438783978092610e-01
4.447012612768260209e-01
6.093357528696131675e-01
3.977389877137724183e-01
4.887069792622938391e-01
1.850635917060197977e-01
3.643251055082428191e-01
4.273509150733654782e-01
2.118778575168120126e-01
5.558556503327036769e-01
3.801390416328631061e-01
1.053479876832211365e-01
2.004379304345901835e-01
3.611164906359528026e-01
3.281088978830785652e-01
3.768267262874186452e-01
3.047988186543127420e-01
3.861473879058355818e-01
7.830246285334575840e-02
2.805615007665475669e-01
2.088301622469471708e-01
6.038583346218938663e-01
1.553995084236798330e-01
4.446231670354696131e-01
2.887942576320636778e-01
3.346962814261706942e-01
3.513954207755374815e-01
5.939332712649154633e-01
2.782558981187738811e-01
2.497802710064251086e-01
3.760821839144487533e-01
2.958530656880581367e-01
4.305140552561593226e-01
4.313130129894681142e-01
5.427626647428472895e-01
4.449334844390273047e-01
2.510633663049289255e-01
3.294018524700273454e-01
4.851946754184137123e-01
1.876396515696676648e-01
3.990992239202260650e-01
3.589602155261865657e-01
4.722714290122680403e-01
3.042090008796575762e-01
4.022197203106741004e-01
4.114574838103484122e-01
4.407984225112295262e-01
1.085320716821327192e-01
4.519835593914285909e-01
2.410649616536087447e-01
4.882687577138565826e-01
3.895233683986359385e-01
4.018654752536455765e-01
4.131620216983025173e-01
2.951074254017896914e-01
4.365163048518206912e-01
3.950430724709457775e-01
3.819246988183734870e-01
3.001679298094983572e-01
4.251846618722667781e-01
2.104987277015505365e-01
3.597370440129913916e-01
2.554547464498400089e-01
2.853886538523520144e-01
1.242735162181022729e-01
2.928818086948926647e-01
3.800328121029653561e-01
3.892395794823622079e-01
2.939708505462964028e-01
1.608009253565011176e-01
2.773945224085786476e-01
2.654906168337970995e-01
3.990286225759421268e-01
1.876723170628020188e-01
2.482041249476444889e-01
3.863166568670940992e-01
4.755794358561457047e-01
3.889258819651561505e-01
3.246842241091696390e-01
4.164197180658608111e-01
5.296266683501503758e-01
4.229343220038532802e-01
3.889090930279738845e-01
4.135500523008845963e-01
3.628869819001056540e-01
4.999352282863793184e-01
2.099179815615510314e-01
5.637606992554564656e-01
1.796174880493102699e-01
3.673454776730856186e-01
2.756398668521409800e-01
5.545836104588030002e-01
3.392557197407077285e-01
1.824339754383427492e-01
4.097081937165996668e-01
2.508645302880471162e-01
4.712638695192131744e-01
4.967346495511366922e-02
3.152799599737876046e-01
1.933944363098498154e-01
4.441802755877055642e-01
2.413865160641356644e-01
3.193208988328595233e-01
3.661262713037546357e-01
1.562730633527207591e-01
2.448132563638611703e-01
2.262479580361996256e-01
3.296509367034475280e-01
3.351271707680551493e-01
2.023178918554343897e-01
3.931014993321809703e-01
3.482198658469136676e-01
4.256292203022784548e-01
4.366193302377012753e-01
7.411031733342968164e-02
3.434897814762310486e-01
1.580947578298511624e-01
3.001505953976412178e-01
4.133177611622280145e-01
2.563251823613421632e-01
5.223540203976501095e-01
5.589641325602860977e-01
1.582247628005935824e-01
5.339549656169754188e-01
4.057916106106532750e-01
4.383141649543905727e-01
2.058922326338690767e-01
2.891510679167933473e-01
5.614428064853541622e-01
3.704656066372807310e-01
4.345997600410444472e-01
2.381637938946427335e-01
4.729996470577730872e-01
6.193782281952030511e-01
4.708421446299883573e-01
4.029556532680964032e-01
3.841483669708250503e-01
6.468868585294914597e-01
4.105404262365915380e-01
9.566177249040701269e-02
4.545524827666663770e-01
5.229506345705599024e-01
3.262736848222662633e-01
6.127027731509384623e-01
2.777113746985231946e-01
1.451950580936357260e-01
4.856270700126307238e-01
2.668839041490564390e-01
3.973452857544526040e-01
5.293448229992244736e-01
3.410619931249244119e-01
4.224883547773966574e-01
2.566958165001653192e-01
2.429856433617810230e-01
4.196980153530138757e-01
2.528661347441167884e-01
2.724651455185804760e-01
3.456354448792651191e-01
2.660032110685728868e-01
2.375405906377006382e-01
4.449334844390273047e-01
2.989384522393488397e-01
2.890883433182813156e-01
4.013826609426589531e-01
2.274101022249563619e-01
1.980256320881083609e-01
4.083377195699784412e-01
2.567297224076994233e-01
6.260562744520524747e-01
3.768166817787239609e-01
3.611583560251278580e-01
4.940551682400136646e-01
5.159692389125782874e-01
9.237829828687987854e-02
5.051191701414298185e-01
2.740017124421776917e-01
3.985454215059491823e-01
4.175852962089445786e-01
3.280337992830339444e-01
3.545326348006474504e-01
6.135229996153483967e-01
2.573303570657270445e-01
1.849066077740526837e-01
4.740450623685362186e-01
2.224802587503897366e-01
4.546451620113243219e-01
1.210165970064402963e-01
2.203812596248193589e-01
1.860579833073807698e-01
1.583291569661984810e-01
4.169610813085172230e-01
4.556234729194882926e-01
3.183669280690289427e-01
4.020009207314205191e-01
2.462877366698065507e-01
4.176327406565510936e-01
2.601581865445977138e-01
1.606480313412606553e-01
4.376533566858358815e-01
4.209470824071520068e-01
4.815733755899966329e-01
5.633846747084562123e-01
4.097377443497766114e-01
3.059143659184238584e-01
5.341729484393702432e-01
3.541591095836837400e-01
1.423784148992416621e-01
2.140946111956982811e-01
3.977389877137724183e-01
5.660762750054649795e-01
4.177527492426030831e-01
4.213270892934610767e-01
1.991085951398008091e-01
5.474641367425271410e-01
4.381434255605434203e-01
3.624111225991026308e-01
4.809607893407029655e-01
5.664412210532854264e-01
3.597418547503868913e-01
1.392787511096097997e-01
6.728947156495043713e-02
1.676550526677332287e-01
5.122835122678994768e-01
4.867754332743215451e-01
5.204160278718950039e-01
3.953972359354400168e-01
6.127027731509384623e-01
4.097832928363419058e-01
4.185101454019948819e-01
4.015578586149415319e-01
2.273841867730444222e-01
9.626905803134153117e-02
1.845675653290372586e-01
4.277967798154414525e-01
4.670368651741145793e-01
2.578109225409542793e-01
2.855037369517628987e-01
2.871982989311147594e-01
1.350609362665985136e-01
4.368703029485161982e-01
1.989393991440952525e-01
5.431970839752487956e-01
3.199813863440119643e-01
5.347793499745673307e-01
2.234647580105339204e-01
1.660326468641555864e-01
2.499628542062414527e-01
8.992745146963462832e-02
3.113734764644889852e-01
2.512565479072170760e-01
2.422583663848176250e-01
2.066092119054327714e-01
3.326262431808608699e-01
2.858799333108129614e-01
3.053377033548394515e-01
4.543209249214227308e-01
2.021655354154641981e-01
4.814544643455757195e-02
3.396375827792164626e-01
2.608741022029091305e-01
3.654532893251495884e-01
2.510745214075452703e-01
4.085421588632031087e-01
1.313446612731551666e-01
1.920551028633979418e-01
5.132365813562719259e-01
3.432939534694655626e-01
2.914392391771246094e-01
4.572559657430300128e-01
2.522742138569289971e-01
2.909188779567249417e-01
4.097732731691958730e-01
4.013156248283336058e-01
2.213835833717238688e-01
1.957149265289088169e-01
2.381644049551636111e-01
2.138013024574979271e-01
2.499116358180919484e-01
2.872506853917483061e-01
4.236036979042628325e-01
2.815244395373183717e-01
2.555649469896373871e-01
2.371231331939266385e-01
1.939905121799125609e-01
3.744129137498042881e-01
1.307261368543398139e-01
4.353736076459513438e-01
6.211205094382895586e-01
5.259970073137930635e-01
3.956835794775824811e-01
2.938621046402785097e-01
3.007379985529801125e-01
2.885022918965831629e-01
4.954023526552329693e-01
1.854378610261079585e-01
3.139047367259146237e-01
5.801956422907241784e-01
7.957315109754517501e-02
2.662386563563307607e-01
2.257277070956456300e-01
4.296997276721271630e-01
3.105085107867260885e-01
3.538879137734804448e-01
3.406240717538616125e-01
2.633453494403878992e-01
5.259970073137930635e-01
4.117212853620970670e-01
1.795438831643099975e-01
5.396544419483418897e-01
6.241533265953668197e-01
2.531738631178199750e-01
4.003777888062577950e-01
2.706709035511920547e-01
4.985710567212862654e-01
4.146959921083987477e-01
5.024492674300400363e-01
5.504568178563973291e-01
3.450511501396325009e-01
2.849662873443832845e-01
3.100865811366191327e-01
4.600239050544830954e-01
2.914721251260107837e-01
1.753924297641082930e-01
3.084727718600868696e-01
1.899814324510696040e-01
2.765473157356695411e-01
4.080564297758622061e-01
3.661262713037546357e-01
2.538355935379210115e-01
5.611736870752231932e-01
1.652649746187871693e-01
1.963575911123939810e-01
4.177331910444142538e-01
2.937971093787049015e-01
3.002265154318236595e-01
1.965393499677655365e-01
3.246604770438177856e-01
4.784692969686546449e-01
2.972824435119789666e-01
3.010030854210072326e-01
1.265562441650336656e-01
2.643042800948453563e-01
4.341760774506951415e-01
2.233893924937657982e-01
1.564498031758705110e-01
2.751202341439357157e-01
2.913803035903880789e-01
3.910867395611010711e-01
4.464136475350591327e-01
6.101870617241139660e-01
4.790366898927709838e-01
8.585644591759906963e-02
3.946545378655628711e-01
5.955528410783056392e-01
1.412934031993324513e-01
3.026398322817999698e-01
2.737725956168919894e-01
4.392438974346311586e-01
3.672605300746099588e-01
4.753344440340009358e-01
2.623381965587903708e-01
2.550715864538249944e-01
5.533849760099367465e-01
4.814935252902119434e-01
1.723371262242881230e-01
3.062702049921470770e-01
2.298545369084045165e-01
1.290748718233659387e-01
1.316400470350651275e-01
3.629278704655394261e-01
5.388810783898452250e-01
3.384845313248407983e-01
3.651914124217535140e-01
2.099439201919790776e-01
2.852394388808598968e-01
5.323955464434753093e-01
4.029973936180119565e-01
9.753955461104010793e-02
4.500335046827431129e-01
3.522021351005166778e-01
4.087995314429501703e-01
2.058922326338690767e-01
4.381326331029614662e-01
2.591849542260085681e-01
2.440688191776997640e-01
3.583241157636740670e-01
3.100865811366191327e-01
2.815916815558607289e-01
2.867021402391053964e-01
4.541207138884444938e-01
2.935320191846126914e-01
2.570332442445187882e-01
1.860705730873860875e-01
4.255599184100496979e-01
2.318947054261677465e-01
1.332232832252236432e-01
4.282602416245772647e-01
3.613286698905224803e-01
5.403587408046265361e-01
2.556052372791129401e-01
2.570332442445187882e-01
3.062702049921470770e-01
6.170626524451945372e-01
3.480599904210479045e-01
1.051734728936774832e-01
4.163733974124967929e-01
3.144397745203453831e-01
2.796686001956650292e-01
2.926493766142278519e-01
3.762924806161771496e-01
3.112626432447476721e-01
6.404071170545652114e-01
5.457448365304263804e-01
3.745321583802808107e-01
4.722814241496840482e-01
2.921382263074595032e-01
1.840391160537929449e-01
3.610045199019504825e-01
1.766558196860430197e-01
5.555340819942791164e-01
4.196908134866367823e-01
3.240531843310553994e-01
3.639045926579249080e-01
1.958133539416201663e-01
2.372617039256123828e-01
5.166735377688629338e-01
1.067131278608322853e-01
3.092263342097640311e-01
1.433086988826501040e-01
3.719853952255281482e-01
2.086833904781432436e-01
2.176876615060260312e-01
4.157778601570996657e-01
3.686466976357242187e-01
3.073215604472830931e-01
3.402978949443749568e-01
5.303487510528375193e-01
3.769943861607499835e-01
3.079136300719441666e-01
5.840252132472293356e-01
1.865192158213895557e-01
1.661891234672568385e-01
3.875563547076904536e-01
3.657911054915419236e-01
3.411404893004590932e-01
2.642183119140845138e-01
3.278988992799338753e-01
3.783339321635491026e-01
1.527458848260575264e-01
6.241533265953668197e-01
3.022841050470154167e-01
4.543770543486181368e-01
1.029389123977516862e-01
3.147378969062482046e-01
4.989050413646337057e-01
3.427765857076475187e-01
2.496499321818991812e-01
3.345209880255772261e-01
2.539303906545254397e-01
5.068153697920807499e-01
5.143829965832149576e-01
5.068153697920807499e-01
1.535098873822356436e-01
3.794763528902577732e-01
1.844365042286890133e-01
2.127635813746847626e-01
1.083806004951742979e-01
4.209831247918091601e-01
1.339279113619522843e-01
4.726368976680658807e-01
2.802528788246698710e-01
4.090958445533832144e-01
2.664956046548996871e-01
2.508645302880471162e-01
5.660779688041124302e-01
4.884115500536586607e-01
3.834009427703332085e-01
4.363859923239968852e-01
1.293348873775856389e-01
3.172719142677549176e-01
3.469227770649967457e-01
4.115274407295210213e-01
4.228952427138892856e-01
4.033438359342169099e-01
4.151892835244209712e-01
9.532394561824268642e-02
5.254625026252326414e-01
5.727543212623142921e-01
5.630903813510494960e-01
4.169302210372108353e-01
3.722347992808947015e-01
5.367173425003225473e-01
2.851257333960337537e-01
2.781596168495622523e-01
1.977864554750164428e-01
3.676117107862946209e-01
4.727229158437425971e-01
4.207651946667581577e-01
3.126643001870495486e-01
4.627348921533889770e-01
2.026516662291043547e-01
2.965009987586468831e-01
4.104627226000042151e-01
4.305968763557072032e-01
2.419253823673648274e-01
2.736288143963627184e-01
3.062702049921470770e-01
3.387467804357084389e-01
3.123843638935461242e-01
1.977760021721342021e-01
3.819756453007018271e-01
1.331078348822899715e-01
1.709056828100064540e-01
3.274277137240204083e-01
1.781192143209807954e-01
2.979106559268870913e-01
3.277123949611942533e-01
5.582652799277083577e-01
1.656973707720972022e-01
3.240946635848613311e-01
2.345587223535611221e-01
1.162887199996430060e-01
1.620556660540466987e-01
3.207447063292697687e-01
3.055527747269450312e-01
2.324822861102308347e-01
4.179611887527365233e-01
3.934671914579770946e-01
2.018336536767703360e-01
2.371231331939266385e-01
3.742067203730024549e-01
2.633928215359104819e-01
2.328634135686568629e-01
2.636170389633781252e-01
2.979912408712986904e-01
3.699703476458783280e-01
8.917672209589842802e-02
6.134831359976602450e-01
4.249358089043099307e-01
2.449932453368463547e-01
3.715984943417419695e-01
5.193693921031226068e-01
3.150559396156765724e-01
1.957249581491012913e-01
2.595237213351981875e-01
1.410883624080239984e-01
5.254625026252326414e-01
2.499746162117973403e-01
1.830622658079014697e-01
3.971487623922041466e-01
5.158742789227238612e-01
1.804488333414392409e-01
4.757485405929403055e-01
4.447176131482674655e-01
3.024031450205493243e-01
3.446059667212024169e-01
1.168516314668078121e-01
4.225203682578336783e-01
3.574381240536220194e-01
