3.207005071857359502e-01
4.353338264523136658e-01
1.833662463298847134e-01
3.866431606703549795e-01
2.246916436405220208e-01
2.018476140034720645e-01
5.305292347780049544e-01
1.888196330297474135e-01
1.310842206062410586e-01
3.068074463047004152e-01
3.593202273564450322e-01
3.713738133439523081e-01
4.015578586149415319e-01
2.971359682826657522e-01
3.402114099762506561e-01
2.259171975971994706e-01
3.046909700582925984e-01
2.462702048767742014e-01
3.006626526807839594e-01
5.869966919953908263e-02
3.847183661787585418e-01
4.970148219432917736e-01
1.606528736762745102e-01
2.012856770733787992e-01
1.804555323483504059e-01
4.086824047883596545e-01
3.956643048264426032e-01
3.654164423445591114e-01
5.496264291198005303e-01
5.349758778062158049e-01
1.775342250573814507e-01
2.509587398344653719e-01
3.927404096489540697e-01
4.102103521103349082e-01
3.542620629394672149e-01
3.013853396879222490e-01
3.543450746641205740e-01
1.401346964988468835e-01
2.895126299012631410e-01
1.820592136527421079e-01
2.910580675443966148e-01
6.146741227315179884e-02
4.458284122465825949e-01
3.280337992830339444e-01
2.469034547212016761e-01
4.251061621627879594e-01
2.906994087989928088e-01
2.060730051030622012e-01
4.601434548514316547e-01
2.494037792512191765e-01
3.144029841868009600e-01
3.406242029255536208e-01
2.960999505609371307e-01
1.423948662408172083e-01
5.523442417200304932e-01
3.083729601806606269e-01
2.119992302053093358e-01
2.341223837737233249e-01
5.051191701414298185e-01
2.641558406162170525e-01
3.280337992830339444e-01
3.708731452352567182e-01
1.554400492074325679e-01
3.647950903546585688e-01
2.960418644720126391e-01
5.935098820439011630e-02
3.011159836074722151e-01
3.776916715930329072e-01
1.659613485013561318e-01
1.374735187837665129e-01
3.404797660544433002e-01
4.385315226844273551e-01
1.809390533442293003e-01
3.049950782180237407e-01
3.903108255343170629e-01
2.821591134573023241e-01
2.061651961437285518e-01
5.721036680941186114e-01
4.200144649812033726e-01
2.831157034973917908e-01
3.609864963709824015e-01
2.788080937317933272e-01
3.907610992874893108e-01
3.591644867491846638e-01
1.039474571336501119e-01
2.834968734670872403e-01
2.467512488896163592e-01
5.408068878509919575e-01
3.083729601806606269e-01
1.115008632295497459e-01
1.864121547752191632e-01
1.153255954889248064e-01
3.837369655640044397e-01
3.868408355787015251e-01
5.122835122678994768e-01
1.579886379561618870e-01
1.581775008708089236e-01
2.887942576320636778e-01
1.025100878147117978e-01
2.603673681830044329e-01
3.595653225984262180e-01
1.737619930724297324e-01
4.003450431757426542e-01
2.358073082715959612e-01
1.275242229638121338e-01
4.498301930295237061e-01
2.425705154108449280e-01
3.694882391882676198e-01
4.019763614825492826e-01
2.791299491512109765e-01
