5.051191701414298185e-01
4.374666511401582580e-01
5.478723908602557424e-01
5.431970839752487956e-01
3.363471027392735402e-01
4.413909641253148664e-01
5.503216301486668627e-01
3.280337992830339444e-01
4.482694349069454298e-01
4.524487706068625048e-01
3.956927123326237083e-01
1.337392617312291865e-01
5.360149812848322703e-01
1.967451408906914501e-01
3.927466443579664679e-01
4.248019956929782182e-01
5.579617696281773398e-01
5.026519451560410578e-01
3.666690718222883616e-01
4.420653965801180085e-01
3.734716234012527836e-01
6.340519159293770413e-01
4.783873416854256821e-01
5.302025563563268484e-01
5.875440673605474284e-01
4.213270892934610767e-01
1.306803989899434082e-01
3.788499707466053135e-01
4.086690513645974687e-01
2.194141599466201964e-01
5.275274281888004957e-01
4.455830845958032027e-01
5.923191657607110860e-01
5.027800545815004352e-01
4.938586756438672620e-01
5.431970839752487956e-01
4.734074613033934509e-01
3.723040542963936272e-01
3.289682381453778448e-01
1.495975615356657518e-01
4.905803363651424220e-01
2.983001768145088772e-01
4.705816625951397270e-01
3.304302002856568943e-01
3.328984096823729977e-01
3.858113729076294018e-01
3.287349351553569554e-01
5.374222163501097826e-01
5.620708870009936131e-01
3.448864995236919362e-01
8.041045898498633271e-02
5.857033971623771818e-01
4.789883872164315548e-01
4.495562714050390096e-01
5.431970839752487956e-01
2.084036259966896565e-01
6.422278570549541099e-01
5.925645574382435443e-01
4.078037458045580821e-01
3.528370528626476044e-01
5.354770228934332410e-01
5.350211428496716159e-01
1.900839110110613683e-01
6.468868585294914597e-01
5.396544419483418897e-01
3.126643001870495486e-01
5.520023777324228886e-01
6.157036238082479462e-01
3.259962486903156820e-01
3.547955561924214796e-01
4.349988612434017021e-01
5.248710097610461700e-01
2.802688447686212392e-01
4.267573265802928062e-01
6.044087674204152716e-01
3.280337992830339444e-01
6.127027731509384623e-01
1.909531731334051241e-01
5.607887041876594703e-01
2.958998645672184513e-01
4.970148219432917736e-01
5.816489751630046223e-01
4.010084025362218307e-01
2.072987519715148719e-01
5.321405488820819540e-01
5.366822978312529857e-01
6.039438496262860001e-01
2.834644989007087945e-01
4.403633906592142044e-01
5.701616459365665968e-01
3.594952511378871063e-01
4.635517099207787095e-01
5.818165656047271650e-01
5.764346392054580104e-01
5.770721815447640290e-01
3.396375827792164626e-01
4.013744564755361011e-01
2.566958165001653192e-01
3.741086687017067813e-01
3.563179285096071403e-01
5.431970839752487956e-01
2.822904799320016811e-01
3.590117161101711307e-01
5.431970839752487956e-01
6.241533265953668197e-01
4.878976438940836879e-01
3.431403103620029871e-01
5.431970839752487956e-01
4.185857986233933459e-01
2.717629858418467714e-01
5.386202903570082023e-01
5.635990815951203992e-01
2.363912390149802145e-01
5.671684055240635569e-01
3.161929406232596440e-01
3.906660493899380415e-01
3.707030649219951735e-01
5.367173425003225473e-01
2.911350956779519272e-01
4.469675909952837700e-01
5.169177985842644540e-01
2.860848755674431088e-01
3.969810649967009941e-01
2.973095228787935307e-01
5.927020325433004500e-01
5.432955972420152602e-01
5.388810783898452250e-01
5.766987139103022519e-01
5.007884998311020741e-01
3.734681023455961868e-01
5.431970839752487956e-01
4.289136016900590431e-01
2.508645302880471162e-01
3.951133913075760562e-01
5.636358082137304937e-01
3.745389978095025607e-01
5.165558110713421858e-01
1.291570208498864225e-01
4.373538582444413403e-01
6.260562744520524747e-01
4.273769477690718133e-01
3.499427529083961042e-01
3.298122454554883176e-01
5.816489751630046223e-01
4.208625614804637483e-01
4.053545658656209083e-01
5.734027553214573469e-01
3.709704550900975728e-01
4.900720654952868127e-01
5.104380571093382057e-01
5.296266683501503758e-01
2.355288986419691588e-01
3.887782126784753989e-01
6.081259795326978690e-01
5.344861059906966805e-01
3.665542301744151299e-01
6.306330680702929570e-01
4.069113286564485232e-01
5.390703402244241271e-01
5.925645574382435443e-01
5.582652799277083577e-01
5.623695114148460350e-01
5.555612183199584164e-01
4.661603168904315808e-01
6.468868585294914597e-01
5.854331198658365709e-01
5.515005834388755357e-01
4.269894506881181662e-01
6.097608937316256750e-01
3.698149969158102679e-01
4.249709152095231257e-01
5.732712515426334754e-01
5.841196848252130369e-01
5.431970839752487956e-01
4.347924714208803998e-01
5.319422441001588897e-01
4.091289469043792870e-01
5.772954643479412118e-01
3.265420945332584979e-01
6.306330680702929570e-01
3.713370553356029613e-01
3.122164085201193928e-01
4.449435949493261711e-01
6.468868585294914597e-01
3.043383783674327714e-01
5.386202903570082023e-01
6.241533265953668197e-01
2.508645302880471162e-01
5.949681918009223081e-01
2.931041819232070300e-01
5.321405488820819540e-01
5.169177985842644540e-01
4.231900131537574827e-01
2.481224855366596094e-01
5.350211428496716159e-01
5.396544419483418897e-01
5.985066694903961038e-01
5.165558110713421858e-01
3.096418611845714874e-01
3.396375827792164626e-01
4.918420921497222986e-01
4.447012612768260209e-01
6.287050981219908241e-01
3.235310201754975079e-01
4.278468028989490524e-01
5.727543212623142921e-01
5.114233999427409971e-01
5.695701228259757443e-01
5.205085652390888384e-01
5.341729484393702432e-01
5.614428064853541622e-01
3.091494538782261770e-01
6.205291569964137555e-01
6.127027731509384623e-01
3.226127076358061285e-01
5.350211428496716159e-01
4.165136606955555099e-01
5.503216301486668627e-01
5.324987507092939776e-01
3.939690337715892055e-01
3.303503827268254311e-01
4.792137298932951373e-01
3.676319265059760921e-01
3.357243414332303777e-01
2.668051461498354149e-01
3.637835744032388297e-01
2.768612497153156715e-01
3.683703190885329048e-01
3.408851478031475479e-01
4.116558448235594914e-01
2.872506853917483061e-01
5.656421788171355214e-01
4.215154011206984075e-01
4.291458918932598565e-01
4.095730573549991038e-01
5.254625026252326414e-01
2.768612497153156715e-01
5.955528410783056392e-01
4.376970836320663860e-01
4.721823061627082874e-01
4.358089752226617097e-01
1.919807621904358885e-01
5.367173425003225473e-01
3.083729601806606269e-01
4.027644265605652696e-01
5.773311148805548854e-01
5.256187689586564460e-01
4.538342068494150006e-01
4.071521954303041757e-01
4.985710567212862654e-01
6.468868585294914597e-01
3.377745426105814297e-01
3.491935995698152162e-01
5.641750209474266642e-01
4.314417617470016064e-01
5.198589704871687811e-01
5.288250921720989428e-01
4.544124331832896657e-01
4.970148219432917736e-01
4.183566186028709333e-01
1.739659016503934119e-01
3.776951078340296530e-01
3.122688116110783896e-01
5.268216619141735668e-01
4.238506376572158674e-01
4.695375708504035406e-01
5.400538165116738343e-01
4.074708553326859550e-01
5.350211428496716159e-01
5.599614795783592891e-01
4.830222371913999169e-01
2.855037369517628987e-01
5.655053501120409498e-01
6.404071170545652114e-01
3.354858544589470748e-01
2.853886538523520144e-01
5.299930170619833181e-01
3.466033323151930801e-01
6.112637228179154114e-01
4.479978808171681259e-01
4.132608803561407251e-01
6.241533265953668197e-01
3.639735406360401493e-01
4.024710452725701049e-01
5.590925045370086499e-01
3.825396754690719714e-01
1.495426129655170744e-01
5.000442201133348252e-01
3.219871997275748354e-01
6.468868585294914597e-01
5.229135090320180534e-01
2.929685336594011202e-01
4.184864671446145712e-01
5.314923341353559039e-01
3.536781897785848394e-01
4.252319785781858985e-01
6.287050981219908241e-01
5.745976238331247377e-01
4.285281923385869662e-01
5.708513734056286371e-01
5.399989171049247583e-01
5.431970839752487956e-01
5.574198641329715098e-01
6.044087674204152716e-01
5.347793499745673307e-01
3.249862379912285548e-01
2.889886541835657296e-01
2.608533230270134173e-01
5.562528232488246349e-01
4.379643854515648527e-01
3.125625587662335114e-01
5.033161395667370419e-01
4.444103439794258037e-01
3.784113338557898443e-01
4.872126310183480524e-01
4.635053057000292909e-01
5.897747716997587819e-01
5.695701228259757443e-01
3.335617391082663641e-01
4.177304584740632598e-01
2.987805593561561612e-01
5.282738581037093040e-01
5.773311148805548854e-01
3.145961616315077758e-01
4.104483020290455864e-01
4.180071822044472141e-01
5.223540203976501095e-01
3.328984096823729977e-01
5.695701228259757443e-01
6.243987182728991669e-01
3.354858544589470748e-01
5.766753346869615271e-01
1.985310789208229454e-01
6.326927566404360048e-01
5.569365593313235774e-01
5.949681918009223081e-01
5.553846859601186958e-01
5.350211428496716159e-01
3.821067288519894301e-01
5.223540203976501095e-01
5.649933292077351510e-01
4.670368651741145793e-01
5.175002038071070398e-01
5.257507295517326318e-01
3.301376088341811954e-01
2.623652260346285847e-01
6.127027731509384623e-01
5.537239373821155608e-01
4.156871378859894328e-01
5.114233999427409971e-01
4.892629244940053801e-01
5.736243512899359409e-01
5.816489751630046223e-01
3.880640576519318041e-01
2.192955807370408627e-01
4.015578586149415319e-01
5.033161395667370419e-01
4.989926776709770473e-01
4.955672412927065729e-01
3.775797248690629382e-01
3.444586779571559565e-01
4.334612319538266312e-01
3.251021100956426602e-01
5.033161395667370419e-01
5.092546136312572358e-01
5.702189724353760036e-01
5.158043502751046283e-01
4.672162239617045909e-01
6.306330680702929570e-01
3.985593228989350867e-01
3.796192872114633743e-01
6.039438496262860001e-01
5.172131169933563699e-01
5.966258982766419194e-01
3.172719142677549176e-01
5.498989966200351631e-01
5.573293686579247064e-01
4.107048418452455829e-01
1.728872997976115544e-01
4.375724904810450733e-01
5.321405488820819540e-01
6.210979676557749629e-01
4.359064659322918756e-01
3.729255215552375047e-01
1.776257590962528887e-01
2.888800686562489339e-01
1.701939309694303903e-01
5.114233999427409971e-01
4.271478633729207663e-01
2.004945782082420691e-01
2.758569335514823306e-01
2.887942576320636778e-01
4.192568463912086374e-01
5.067878457719393603e-01
5.427562435663108031e-01
5.721781819303445316e-01
3.810348301637001001e-01
2.331502557087442584e-01
1.859555041237518358e-01
2.913827890964665879e-01
3.508297583407241071e-01
3.089713735469053479e-01
5.939332712649154633e-01
5.875682461907238974e-01
4.239035299915617783e-01
5.321405488820819540e-01
3.854461701291597708e-01
6.153745827370206145e-01
7.903857448282713971e-02
2.802688447686212392e-01
6.241533265953668197e-01
5.066983730619077919e-01
2.700242174431937148e-01
6.040191182714084173e-01
4.556471663520405557e-01
3.483786458540297226e-01
2.903878658443887484e-01
1.874540229415026793e-01
3.238477882744194569e-01
5.473675821123409335e-01
5.278187528252347160e-01
5.429649275422283594e-01
3.858676127186099758e-01
3.180106841508204552e-01
5.350211428496716159e-01
2.907973472801358428e-01
4.536449469896872699e-01
6.014479332758485564e-01
5.171326193581533559e-01
4.213270892934610767e-01
5.832950302248325336e-01
3.069533342756460281e-01
5.579617696281773398e-01
4.643354487235675232e-01
2.996559423737225059e-01
2.235865848108556375e-01
3.930699310247683931e-01
5.645149780603420098e-01
5.533421956410431441e-01
4.910274395467670305e-01
4.834192795594660641e-01
6.127027731509384623e-01
5.472698211599221763e-01
4.068569968634950795e-01
3.396375827792164626e-01
5.049086137987452982e-01
6.083409143282556553e-01
2.298405574568285203e-01
2.422995619876350815e-01
5.367173425003225473e-01
3.681680741667517909e-01
2.557292681172549376e-01
2.692584001027504836e-01
5.064972871698713019e-01
4.199564709827060538e-01
5.595982273291861819e-01
5.925645574382435443e-01
3.170181403864963943e-01
4.056808353891719343e-01
1.788015521049277079e-01
1.922333500176709731e-01
4.954722501209919971e-01
5.923191657607110860e-01
4.023157813320129561e-01
2.051476531544854931e-01
4.641418613413382799e-01
6.039438496262860001e-01
4.125029576390693009e-01
6.468868585294914597e-01
3.817537936409694521e-01
2.844945152576789926e-01
6.143658662930118197e-01
2.406167451756345554e-01
4.447012612768260209e-01
2.179071277534512241e-01
6.227146973213962822e-01
6.143658662930118197e-01
3.882139959386415873e-01
5.987989072356373343e-01
4.038010054518383907e-01
4.034439178564317441e-01
5.448866254672253273e-01
3.173259555497106033e-01
6.041621097593576906e-01
2.408357240505844266e-01
3.969810649967009941e-01
6.093357528696131675e-01
3.794763528902577732e-01
2.522742138569289971e-01
5.670046768517902347e-01
4.316739181800220426e-01
3.251938361108335229e-01
3.021166678121660620e-01
5.350211428496716159e-01
5.207172887120293803e-01
6.360853209977179734e-01
3.328984096823729977e-01
4.058968696571212398e-01
5.923191657607110860e-01
3.964389439309015661e-01
5.358402383480113107e-01
5.465820266543753858e-01
6.265488230122245872e-01
6.170626524451945372e-01
3.150559396156765724e-01
2.844899206105748757e-01
5.353603262366952720e-01
2.979768325652050742e-01
4.844485253087305598e-01
3.934699486619976927e-01
5.132951112670069982e-01
5.791039819945777989e-01
4.234529299721920270e-01
5.438418886737407254e-01
5.933840547668218779e-01
5.633846747084562123e-01
3.309217765954272084e-01
3.802003237585210860e-01
5.412590914494935790e-01
4.811312053786596099e-01
3.360321471379469349e-01
1.871167830158873280e-01
4.824663704340366177e-01
5.530124079721424613e-01
5.367173425003225473e-01
5.027800545815004352e-01
3.706803729468537423e-01
2.831095177438999189e-01
3.839409315165909220e-01
3.002265154318236595e-01
6.064684233535445612e-01
2.892855494593291610e-01
5.407527897141111151e-01
4.379070017860116626e-01
3.111980704973801304e-01
6.174502582469009182e-01
5.386202903570082023e-01
3.043383783674327714e-01
5.064972871698713019e-01
3.905829920358291907e-01
2.076008386112476178e-01
4.286976749995275449e-01
5.322355088719363803e-01
3.716910317089358595e-01
4.670368651741145793e-01
4.613146515499698119e-01
5.731944484381694682e-01
3.812714034032818611e-01
3.340359216567055922e-01
5.188538351758672507e-01
4.032078395769113088e-01
5.524186709494756098e-01
2.045896587548595436e-01
4.396070525003398788e-01
1.360913212970961128e-01
5.740548653061627871e-01
5.549630650104279139e-01
4.019722576379251011e-01
4.080961306242399944e-01
4.369391694380367341e-01
4.104415700733021199e-01
3.771650130920212729e-01
5.991323575258400425e-01
5.583763581329315162e-01
5.349432989986528941e-01
4.083052977111119586e-01
5.431970839752487956e-01
4.154430853654141331e-01
4.184980543238741024e-01
5.367173425003225473e-01
3.783339321635491026e-01
2.503375637102564499e-01
4.363076172380194184e-01
5.554458298461963928e-01
4.289179680859463439e-01
5.708513734056286371e-01
5.519077060708361682e-01
4.882812461528162062e-01
3.269040701970739593e-01
3.442746382526484794e-01
4.618595152682550831e-01
4.013257021819210957e-01
5.330209441758004818e-01
6.173998234588988776e-01
2.821591134573023241e-01
4.969217794299622404e-01
4.882812461528162062e-01
3.910341237059157815e-01
4.229678831439528386e-01
5.132951112670069982e-01
5.635990815951203992e-01
4.334165257932455773e-01
2.491829863195809680e-01
2.456506873157106863e-01
4.214297246982097178e-01
3.737991522561987523e-01
6.099997639309711062e-01
2.920793961154105056e-01
3.415406496466686925e-01
3.279472448833009035e-01
5.114233999427409971e-01
5.341729484393702432e-01
1.579649199938795157e-01
3.907502985147446317e-01
3.901142224504459133e-01
3.853201328422518612e-01
5.630903813510494960e-01
5.583152829508858384e-01
5.165558110713421858e-01
3.561203283337855408e-01
3.930012789625066949e-01
3.863779175812080968e-01
5.395200926168933764e-01
3.449237744233442093e-01
5.403482362595539712e-01
4.757485405929403055e-01
2.375501937151940635e-01
4.912299395361648391e-01
5.700798464586992464e-01
2.352319909974011636e-01
5.715104712452104829e-01
2.424483257576097173e-01
4.316876776955438921e-01
2.759952900637883122e-01
4.658939943892232982e-01
4.918127291274043689e-01
3.280337992830339444e-01
4.369241636875011991e-01
5.207142609534015643e-01
4.802277242829051107e-01
4.515432834781002436e-01
5.793561072908861576e-01
4.909998093004218078e-01
3.226127076358061285e-01
4.792402559899698322e-01
4.290044203131174183e-01
6.243987182728991669e-01
5.122835122678994768e-01
5.349713221364369442e-01
4.410586895991217005e-01
2.035037908010685626e-01
5.429546416859355462e-01
3.669676280518064382e-01
5.541597273690924697e-01
5.113571187412517816e-01
4.533322541520176663e-01
5.223540203976501095e-01
6.241533265953668197e-01
5.114233999427409971e-01
4.295122421641857646e-01
5.223540203976501095e-01
2.618864416672573858e-01
4.192875538713999317e-01
4.571014077597884140e-01
4.207493242432385760e-01
4.346296610543907701e-01
6.195765329771262264e-01
6.241533265953668197e-01
5.367173425003225473e-01
5.641750209474266642e-01
4.688352004882342383e-01
5.132951112670069982e-01
6.404071170545652114e-01
5.693439650552858389e-01
5.180410367502605862e-01
4.360749882958770973e-01
6.243987182728991669e-01
4.516605218676898459e-01
4.015578586149415319e-01
3.895355638320489589e-01
4.003449920374919091e-01
5.046778200130167535e-01
4.669422630480760672e-01
3.648172429875576328e-01
3.942517259178993094e-01
5.257914204241725953e-01
3.747744776051857296e-01
3.702891426696544031e-01
6.222253566470645758e-01
4.146490430366117086e-01
6.287050981219908241e-01
4.661284191986355130e-01
4.710003686645365950e-01
2.924939470979929235e-01
5.089512037373161712e-01
1.990690505125427279e-01
5.056301494676646024e-01
5.987989072356373343e-01
3.018464197226345402e-01
4.175357615373076481e-01
4.061511298714597373e-01
3.599740111834073275e-01
5.760029763455609686e-01
6.373517581149733546e-01
4.570255642251030426e-01
6.009254957593160862e-01
5.816489751630046223e-01
3.702338758366523486e-01
4.366263824311492625e-01
5.987989072356373343e-01
5.350211428496716159e-01
3.028889518546617476e-01
4.407603440550392215e-01
5.164337675570918051e-01
9.570272071713334383e-02
5.007273318310525578e-01
6.468868585294914597e-01
3.847024701861135876e-01
5.452542297686300277e-01
4.334426760445649895e-01
2.860911237885949698e-01
4.209636387276569636e-01
2.088306867258361565e-01
5.794801888515207500e-01
6.392357022908845554e-01
4.243353875302062206e-01
2.494965943448481660e-01
4.176982134163442772e-01
5.599614795783592891e-01
6.222253566470645758e-01
4.313180687123454038e-01
1.788051019518352158e-01
4.799705001288127049e-01
2.580833458770551148e-01
2.324875619770413460e-01
5.350211428496716159e-01
4.352150437291266161e-01
3.171248489737067411e-01
2.984509390299053266e-01
2.951049501857250235e-01
5.805346067810890354e-01
4.625415781321343678e-01
3.911471213625148380e-01
3.614232407307612083e-01
5.656421788171355214e-01
5.635990815951203992e-01
5.364851860673021111e-01
3.631184200070060042e-01
4.023157813320129561e-01
3.191355076025903514e-01
2.922619698567292534e-01
5.102207486466405761e-01
4.705668165996680363e-01
3.208764396065849067e-01
6.404071170545652114e-01
5.367173425003225473e-01
5.367173425003225473e-01
2.225795925158382815e-01
5.211873409112632860e-01
4.812339419165749255e-01
4.292249940362782290e-01
3.606140050405642339e-01
5.495967055312388494e-01
5.816489751630046223e-01
4.316739181800220426e-01
2.092284933612964526e-01
4.836546460610571252e-01
5.587189766176170469e-01
3.861635412527669176e-01
5.431970839752487956e-01
6.243987182728991669e-01
5.695701228259757443e-01
4.579090477702582040e-01
3.341113488096174033e-01
2.898074460745262981e-01
4.708052536829749890e-01
4.351500404642089093e-01
5.579617696281773398e-01
5.695701228259757443e-01
3.687650723962399568e-01
4.746369362750545995e-01
5.077830126582850712e-01
5.212439108342040717e-01
5.024935737352335119e-01
4.064699298843334474e-01
5.798978859798603613e-01
3.298122454554883176e-01
4.045521532861387493e-01
4.556137855470326903e-01
1.769763489409452717e-01
6.241533265953668197e-01
3.933749937651805362e-01
3.942392206407351885e-01
5.296266683501503758e-01
3.350153246575541810e-01
2.655016931502466315e-01
5.480602112613759402e-01
5.380925406987677739e-01
5.026519451560410578e-01
3.144029841868009600e-01
2.918601179985420013e-01
5.923191657607110860e-01
4.602239599702810935e-01
5.529201810723368693e-01
4.441649523018934009e-01
3.250348911516768857e-01
3.655248279961518243e-01
3.031393015519094347e-01
4.264045286733973428e-01
3.759795412339326792e-01
5.132951112670069982e-01
5.597466204507822729e-01
6.185337629275055038e-01
5.431970839752487956e-01
4.465464234298406887e-01
6.113143496861764836e-01
2.871982989311147594e-01
5.118335112520646657e-01
2.412748615141959985e-01
6.468868585294914597e-01
6.357481155800278616e-01
2.102495073073406551e-01
4.146490430366117086e-01
4.216243172796730887e-01
6.241533265953668197e-01
3.583499854821909913e-01
4.236210475952315035e-01
4.805050920226422440e-01
6.184933777412352507e-01
5.027800545815004352e-01
3.722617124483943440e-01
4.348585377793527385e-01
1.213745185087288514e-01
5.534456372008181857e-01
4.156928457255035791e-01
4.331211464755866936e-01
5.522392351426907986e-01
1.845044973143046274e-01
4.784924042861742333e-01
2.620112976813604444e-01
4.447012612768260209e-01
5.633668584329191154e-01
4.286250002694177441e-01
4.972562346075804496e-01
2.325797041661266940e-01
5.662745797873881548e-01
4.477756238971923319e-01
6.260562744520524747e-01
5.923191657607110860e-01
4.276496837552912211e-01
3.792055886369999906e-01
2.872984128667061543e-01
5.900099134840771642e-01
4.372491900942246379e-01
2.716354938172198530e-01
2.463489876136043533e-01
3.277123949611942533e-01
3.585776515194599723e-01
3.716196489472347597e-01
4.181577234443942248e-01
2.887942576320636778e-01
2.837541684040023604e-01
2.331502557087442584e-01
6.404071170545652114e-01
1.530487062143567056e-01
4.562613833086844872e-01
3.328984096823729977e-01
3.045096751890011832e-01
2.539451208613561217e-01
2.603052257498228439e-01
5.431970839752487956e-01
5.613941817003986756e-01
2.522742138569289971e-01
4.980751515378005201e-01
6.198219246546585737e-01
5.549630650104279139e-01
3.218251812763953112e-01
3.175447480610758544e-01
4.535296690036499379e-01
4.286250002694177441e-01
3.166549998723224846e-01
3.872704718255630674e-01
5.156282577873730899e-01
4.734074613033934509e-01
3.246604770438177856e-01
5.334648857246773179e-01
4.283118954154350733e-01
5.633357730285819542e-01
3.783880816465597374e-01
5.767724660776223367e-01
3.224086182030531655e-01
2.662069192511148374e-01
1.879883840895665570e-01
4.885232258072632616e-01
3.771396690996677292e-01
3.648764610819478227e-01
5.879524718787818571e-01
3.416202649391668067e-01
4.015578586149415319e-01
6.243987182728991669e-01
4.287676810820997275e-01
4.560618366572081195e-01
5.247430096799766686e-01
3.444494083176878330e-01
4.267936748589987728e-01
5.702189724353760036e-01
5.087418574586873854e-01
5.319422441001588897e-01
5.722463879880654858e-01
5.115253832308529480e-01
5.664412210532854264e-01
3.078274342636037053e-01
6.193180323416157540e-01
3.155421629355020796e-01
2.604552408478482683e-01
5.321405488820819540e-01
5.431970839752487956e-01
3.328984096823729977e-01
3.288818646004340596e-01
5.766987139103022519e-01
3.328984096823729977e-01
6.241283045037502308e-01
5.234126971456878330e-01
3.271354274390168015e-01
4.020768188343613048e-01
2.897028510977415761e-01
3.328984096823729977e-01
6.124684257764790862e-01
5.587189766176170469e-01
5.538690317747184677e-01
5.613941817003986756e-01
4.183575283856127425e-01
5.829143806803842587e-01
4.148373548638490393e-01
2.701921372692998036e-01
4.132346469531940625e-01
4.003777888062577950e-01
5.685227727847251833e-01
3.932059015011299952e-01
4.499849454836335472e-01
6.143658662930118197e-01
4.028196989023625774e-01
3.171535694418249340e-01
5.630903813510494960e-01
4.060399385800235184e-01
4.152267875068064162e-01
3.263293489121675828e-01
3.716115380256926337e-01
5.987989072356373343e-01
5.598893638350637136e-01
3.719120321038841270e-01
5.214271874146523267e-01
5.488848658617564436e-01
3.100865811366191327e-01
3.229218860699493154e-01
5.505216463989582865e-01
4.316063582104449625e-01
3.848953735422690481e-01
3.073223550650211466e-01
5.217895160571255353e-01
4.559299134823642241e-01
5.979290259454890233e-01
4.080998250510394221e-01
3.977905955633561641e-01
5.525413556667116977e-01
4.672162239617045909e-01
6.306330680702929570e-01
5.225733381154811230e-01
4.192674390770060877e-01
3.328984096823729977e-01
4.267573265802928062e-01
5.579020276785352506e-01
5.635990815951203992e-01
3.127873703120779836e-01
3.639188449507778644e-01
2.466630793734631844e-01
6.018916297353040790e-01
3.184379918402999721e-01
4.814935252902119434e-01
4.755794358561457047e-01
3.172719142677549176e-01
4.209586723927789542e-01
6.041942166814359139e-01
6.423100649112508664e-01
5.866202929022795720e-01
1.549596392257483191e-01
6.062230316760122140e-01
6.306330680702929570e-01
5.237663029745817100e-01
6.222253566470645758e-01
6.468868585294914597e-01
3.844525360391231605e-01
5.865515613262742844e-01
4.610629950209600980e-01
5.065569331833232880e-01
6.387109174039142800e-01
6.468868585294914597e-01
2.682255230179837469e-01
4.117212853620970670e-01
3.366615180629020099e-01
4.108522274809378039e-01
4.972562346075804496e-01
3.382585759244237655e-01
3.865088888777988840e-01
5.791039819945777989e-01
3.929383857740704200e-01
6.260562744520524747e-01
5.132951112670069982e-01
5.407748074334949306e-01
3.542505746067045602e-01
4.117212853620970670e-01
5.522392351426907986e-01
5.687951461259100894e-01
3.328984096823729977e-01
4.741614113475327019e-01
4.992394024769735705e-01
5.923191657607110860e-01
2.951168356714474195e-01
4.559299134823642241e-01
3.721706761759516202e-01
5.599614795783592891e-01
5.505194956821189978e-01
6.408619065647351842e-01
4.884115500536586607e-01
4.728847291182818324e-01
3.591609716180814704e-01
3.280129831046641464e-01
4.003523921165604849e-01
3.586647029580450341e-01
3.276449055665607846e-01
4.823798817240890768e-01
4.882605065778830022e-01
1.852833497117171435e-01
4.410724004709416501e-01
3.088924235713648714e-01
3.531218480175508101e-01
5.762069974900400071e-01
6.064684233535445612e-01
2.699220158820602733e-01
5.190038026695861229e-01
5.350211428496716159e-01
3.905957305533077628e-01
2.782962612698628435e-01
5.130054082951834848e-01
1.451915887998670995e-01
3.818361115692328611e-01
3.872831113926052393e-01
4.190570242999669959e-01
1.879383966573191789e-01
3.083729601806606269e-01
4.183207048953569429e-01
6.216089325344144045e-01
3.396375827792164626e-01
5.267020489219883528e-01
4.777584864044991941e-01
5.599614795783592891e-01
3.932009665559912936e-01
5.596004930031500679e-01
3.739905357045473222e-01
5.166791592346242634e-01
4.165884135927097609e-01
4.802984073236627460e-01
5.816489751630046223e-01
3.814151658107555187e-01
5.498989966200351631e-01
4.341267731090657778e-01
3.969810649967009941e-01
4.796506734012213058e-01
6.127027731509384623e-01
5.550599618095604093e-01
4.916890367163854192e-01
6.287050981219908241e-01
3.358007198407580995e-01
3.317127327515836388e-01
5.925645574382435443e-01
5.184997975821488136e-01
4.397525976787020618e-01
2.790544350009090957e-01
4.833133616402915389e-01
6.009254957593160862e-01
5.536884863094678755e-01
6.275175132771138031e-01
5.599614795783592891e-01
5.961841058855112951e-01
4.023157813320129561e-01
2.508645302880471162e-01
6.041942166814359139e-01
3.100865811366191327e-01
4.805575855409959241e-01
3.920227445843444958e-01
5.421456890230897940e-01
6.333164429043930399e-01
3.485469922479836891e-01
3.218533454601271715e-01
4.143388427729089440e-01
3.039123209666087511e-01
5.024492674300400363e-01
5.119537196099012144e-01
1.138951491665936150e-01
2.833316635525137683e-01
5.367512145235685539e-01
4.316739181800220426e-01
3.172333854415634313e-01
5.794801888515207500e-01
3.431866947303013893e-01
4.837044525345756685e-01
5.406313180751773917e-01
4.146927445176563642e-01
5.367173425003225473e-01
1.612991254209599212e-01
5.646666335320944530e-01
5.773311148805548854e-01
4.466018491863903428e-01
2.657167681602358722e-01
4.887095825318644726e-01
3.164954110077521920e-01
4.859144098152073377e-01
5.470142371716776308e-01
5.616598918938117135e-01
4.955672412927065729e-01
4.198163439643765038e-01
4.851188158770400882e-01
4.269834265606017865e-01
3.809976867475584061e-01
4.276848670796991603e-01
5.620010443113689913e-01
5.237663029745817100e-01
4.000484338376374960e-01
4.548353894441747869e-01
5.734027553214573469e-01
3.864204773904103551e-01
6.129443881854998999e-01
5.522392351426907986e-01
3.599428202804429988e-01
5.840151087654235074e-01
6.129443881854998999e-01
5.524201907533430322e-01
6.243987182728991669e-01
5.599614795783592891e-01
5.428673269685105884e-01
5.068153697920807499e-01
4.803253342111808433e-01
3.026433113458847912e-01
3.001019457711370242e-01
6.126696666423609994e-01
3.704198402934519851e-01
4.936292487669514117e-01
6.306330680702929570e-01
5.132951112670069982e-01
5.780268559792404170e-01
4.168934235318385584e-01
6.100986170800140052e-01
4.431371250154505503e-01
3.869914508235968165e-01
4.580331167542091575e-01
5.628638418104509045e-01
5.431970839752487956e-01
5.773311148805548854e-01
5.734027553214573469e-01
2.710960121919489541e-01
5.613941817003986756e-01
5.840151087654235074e-01
5.862222910683742017e-01
5.832441683492849416e-01
5.046778200130167535e-01
4.167729996034083562e-01
5.164103048703051480e-01
4.945324047398432787e-01
6.069711079931409126e-01
5.549630650104279139e-01
5.122835122678994768e-01
6.274560775288243741e-01
5.682253489764309551e-01
5.390667902735770678e-01
5.304827548892747657e-01
5.559997072008773245e-01
5.666607817817471693e-01
2.924074005976644575e-01
3.169617449780333107e-01
6.404071170545652114e-01
1.063961358761539300e-01
5.431970839752487956e-01
6.404071170545652114e-01
3.893877703376250055e-01
5.396544419483418897e-01
5.344861059906966805e-01
5.748430155106571959e-01
5.347793499745673307e-01
3.349676492563029018e-01
5.740548653061627871e-01
5.068466063245005149e-01
3.890969109345452925e-01
5.068153697920807499e-01
6.089063423794196517e-01
5.703708806880752880e-01
4.370797771767114259e-01
5.816489751630046223e-01
3.107997321072634711e-01
4.527653524461394130e-01
4.679267918270479387e-01
4.979997737561673854e-01
3.765041010918115938e-01
4.386366670855892380e-01
2.930819716038665645e-01
4.425381948618423156e-01
5.354770228934332410e-01
4.958733942548916862e-01
2.942860444809746179e-01
3.097396705728131527e-01
2.966244610475373689e-01
6.009254957593160862e-01
5.367173425003225473e-01
3.710391825085214701e-01
6.156911407741441078e-01
5.431970839752487956e-01
4.252347048082253944e-01
4.717496566048141604e-01
4.620626594748851179e-01
5.261886250418514877e-01
6.182980980155120543e-01
3.699508147049963003e-01
2.505856920117817133e-01
5.431970839752487956e-01
3.719867880152848416e-01
5.556446139972507359e-01
4.590042761027305351e-01
6.340519159293770413e-01
5.073786212454615141e-01
2.045896587548595436e-01
3.253817311405391988e-01
4.235682021376154238e-01
5.669230138465310986e-01
5.787550736089872583e-01
3.354651120776464546e-01
2.559259703594415347e-01
4.261122498720402163e-01
5.502007775735980877e-01
3.167289420411108503e-01
4.667127317119284524e-01
5.386202903570082023e-01
6.358303234363246181e-01
3.083729601806606269e-01
4.983160825462881749e-01
5.734027553214573469e-01
5.068153697920807499e-01
5.551863811781955205e-01
2.508645302880471162e-01
5.721128431486107724e-01
6.000595098110865777e-01
6.039438496262860001e-01
3.905200435515607249e-01
3.083729601806606269e-01
4.334208992570211527e-01
5.528708054281870066e-01
4.851837512694420207e-01
5.367173425003225473e-01
5.431970839752487956e-01
4.499788542111781697e-01
4.428857531768247147e-01
3.083729601806606269e-01
6.341341237856737978e-01
3.317577349319578150e-01
3.208806703613802380e-01
3.751264391106504115e-01
3.013853396879222490e-01
5.877423721424706038e-01
4.297734597791171840e-01
1.895976221053898569e-01
4.803253342111808433e-01
3.942520222495110027e-01
3.703083116142881215e-01
5.088546481716740288e-01
2.000660526592417388e-01
3.776020653207001199e-01
5.946305181356312808e-01
3.036333713711024118e-01
3.846670508150237255e-01
5.979290259454890233e-01
4.214834748455304481e-01
5.618644274350449441e-01
3.067513067953702155e-01
4.392438974346311586e-01
4.202252020747376804e-01
1.141384120585284545e-01
5.350211428496716159e-01
6.387109174039142800e-01
1.522635531063276371e-01
3.526442521987518397e-01
5.046375111183645235e-01
2.965009987586468831e-01
5.618644274350449441e-01
4.314306352277570977e-01
3.357648364835881249e-01
5.324987507092939776e-01
5.491055791757115667e-01
4.955305801560030421e-01
2.921530776038473998e-01
4.164950648735127881e-01
4.117212853620970670e-01
3.619319091693347090e-01
2.427368017232333641e-01
5.582652799277083577e-01
3.313817043564646347e-01
4.718143580293249206e-01
4.647191473342481283e-01
4.623995577512519661e-01
5.110128834771135997e-01
6.343821650898090470e-01
4.428729442922815229e-01
5.322355088719363803e-01
5.431970839752487956e-01
6.243987182728991669e-01
5.367173425003225473e-01
1.767902769067278834e-01
3.725629293221058846e-01
5.424707378807526181e-01
1.890334871659693494e-01
5.192509451046306568e-01
2.063868585295693669e-01
4.200297937758108446e-01
4.376454921009895194e-01
3.877227359168735066e-01
5.209037149721789106e-01
5.349050298134174763e-01
5.702189724353760036e-01
5.321405488820819540e-01
5.422041073027652480e-01
6.134831359976602450e-01
4.363827648975240892e-01
5.909760474600651570e-01
4.987393459484965041e-01
4.011696940342999729e-01
1.751222359310135313e-01
5.851471162059705966e-01
5.000219186390230108e-01
5.105873126172486565e-01
3.812614470353120621e-01
5.632042461751813889e-01
5.878411271725932918e-01
5.857033971623771818e-01
3.368264092988639824e-01
2.498002743776384094e-01
5.942221136173968521e-01
4.016658005486632432e-01
4.611124211797234529e-01
3.932916457961344037e-01
4.725035854452884765e-01
5.386202903570082023e-01
4.185291008548255864e-01
3.221816968925458879e-01
5.633357730285819542e-01
3.726309184580191558e-01
4.678477309480245649e-01
3.229836991187474693e-01
5.633357730285819542e-01
3.996109477653433939e-01
2.054266212512289302e-01
3.473606439717437100e-01
3.421099446642587028e-01
5.664412210532854264e-01
3.317090816675699050e-01
5.027800545815004352e-01
3.699026630527998405e-01
6.404071170545652114e-01
5.526601387017173739e-01
4.187531285926435198e-01
5.328703260205982506e-01
4.418836811714717538e-01
6.131438783978092610e-01
4.540047641411984469e-01
6.306330680702929570e-01
4.982978062343731973e-01
3.351146854472815684e-01
2.819535615953048246e-01
2.515941041208346607e-01
6.151291910594881562e-01
2.668051461498354149e-01
5.599614795783592891e-01
5.344861059906966805e-01
4.507923694038119544e-01
3.000043564228889736e-01
2.883977625056444172e-01
5.462209321899299530e-01
5.593999225472630066e-01
3.387467804357084389e-01
5.328703260205982506e-01
4.233728602560508647e-01
4.560077883073641591e-01
4.960629019064686784e-01
5.383881339239877661e-01
5.383778480676949529e-01
6.135229996153483967e-01
5.395481157546774265e-01
5.092546136312572358e-01
5.662779149991578054e-01
5.607694719438495179e-01
3.923015666460425432e-01
5.695701228259757443e-01
2.266353160460567173e-01
4.538503619633184050e-01
3.083729601806606269e-01
5.910078308183737139e-01
3.083729601806606269e-01
5.236276863016219307e-01
4.146490430366117086e-01
5.347793499745673307e-01
4.955305801560030421e-01
3.608638690283691441e-01
6.241533265953668197e-01
4.855520062323300245e-01
5.589965243806273021e-01
4.342999126746339700e-01
5.741409549922389388e-01
5.139362863969687556e-01
6.129443881854998999e-01
2.844187654764533946e-01
5.772428603418627846e-01
5.211407065683854034e-01
4.442173628764988780e-01
3.637618398151458154e-01
4.477756238971923319e-01
6.358303234363246181e-01
5.695701228259757443e-01
5.706547624223529125e-01
5.702189724353760036e-01
5.132951112670069982e-01
5.840151087654235074e-01
5.068153697920807499e-01
5.546554671847795381e-01
1.718794014616755739e-01
5.124971252644023867e-01
5.521120185578292094e-01
5.923191657607110860e-01
5.238277387228711390e-01
2.959980901293545741e-01
5.367173425003225473e-01
4.968495163004074122e-01
4.045481772871414861e-01
5.254625026252326414e-01
2.696352065868656278e-01
4.332494558807096774e-01
3.024485339599298217e-01
3.367813041144115394e-01
2.508645302880471162e-01
2.063868585295693669e-01
4.179372252852746605e-01
3.996809300457623282e-01
3.328984096823729977e-01
6.265548560785408894e-01
4.896350512045379300e-01
2.361264366294578421e-01
3.221816968925458879e-01
3.905829920358291907e-01
4.373907077195806625e-01
1.793627817264915325e-01
5.368123024901768625e-01
4.625695502356071964e-01
5.798400180600179477e-01
2.889469897095100492e-01
4.660886974584113607e-01
9.974275208013315408e-02
5.780783186252950179e-01
3.642397782186491129e-01
4.705668165996680363e-01
5.024935737352335119e-01
4.939234232175311323e-01
5.769258533898915520e-01
4.944945436212187517e-01
4.376315201330599480e-01
4.536027073142499533e-01
2.877648463071213469e-01
3.061391272614734094e-01
2.248669362095992164e-01
4.734990904469385531e-01
4.296583618163528628e-01
6.306330680702929570e-01
3.447798283547138798e-01
5.431970839752487956e-01
3.296217305258865582e-01
3.626006122691401434e-01
3.253817311405391988e-01
3.935276036097348773e-01
5.935894299316114564e-01
3.839336673904329422e-01
5.350211428496716159e-01
2.233357526262907677e-01
5.237292185960954471e-01
5.431970839752487956e-01
4.559861109899544518e-01
5.305686488572082249e-01
5.367173425003225473e-01
5.710886099873169197e-01
5.504589249186322419e-01
5.832336803305983031e-01
6.227970760542871353e-01
5.992073117538717630e-01
4.308224308613413100e-01
5.234982121500800778e-01
5.104380571093382057e-01
2.445400758282545439e-01
4.169302210372108353e-01
1.773710075597367819e-01
5.139362863969687556e-01
5.337557050070969034e-01
4.449333308163959666e-01
5.259970073137930635e-01
5.473202750727984567e-01
6.201000794245478120e-01
5.223540203976501095e-01
3.921218746283062218e-01
4.954057923262343288e-01
2.987190725735555108e-01
5.035694712892175851e-01
3.996901849258165940e-01
6.241533265953668197e-01
4.108832920973681802e-01
3.614936584138884190e-01
3.808376414844940050e-01
2.310135038734834056e-01
5.431970839752487956e-01
5.923191657607110860e-01
5.438418886737407254e-01
2.738353453687712435e-01
4.035874768542371815e-01
5.685227727847251833e-01
5.431970839752487956e-01
4.059637456006245371e-01
5.061530286232773790e-01
6.241533265953668197e-01
6.306330680702929570e-01
4.774869910405586393e-01
3.161908823086662101e-01
5.852284916105389145e-01
5.238277387228711390e-01
1.785038978626863893e-01
4.973307186131599722e-01
5.132951112670069982e-01
3.604971228517578896e-01
1.649126744783204201e-01
2.912379249299316686e-01
4.437339158855682641e-01
4.381326331029614662e-01
6.299045168985812904e-01
4.352957563112860861e-01
5.078637278389328547e-01
5.654438740352123460e-01
6.241533265953668197e-01
3.062702049921470770e-01
1.731580180056557505e-01
6.306330680702929570e-01
4.176265795367287703e-01
4.277532155345817877e-01
3.971668532759903281e-01
3.083729601806606269e-01
5.428673269685105884e-01
3.703186545333851387e-01
4.345435580640542583e-01
5.367173425003225473e-01
6.306330680702929570e-01
4.248126717382820217e-01
1.952483236670530808e-01
3.041030925229201709e-01
3.181661042085577873e-01
6.357481155800278616e-01
4.262911034095550611e-01
2.207807230564529377e-01
5.900099134840771642e-01
6.151131744969836612e-01
5.132951112670069982e-01
6.306330680702929570e-01
4.615414706879151230e-01
4.198402303087040988e-01
1.819051040646505191e-01
4.335199400169231221e-01
6.360853209977179734e-01
6.423100649112508664e-01
3.806568451092080529e-01
4.147871457285754460e-01
5.630353596074688660e-01
5.620991104302598407e-01
4.126966829490602562e-01
3.919486709320454954e-01
4.431978191551642632e-01
3.829688858756624126e-01
1.822648385842320640e-01
6.134831359976602450e-01
3.396375827792164626e-01
4.479583355662728472e-01
5.051191701414298185e-01
4.420330780371484747e-01
5.805346067810890354e-01
5.082481970573191621e-01
5.259970073137930635e-01
2.045407096785576417e-01
5.068153697920807499e-01
2.914721251260107837e-01
3.937122247519959650e-01
4.989926776709770473e-01
2.816037782467163408e-01
3.632665938161852015e-01
5.721219202920617697e-01
4.815512880232459270e-01
3.840015070612962655e-01
6.404071170545652114e-01
2.883977625056444172e-01
4.614392839901350629e-01
6.392357022908845554e-01
5.187632537428257251e-01
4.076227224253297088e-01
3.499686047493131835e-01
4.039449660720034752e-01
4.870623491075386502e-01
4.114258425373829020e-01
3.969556697621571262e-01
3.704198402934519851e-01
4.389050383389538901e-01
4.806069735539502119e-01
2.932193124190454747e-01
3.851006894615241483e-01
3.198471753560833686e-01
4.161734645217117778e-01
3.323601821915203036e-01
5.702189724353760036e-01
5.508690362279559105e-01
4.213184459936253345e-01
4.723998415254088146e-01
2.114382303940553764e-01
2.810442595738230631e-01
1.979786973599770017e-01
4.843078248559914978e-01
5.178239789897191026e-01
5.445813610841171437e-01
5.307835326184547897e-01
6.222253566470645758e-01
2.979974537530089562e-01
3.973908332016226064e-01
6.155232858063073298e-01
3.131040038093032551e-01
3.298122454554883176e-01
4.869616677660307258e-01
6.404071170545652114e-01
3.266898281585108310e-01
5.350211428496716159e-01
5.803743630974540491e-01
5.347793499745673307e-01
5.957245446152710233e-01
5.773311148805548854e-01
3.280337992830339444e-01
4.243494056472889020e-01
4.550259524977808279e-01
4.191639631132452748e-01
3.176835365460854987e-01
4.250755619481958458e-01
4.692617689597473607e-01
1.558621648053659936e-01
4.447012612768260209e-01
5.420073908208624669e-01
3.987821180178183211e-01
6.080385169093159847e-01
6.195765329771262264e-01
5.890440217911430132e-01
3.589708040544026257e-01
5.939332712649154633e-01
5.762043560746603621e-01
3.817537936409694521e-01
4.202252020747376804e-01
3.892248570709965771e-01
4.598315007120307718e-01
5.500286659700219793e-01
5.618644274350449441e-01
6.047755584989051858e-01
2.979295588902530767e-01
2.648292687033023673e-01
2.751547156686095508e-01
3.902757954167823118e-01
2.991113558621746327e-01
5.024935737352335119e-01
4.478666016516773540e-01
5.685227727847251833e-01
5.517453364079709655e-01
5.431970839752487956e-01
4.150037333706041998e-01
6.127027731509384623e-01
4.051321987697389937e-01
5.288250921720989428e-01
5.753368241298009167e-01
6.055280602495766162e-01
6.387109174039142800e-01
5.516760296305840416e-01
5.386202903570082023e-01
2.004307398976223342e-01
3.226553850006214641e-01
3.776951078340296530e-01
2.392619148643486127e-01
6.313829815186866590e-01
3.298122454554883176e-01
4.476717517159276016e-01
5.870732347832917641e-01
6.306330680702929570e-01
5.675937300472326807e-01
4.375476977839802828e-01
4.273394352636445959e-01
2.461680331462870741e-01
4.345997600410444472e-01
4.252338512567714890e-01
3.569986487865246527e-01
4.316739181800220426e-01
6.234247754236550421e-01
5.671684055240635569e-01
5.438679833174093758e-01
5.068153697920807499e-01
4.131201209696858112e-01
1.537380696871704089e-01
4.013744564755361011e-01
4.354898883366739026e-01
4.958306787442673391e-01
3.637029051638650534e-01
4.316739181800220426e-01
5.633357730285819542e-01
5.664412210532854264e-01
2.882208978511142106e-01
3.138506669645266256e-01
3.263274898496609788e-01
6.243987182728991669e-01
3.322075949018449270e-01
4.198894661541804907e-01
3.849409928116570567e-01
2.875603756241573716e-01
5.988453114563867530e-01
2.827808257016279914e-01
4.195908695961231838e-01
3.806568451092080529e-01
4.465662116462184583e-01
2.965146337546069044e-01
5.588959390792488380e-01
5.087418574586873854e-01
4.232501778254845748e-01
4.115799133560282819e-01
4.197972544295468511e-01
2.113999318978714292e-01
6.330345975534671377e-01
6.357481155800278616e-01
4.232910746021415482e-01
6.243987182728991669e-01
3.083729601806606269e-01
6.134831359976602450e-01
5.933840547668218779e-01
5.393864290784907700e-01
4.277967798154414525e-01
3.996198660891863153e-01
4.171132647931027337e-01
3.350153246575541810e-01
4.344935917315322915e-01
4.341224525505130161e-01
2.564583172632744490e-01
5.431970839752487956e-01
5.431970839752487956e-01
5.664412210532854264e-01
4.440022158364124727e-01
3.436391262682012004e-01
1.549362374475286297e-01
6.170626524451945372e-01
6.423100649112508664e-01
5.816489751630046223e-01
2.932087348044805086e-01
5.221304059234197492e-01
3.947058574908186013e-01
5.350211428496716159e-01
1.951115169971398000e-01
5.530215017459189086e-01
3.440931643994793454e-01
2.886425188008049925e-01
2.605743350778189638e-01
3.664537526583335758e-01
5.539417899682741453e-01
4.858923018763078860e-01
4.296997276721271630e-01
3.350693846486259564e-01
5.350211428496716159e-01
5.695701228259757443e-01
2.522742138569289971e-01
2.923297330280955064e-01
5.211739359334921495e-01
4.498643294749443688e-01
2.660053682296632527e-01
4.093713143572280111e-01
6.040854829363435652e-01
2.714296390754200594e-01
4.649883513511598454e-01
3.572847214622412726e-01
5.254625026252326414e-01
5.478723908602557424e-01
6.113143496861764836e-01
3.745662736220365385e-01
2.683637787089416804e-01
4.117212853620970670e-01
5.866202929022795720e-01
6.127027731509384623e-01
5.455981574756868513e-01
4.449772270801274909e-01
3.695665408929340590e-01
4.559861109899544518e-01
5.632042461751813889e-01
2.931041819232070300e-01
6.127027731509384623e-01
3.017296179830275538e-01
3.251021100956426602e-01
5.367173425003225473e-01
5.412590914494935790e-01
2.038012334224184596e-01
2.039031711850143869e-01
5.403356023052466872e-01
3.996582692524811020e-01
3.280337992830339444e-01
3.428027908390409162e-01
6.274560775288243741e-01
6.404071170545652114e-01
4.756345594604697857e-01
3.873726613297105437e-01
4.647191473342481283e-01
2.522742138569289971e-01
5.599614795783592891e-01
4.098420234543172502e-01
4.581890887308724403e-01
4.843876447014927034e-01
4.141009272581840372e-01
4.616136927613539442e-01
4.015578586149415319e-01
2.896867807984979670e-01
6.468868585294914597e-01
3.647648281514312418e-01
4.341267731090657778e-01
2.668051461498354149e-01
2.538704218048805639e-01
4.296032694978285660e-01
5.367173425003225473e-01
4.952133506694892939e-01
5.866615223893850706e-01
5.614428064853541622e-01
4.745224154885230861e-01
3.107730586243294679e-01
5.695701228259757443e-01
3.831188778991113097e-01
3.280337992830339444e-01
6.241533265953668197e-01
5.386202903570082023e-01
5.310296809757952818e-01
5.338789993297002878e-01
4.387722663938746215e-01
5.431970839752487956e-01
4.708590819928252791e-01
6.151131744969836612e-01
3.104026189563745541e-01
4.523666305191419990e-01
6.341341237856737978e-01
1.845264762642422618e-01
4.507643007405119917e-01
2.378912673465845284e-01
5.053057932630569127e-01
3.245986787544334895e-01
5.698369454842220350e-01
5.404170319662517930e-01
5.753654530271896661e-01
4.881920720610661291e-01
5.350211428496716159e-01
6.306330680702929570e-01
6.038583346218938663e-01
6.468868585294914597e-01
4.250921683675562557e-01
5.682186132788642485e-01
6.134831359976602450e-01
3.447369068359329436e-01
4.306382501108860783e-01
5.392911896991688936e-01
5.064972871698713019e-01
5.652466564608157329e-01
3.280337992830339444e-01
6.306330680702929570e-01
4.269399041673743733e-01
5.611736870752231932e-01
5.761464657038785075e-01
5.600082542396080942e-01
4.259083220652627455e-01
2.516757292921033562e-01
5.074665460879514978e-01
6.243987182728991669e-01
5.178133749745124081e-01
2.145137204465479286e-01
4.363859923239968852e-01
5.235245100994774248e-01
5.791039819945777989e-01
6.306330680702929570e-01
5.429546416859355462e-01
5.345800768919447554e-01
1.707102220216148991e-01
4.559861109899544518e-01
5.164103048703051480e-01
4.370797771767114259e-01
5.767935959455060546e-01
6.387109174039142800e-01
5.132951112670069982e-01
6.326859654391581156e-01
4.238984629392752446e-01
3.059873305358942197e-01
3.173259555497106033e-01
5.162374995742785577e-01
3.699862259688024846e-01
6.005075722506711955e-01
6.205291569964137555e-01
4.396070525003398788e-01
6.134831359976602450e-01
3.052261653211175152e-01
4.811246549013426521e-01
3.554221995361231401e-01
3.140839699545475150e-01
3.952551231523118158e-01
3.001405786408021248e-01
3.387467804357084389e-01
5.105873126172486565e-01
4.625695502356071964e-01
5.579617696281773398e-01
6.028202875847017417e-01
5.136616466542430759e-01
5.952800531223192415e-01
3.310761024816891718e-01
5.024935737352335119e-01
5.630903813510494960e-01
4.333914532909550199e-01
3.039970657790534436e-01
6.404071170545652114e-01
3.107443139382997654e-01
5.068153697920807499e-01
5.554458298461963928e-01
5.499188472001333983e-01
5.399713717771789101e-01
4.357706133233619772e-01
3.458358522540231905e-01
6.306330680702929570e-01
3.894486273505886054e-01
5.472698211599221763e-01
4.948758048498251294e-01
2.522742138569289971e-01
4.501957543993859168e-01
5.304443492314311337e-01
5.250923288346059925e-01
5.559997072008773245e-01
3.357243414332303777e-01
3.581373503488248233e-01
4.079789136461943744e-01
5.630903813510494960e-01
4.266132583827099145e-01
5.388810783898452250e-01
6.422278570549541099e-01
3.547850689013116177e-01
4.031698866796781799e-01
5.010735077502316281e-01
5.660102711146526300e-01
6.241533265953668197e-01
4.404890869205108084e-01
6.260562744520524747e-01
5.599614795783592891e-01
4.200297937758108446e-01
6.340283761194560608e-01
5.367173425003225473e-01
6.045505878216340667e-01
2.973062580340884442e-01
5.380449910643527733e-01
3.480063200992893901e-01
5.296266683501503758e-01
3.238832273940208117e-01
5.043659781283126309e-01
3.083729601806606269e-01
5.498989966200351631e-01
5.022546491755116582e-01
5.349976030397507465e-01
5.045857406034099935e-01
2.823598414855230665e-01
6.341341237856737978e-01
3.728047221972101699e-01
2.802688447686212392e-01
5.633357730285819542e-01
1.716563106348178436e-01
2.508645302880471162e-01
6.137213043972715720e-01
3.648433413730495234e-01
4.649224319631887203e-01
5.300907434025372567e-01
6.193782281952030511e-01
4.513854475537722455e-01
5.296691224528464748e-01
4.575486862874070249e-01
3.426723644974273286e-01
5.312058532890889806e-01
6.468868585294914597e-01
3.166532092020293288e-01
5.350211428496716159e-01
3.428783011435800332e-01
4.371201296220283972e-01
3.438837539901580809e-01
4.108776716710021981e-01
5.324987507092939776e-01
4.964832938751084224e-01
2.072685109719525631e-01
5.695701228259757443e-01
3.000739327154877678e-01
3.911283396965851700e-01
5.350211428496716159e-01
5.611196620078349184e-01
5.169177985842644540e-01
3.750585574482153683e-01
5.831132655488471261e-01
4.075695570418277347e-01
4.601434548514316547e-01
2.681923437517324538e-01
5.607887041876594703e-01
4.910376156429118732e-01
5.378759130400184718e-01
6.404071170545652114e-01
3.623113665273270945e-01
3.400686646171180438e-01
2.849331575533501915e-01
3.168892411245175511e-01
4.176730531890869846e-01
3.066103284083169789e-01
5.051191701414298185e-01
4.748901048124666291e-01
4.994972686655679839e-01
4.948902716738764473e-01
6.376510634367135166e-01
5.132951112670069982e-01
5.702189724353760036e-01
5.110128834771135997e-01
4.775764406760136249e-01
3.387467804357084389e-01
5.345800768919447554e-01
3.693465811406010380e-01
4.029527132344353224e-01
1.618517812782363230e-01
5.367173425003225473e-01
6.260562744520524747e-01
3.163490971965354226e-01
3.905957305533077628e-01
5.662745797873881548e-01
4.516426987321434661e-01
2.793917406163100026e-01
4.912538851260268014e-01
4.521454329508975967e-01
3.905957305533077628e-01
4.015578586149415319e-01
6.404071170545652114e-01
4.117212853620970670e-01
3.809214543750760740e-01
5.431970839752487956e-01
2.668051461498354149e-01
4.848207833988342208e-01
3.280337992830339444e-01
4.914784104223944294e-01
2.522742138569289971e-01
3.012353259411107431e-01
4.734074613033934509e-01
4.765066203626477925e-01
5.140288237641627012e-01
5.367173425003225473e-01
5.087418574586873854e-01
5.955528410783056392e-01
3.920798304631324949e-01
5.928194962738000395e-01
3.591414103017066539e-01
3.477778478030545406e-01
2.707533086847245252e-01
5.118335112520646657e-01
4.020054075932278370e-01
5.367173425003225473e-01
3.959348218075488535e-01
5.256187689586564460e-01
3.413417458612106326e-01
5.290688712277600292e-01
3.422546939776084929e-01
2.530871036453861689e-01
5.068466063245005149e-01
3.927195982518028039e-01
5.846979484733805243e-01
4.109368028719418975e-01
3.441305335722891212e-01
6.139569693092649105e-01
6.195765329771262264e-01
1.428242303739785113e-01
4.140913753189413571e-01
1.107913077352683795e-01
3.426746478411120678e-01
6.306330680702929570e-01
3.396375827792164626e-01
3.298122454554883176e-01
3.307565978627139414e-01
2.752070071285089292e-01
6.143658662930118197e-01
4.848205149230176980e-01
3.027950232568041300e-01
5.805346067810890354e-01
3.468443967820425411e-01
5.930479515239512889e-01
3.954837279714526477e-01
5.433223067919675797e-01
5.979290259454890233e-01
3.366324399388470057e-01
5.536884863094678755e-01
4.346216554235966534e-01
2.972571411993785717e-01
4.559299134823642241e-01
4.357964731676231551e-01
6.205291569964137555e-01
4.097513749802761951e-01
6.081259795326978690e-01
5.341743110866620237e-01
3.062702049921470770e-01
2.661754730726548224e-01
5.367173425003225473e-01
5.346675370207777389e-01
4.830842555207778277e-01
4.975442250716403669e-01
5.455981574756868513e-01
4.125345506840909504e-01
3.334829059607621882e-01
4.318091987057564030e-01
5.599614795783592891e-01
5.038682495335804479e-01
5.708513734056286371e-01
6.151131744969836612e-01
2.855988021284257550e-01
3.063341210495382771e-01
5.852284916105389145e-01
5.601810403068209210e-01
4.755771622827771328e-01
3.267461926969323360e-01
4.489160765288232047e-01
5.635990815951203992e-01
5.321405488820819540e-01
6.404071170545652114e-01
5.554231404695433305e-01
4.722135975752020376e-01
5.805346067810890354e-01
4.248019956929782182e-01
5.708513734056286371e-01
3.951415666128380022e-01
1.665301402437221467e-01
2.307621354648621836e-01
6.151131744969836612e-01
4.851343791592364618e-01
6.151291910594881562e-01
5.026519451560410578e-01
5.064972871698713019e-01
5.498989966200351631e-01
3.280337992830339444e-01
4.396258030883488654e-01
6.306330680702929570e-01
6.306330680702929570e-01
5.717263979357419812e-01
3.328984096823729977e-01
5.599614795783592891e-01
3.637618398151458154e-01
4.276496837552912211e-01
4.451160306363695640e-01
4.227177789518846707e-01
6.306330680702929570e-01
3.877227359168735066e-01
4.015578586149415319e-01
5.337557050070969034e-01
3.280337992830339444e-01
6.234247754236550421e-01
4.094088478584411162e-01
6.120251047466206407e-01
6.356320186544015538e-01
4.041160902500058327e-01
5.499119348053587153e-01
4.075966090725448576e-01
6.287050981219908241e-01
3.902756756784390713e-01
5.431970839752487956e-01
5.660762750054649795e-01
2.979768325652050742e-01
5.263754912780488349e-01
5.955528410783056392e-01
3.160277358017233307e-01
5.231118822061546769e-01
5.002540750720433360e-01
3.582596205551989432e-01
3.959916925315013492e-01
5.676858614266064862e-01
3.298122454554883176e-01
5.068153697920807499e-01
2.844945152576789926e-01
5.336701900027046586e-01
5.317239910349754739e-01
5.295793625578822938e-01
5.708513734056286371e-01
4.734905106541581477e-01
5.002540750720433360e-01
3.938499579389160843e-01
4.392438974346311586e-01
4.365707835113357693e-01
4.316739181800220426e-01
5.598298126144668485e-01
6.404071170545652114e-01
5.027800545815004352e-01
2.933171727376588933e-01
4.240386526331438866e-01
4.554900931360136851e-01
5.347793499745673307e-01
4.214042604478152598e-01
5.451485609925186271e-01
4.454138311215353196e-01
4.830222371913999169e-01
5.350211428496716159e-01
2.898867556808547019e-01
5.318253975626127117e-01
5.114233999427409971e-01
5.587189766176170469e-01
4.360142564261124676e-01
5.743002569836951343e-01
5.803523874735814214e-01
4.576051021719583778e-01
5.616075789184287181e-01
3.231035081408940579e-01
5.449250298777945645e-01
5.702189724353760036e-01
5.695701228259757443e-01
3.664537526583335758e-01
4.117212853620970670e-01
4.164958605306461892e-01
5.677613183062251156e-01
3.548599877899017430e-01
2.952937841012420739e-01
5.702189724353760036e-01
5.114233999427409971e-01
5.899925155651646325e-01
5.156282577873730899e-01
3.245832068350875677e-01
6.153745827370206145e-01
5.026165946968622622e-01
2.484768180068362697e-01
6.468868585294914597e-01
4.580331167542091575e-01
4.834185247505695671e-01
5.347793499745673307e-01
4.814935252902119434e-01
4.338421436337799308e-01
4.652354120897305156e-01
3.644297042268507814e-01
3.111050625959154159e-01
5.727972862278204458e-01
4.334165257932455773e-01
3.703905198863430281e-01
5.051191701414298185e-01
6.195765329771262264e-01
5.350211428496716159e-01
6.356320186544015538e-01
5.773311148805548854e-01
3.100865811366191327e-01
5.202405839668561294e-01
6.387109174039142800e-01
5.642183525076696071e-01
6.306330680702929570e-01
6.360853209977179734e-01
6.404071170545652114e-01
4.299326714471182753e-01
4.342765212903677008e-01
2.700929040133807080e-01
3.328984096823729977e-01
5.157759677144116983e-01
3.811726803865356228e-01
3.979828817265582130e-01
5.664412210532854264e-01
2.522742138569289971e-01
4.916890367163854192e-01
6.306330680702929570e-01
3.269861190258835926e-01
4.353736076459513438e-01
3.388143749132108695e-01
5.396529427245022603e-01
6.159952435290194650e-01
6.151131744969836612e-01
4.142019344501313149e-01
1.235459636974340081e-01
3.396375827792164626e-01
4.204378888660523228e-01
5.386202903570082023e-01
3.163448041819592049e-01
4.571014077597884140e-01
5.695701228259757443e-01
5.367173425003225473e-01
2.820998354937404584e-01
5.923191657607110860e-01
2.788139499969621848e-01
5.341200014328293388e-01
5.295482792323358279e-01
4.271289500156013608e-01
6.170626524451945372e-01
1.737826520942240549e-01
5.654438740352123460e-01
4.755295959140971584e-01
4.215639146903524814e-01
4.541860948696290756e-01
4.559861109899544518e-01
2.972336113676529168e-01
3.920277950063055794e-01
6.468868585294914597e-01
4.482737014169404510e-01
6.105363808787431790e-01
5.459662418737993850e-01
3.035013077739479037e-01
4.947693642187336871e-01
5.766987139103022519e-01
5.519077060708361682e-01
3.223380938779640270e-01
5.846520747600130186e-01
2.963872328849513904e-01
4.661603168904315808e-01
5.404170319662517930e-01
3.412629974244267284e-01
5.630903813510494960e-01
4.046945283087114986e-01
5.748906480888202886e-01
4.133820298864583909e-01
4.412809320715022632e-01
3.401159203105306172e-01
5.708513734056286371e-01
4.420430041587138370e-01
3.673583436204330144e-01
3.878607678260145297e-01
3.346292255633339097e-01
3.525461650840751027e-01
6.173998234588988776e-01
1.441507668889336624e-01
5.695701228259757443e-01
6.306330680702929570e-01
3.434613745936871410e-01
4.887095825318644726e-01
4.453917847148400888e-01
3.853201328422518612e-01
5.488848658617564436e-01
2.668051461498354149e-01
5.040740622838084661e-01
4.757485405929403055e-01
5.963487021410754929e-01
3.166549998723224846e-01
3.790918548806205268e-01
5.138888915285200198e-01
6.468868585294914597e-01
5.046375111183645235e-01
4.750369495468234615e-01
5.236798115622063321e-01
3.176520257172352757e-01
5.267020489219883528e-01
3.889881775012715148e-01
4.970148219432917736e-01
3.100865811366191327e-01
1.691833584771615384e-01
5.468967734411780413e-01
2.943263432934920543e-01
3.782259885667947907e-01
3.599740111834073275e-01
6.168748054355536192e-01
3.228643113635324968e-01
3.230292387704523649e-01
5.579617696281773398e-01
2.844945152576789926e-01
3.901548825567837664e-01
4.650988726483593627e-01
3.328984096823729977e-01
2.618165895191351678e-01
1.558621648053659936e-01
5.702189724353760036e-01
4.394074816309520570e-01
4.075695570418277347e-01
5.132951112670069982e-01
2.976134855231769571e-01
5.382456856240436238e-01
2.900058383735371059e-01
5.321405488820819540e-01
4.879463435155037554e-01
5.996195567339510646e-01
5.628464529342779299e-01
4.579090477702582040e-01
5.590222879768799169e-01
5.583152829508858384e-01
6.387109174039142800e-01
6.240806478116152078e-01
5.001685600676512022e-01
5.169747348940629816e-01
5.879877638200029510e-01
5.572501528050559649e-01
4.283787963044265457e-01
4.248126717382820217e-01
3.068598172783433831e-01
5.731944484381694682e-01
1.670661815743544887e-01
5.673111837280889747e-01
5.207172887120293803e-01
5.350211428496716159e-01
5.108095414735501771e-01
4.535866016755647490e-01
4.224361909552450944e-01
3.707030649219951735e-01
3.700764399755910872e-01
2.821591134573023241e-01
4.188716614451906128e-01
4.505506413869769244e-01
5.818564269357455743e-01
2.508435810670736066e-01
3.518161839122534440e-01
5.023992644068624447e-01
5.599614795783592891e-01
2.419273849703680035e-01
5.104380571093382057e-01
2.115278059002860811e-01
4.757485405929403055e-01
3.747275212576312575e-01
2.893170859612442802e-01
4.327516301025131074e-01
3.893953242472040222e-01
3.059391388669771561e-01
5.438418886737407254e-01
5.132951112670069982e-01
4.163916506498352432e-01
2.536292822936875302e-01
4.770301486206509622e-01
5.624788212967758438e-01
4.554819800317413403e-01
3.420648765862199236e-01
6.241533265953668197e-01
4.367862111881641862e-01
5.635990815951203992e-01
5.717263979357419812e-01
5.726248396271260699e-01
2.668051461498354149e-01
5.132951112670069982e-01
3.140857547002872119e-01
5.664412210532854264e-01
5.925645574382435443e-01
4.195998624446120595e-01
2.419273849703680035e-01
5.104380571093382057e-01
4.473518236472904808e-01
6.182980980155120543e-01
5.347793499745673307e-01
5.438418886737407254e-01
4.842742064452086881e-01
3.969810649967009941e-01
3.357243414332303777e-01
4.317057436338418985e-01
5.805346067810890354e-01
6.333164429043930399e-01
3.091150641321609438e-01
3.796800806134321693e-01
6.016462380577716207e-01
6.241283045037502308e-01
6.468868585294914597e-01
3.176520257172352757e-01
5.431970839752487956e-01
5.691551737549778167e-01
4.268940789937692992e-01
5.138196988767415041e-01
3.831839696165725284e-01
5.431080441733767694e-01
5.747384395548071900e-01
3.761977361969164879e-01
5.635990815951203992e-01
5.957204315200282929e-01
3.322089531836763254e-01
3.331327921883948662e-01
5.923191657607110860e-01
6.202010458721978203e-01
4.792137298932951373e-01
6.196809625861122717e-01
6.128984867202769138e-01
4.814935252902119434e-01
3.881507640112636937e-01
4.202176762288328815e-01
5.346675370207777389e-01
5.254625026252326414e-01
6.241533265953668197e-01
3.560259252519548667e-01
3.522514519148901568e-01
3.083729601806606269e-01
3.684890039006788465e-01
4.277518155729972404e-01
6.438124959091250377e-01
4.665267576926916959e-01
5.786673747310443483e-01
5.702189724353760036e-01
4.539919804100225331e-01
6.362851129464947020e-01
6.311713219617873794e-01
4.714115438989310847e-01
6.042267009040228620e-01
5.525425465019536686e-01
3.100865811366191327e-01
2.841296192047744196e-01
3.635392303322704244e-01
5.321405488820819540e-01
4.651056055395586530e-01
1.847959418969612466e-01
5.299512521823376288e-01
2.786580424628100072e-01
5.438679833174093758e-01
3.549529731364876040e-01
3.387467804357084389e-01
5.367173425003225473e-01
5.206025328142718234e-01
4.803253342111808433e-01
4.124695251761129611e-01
4.263598257349417997e-01
1.475687923784239908e-01
4.732065985695365629e-01
5.561276015754407220e-01
5.571193401201941509e-01
5.539576824269749622e-01
4.092932534804620825e-01
4.019936852925739545e-01
5.064972871698713019e-01
5.285063567056759171e-01
5.582652799277083577e-01
2.433153401875289279e-01
4.068147310992347165e-01
5.350211428496716159e-01
4.144761420122742290e-01
6.242923073685144875e-01
2.493605545408173474e-01
3.925337230790629794e-01
2.880228137328219584e-01
4.117212853620970670e-01
2.951168356714474195e-01
2.962097266116773264e-01
5.412590914494935790e-01
5.544521265324301451e-01
3.913247376038159753e-01
6.387109174039142800e-01
5.386202903570082023e-01
4.628184742982053845e-01
3.618006823893691326e-01
3.861884522330215064e-01
2.827436031875008582e-01
5.016970545273338189e-01
4.569581552796689872e-01
3.744734714169097867e-01
4.559861109899544518e-01
4.213665676072964050e-01
6.134831359976602450e-01
6.306330680702929570e-01
4.808930047577927303e-01
5.046778200130167535e-01
3.741086687017067813e-01
5.401227213548823736e-01
5.165558110713421858e-01
4.778126318338680734e-01
3.618127811590154397e-01
5.438379612145057829e-01
3.794763528902577732e-01
6.222253566470645758e-01
4.135752420469696045e-01
5.114233999427409971e-01
5.403871580811239195e-01
6.404071170545652114e-01
6.009254957593160862e-01
6.157036238082479462e-01
2.822904799320016811e-01
5.339549656169754188e-01
6.343821650898090470e-01
4.652934331125067047e-01
5.178133749745124081e-01
2.392619148643486127e-01
4.715241366071054041e-01
5.132951112670069982e-01
5.392040850435423360e-01
5.769219332064241534e-01
5.596400430352639344e-01
5.620010443113689913e-01
5.579020276785352506e-01
4.607364824867783981e-01
3.074127409877990824e-01
1.410840137857970467e-01
3.569986487865246527e-01
5.708513734056286371e-01
5.664412210532854264e-01
4.479634940853493563e-01
2.243442418584779829e-01
5.987989072356373343e-01
5.064027418987578910e-01
2.824955936888630670e-01
4.267325996769531504e-01
5.068153697920807499e-01
1.872376897434533394e-01
5.341729484393702432e-01
5.217895160571255353e-01
2.539303906545254397e-01
5.323955464434753093e-01
5.654438740352123460e-01
1.961407628503438194e-01
6.198219246546585737e-01
4.977676173231469492e-01
4.725035854452884765e-01
3.254497320216198641e-01
5.201997126553850048e-01
4.062373088415957012e-01
2.906697125465286247e-01
5.367173425003225473e-01
4.477994357168739725e-01
6.287396492861524466e-01
1.821262192088443921e-01
5.611736870752231932e-01
4.316739181800220426e-01
2.931653233147359372e-01
5.185479461161591752e-01
4.621888547498848032e-01
2.228314757369718180e-01
2.957790633382795242e-01
2.782465096764182855e-01
3.172719142677549176e-01
3.999667026480440146e-01
5.521917528610938986e-01
5.558327815564146901e-01
4.128366121704564184e-01
3.055070329128463102e-01
5.350211428496716159e-01
4.684726818442927487e-01
3.298122454554883176e-01
4.975711389667167306e-01
5.071083518483254782e-01
5.773311148805548854e-01
4.482694349069454298e-01
1.904533545225216007e-01
6.241283045037502308e-01
5.987989072356373343e-01
7.546837361603496441e-02
4.718143580293249206e-01
1.846135741637990324e-01
4.570255642251030426e-01
2.883977625056444172e-01
5.064027418987578910e-01
5.401227213548823736e-01
3.080712058356183114e-01
4.116072319916503353e-01
1.698546255573937513e-01
4.143545087473649580e-01
5.068153697920807499e-01
5.487606182057463977e-01
5.319422441001588897e-01
5.366822978312529857e-01
5.321405488820819540e-01
6.205291569964137555e-01
6.343821650898090470e-01
1.092633345323491406e-01
4.511430052644589961e-01
5.635990815951203992e-01
3.741086687017067813e-01
4.117212853620970670e-01
3.104015865249825090e-01
4.299516479996743912e-01
2.812335678693736463e-01
6.422278570549541099e-01
5.549288173497057830e-01
4.666104239245912333e-01
3.613307035714463655e-01
5.431970839752487956e-01
3.987790793455394112e-01
3.776951078340296530e-01
3.494815885787216914e-01
4.477756238971923319e-01
5.656421788171355214e-01
4.979997737561673854e-01
4.732065985695365629e-01
5.816489751630046223e-01
4.371938842838972716e-01
2.240823245226031823e-01
6.201000794245478120e-01
3.707030649219951735e-01
2.677257167759047873e-01
4.276496837552912211e-01
5.105873126172486565e-01
1.671868858277081316e-01
4.837200743347296883e-01
6.238795649338251259e-01
4.519577386284322484e-01
5.987989072356373343e-01
5.185261077964111731e-01
3.543143163574971055e-01
6.468868585294914597e-01
4.728323779970898810e-01
2.082940315283155208e-01
3.419134804436051445e-01
5.304443492314311337e-01
4.963016179634850422e-01
5.185570439435774892e-01
4.215117041993501346e-01
3.747653943293022261e-01
5.051554649952153531e-01
5.842980012032158443e-01
4.811992958556186584e-01
6.134831359976602450e-01
5.540112240715903136e-01
3.265420945332584979e-01
5.987989072356373343e-01
3.977622705851651119e-01
4.347397785465004216e-01
5.209037149721789106e-01
5.745271883763372056e-01
5.300042515744036731e-01
3.598612232767880448e-01
5.350211428496716159e-01
5.176454262532158568e-01
2.618374528860534789e-01
5.539576824269749622e-01
5.259970073137930635e-01
5.659062401137798792e-01
4.177331910444142538e-01
3.298122454554883176e-01
2.932193124190454747e-01
3.473183477531998631e-01
4.647191473342481283e-01
5.748430155106571959e-01
2.377151734036995756e-01
4.605674190139787960e-01
3.212300028202698665e-01
5.891877854458911212e-01
5.207278433559573427e-01
5.540662458151709435e-01
5.691551737549778167e-01
5.068153697920807499e-01
3.263274898496609788e-01
5.540112240715903136e-01
5.336701900027046586e-01
5.092546136312572358e-01
5.337557050070969034e-01
3.460835135552218222e-01
6.273548592356834597e-01
4.628150384729667333e-01
4.944735911781197313e-01
5.007884998311020741e-01
5.505430354920399783e-01
2.704538604461249607e-01
4.174756523692917387e-01
3.881507640112636937e-01
5.346560273804106256e-01
2.701640038516700537e-01
3.125395084075785479e-01
4.360494056583532618e-01
6.205291569964137555e-01
3.357243414332303777e-01
5.051191701414298185e-01
5.401227213548823736e-01
5.532668653597770936e-01
3.176702338448159080e-01
4.479921369106356632e-01
6.468868585294914597e-01
5.259970073137930635e-01
5.718879773463294569e-01
3.172719142677549176e-01
2.103890804318930829e-01
6.198219246546585737e-01
4.389653567372518994e-01
4.605385364001873816e-01
4.772557932418610704e-01
4.372669051326555367e-01
3.461607526860313033e-01
4.093713143572280111e-01
2.737953893488372925e-01
1.861673613736449517e-01
6.387109174039142800e-01
5.671684055240635569e-01
5.476848377916172517e-01
4.308508825418244093e-01
6.468868585294914597e-01
3.516068230820899032e-01
5.991323575258400425e-01
4.765066203626477925e-01
3.542760420792245846e-01
3.757192819415055562e-01
5.733326872909229044e-01
4.250267787593903224e-01
4.127606631371439905e-01
2.883743983535360655e-01
5.206560726919150506e-01
4.476942721908377942e-01
5.773311148805548854e-01
4.373907077195806625e-01
4.200921825456882530e-01
4.572178419692028428e-01
4.490681533714467322e-01
4.023157813320129561e-01
4.061574620757551490e-01
5.234982121500800778e-01
5.115524828658766232e-01
5.996174230631954316e-01
5.587189766176170469e-01
4.238732305779813192e-01
2.064874228351619156e-01
6.340519159293770413e-01
2.940465370283457669e-01
3.947426635192327060e-01
3.607597172497577498e-01
2.825565227319238315e-01
4.830691979044147710e-01
4.767111363632486332e-01
5.512854171699753669e-01
5.164103048703051480e-01
4.161152409207836689e-01
4.013156248283336058e-01
5.681911511027455397e-01
2.952495400558294847e-01
6.404071170545652114e-01
2.002697867227276607e-01
3.647657333608335661e-01
3.337676925926235660e-01
5.582652799277083577e-01
3.637453955414585716e-01
5.927785521007155056e-01
1.862362598765419652e-01
5.187632537428257251e-01
1.905904647998139245e-01
5.400538165116738343e-01
4.765694649073821676e-01
4.341267731090657778e-01
5.549630650104279139e-01
3.752004710831962631e-01
3.704198402934519851e-01
5.614428064853541622e-01
5.296266683501503758e-01
3.738053438303045595e-01
3.789335706650820423e-01
3.906660493899380415e-01
1.845264762642422618e-01
4.345997600410444472e-01
5.142774025396286142e-01
5.683069793446763329e-01
2.515798334306841855e-01
4.093713143572280111e-01
5.472698211599221763e-01
4.401421185663239033e-01
3.611292205264500788e-01
5.159005113902147555e-01
2.508645302880471162e-01
6.129443881854998999e-01
3.847723922855422196e-01
6.333164429043930399e-01
3.277892283120626971e-01
5.154131688494862917e-01
3.053882163053711629e-01
2.854401045453602292e-01
5.132951112670069982e-01
3.850548685494400436e-01
2.842460341853750849e-01
5.338789993297002878e-01
4.537915727234458352e-01
5.541597273690924697e-01
4.438129387227221501e-01
3.823011348619891336e-01
1.928123727362558160e-01
3.262412888443437797e-01
6.468868585294914597e-01
4.108461919200726564e-01
5.266271139227703957e-01
5.675803998019866015e-01
4.486053955447752983e-01
5.642183525076696071e-01
5.064681905445791443e-01
4.354615313451064007e-01
4.830691979044147710e-01
5.019204935516307087e-01
2.853886538523520144e-01
3.962334125449922251e-01
6.387109174039142800e-01
6.179035605902173378e-01
4.238593386434930110e-01
2.872830086119969595e-01
3.172719142677549176e-01
5.088277611969370673e-01
4.232803006457966366e-01
6.408619065647351842e-01
5.966765251449029916e-01
4.711748218179365733e-01
5.633357730285819542e-01
5.474641367425271410e-01
4.859790292314256632e-01
5.442297363427428536e-01
3.568356295015714941e-01
5.773311148805548854e-01
2.078379798803831335e-01
3.051184062170362310e-01
3.180358092465152553e-01
4.749946362821960144e-01
5.024935737352335119e-01
2.553400742234073206e-01
2.701058136153324241e-01
4.110484800806999961e-01
5.770721815447640290e-01
4.918028860535267333e-01
3.107209340913217877e-01
5.309522848962893171e-01
3.818361115692328611e-01
5.367173425003225473e-01
6.404071170545652114e-01
4.013744564755361011e-01
1.647261083155580064e-01
3.254067704861183796e-01
4.106694787054436246e-01
5.630903813510494960e-01
5.671496043175013879e-01
4.585687740282630154e-01
4.093920793973471195e-01
3.690978140266992780e-01
6.468868585294914597e-01
3.879924359332418415e-01
3.229385061053887118e-01
2.063868585295693669e-01
3.503348127270169421e-01
3.988778279314110775e-01
5.431970839752487956e-01
1.403961390389300290e-01
6.408619065647351842e-01
1.626972441575820771e-01
3.921312790773500145e-01
4.254773123613978525e-01
3.300525845283294180e-01
5.874418604984977810e-01
3.644081919654211799e-01
4.851162126074694547e-01
1.847959418969612466e-01
5.664412210532854264e-01
4.173496286984628156e-01
5.301196487790865719e-01
4.342765212903677008e-01
3.503334684770226803e-01
4.310711838394664097e-01
3.725649208035788917e-01
5.593999225472630066e-01
6.468868585294914597e-01
6.234247754236550421e-01
3.972089398484939249e-01
4.974731516339926940e-01
3.944721774081680898e-01
1.802381862595414386e-01
4.043444741976366941e-01
4.520388594850815456e-01
4.170797512573097832e-01
4.117212853620970670e-01
5.925645574382435443e-01
4.683508594094314414e-01
3.059291166013427543e-01
5.254625026252326414e-01
4.334165257932455773e-01
4.052575480808707775e-01
5.708513734056286371e-01
6.071598455567098762e-01
5.027800545815004352e-01
2.157910988627981252e-01
5.582417401177873773e-01
4.044028945561028432e-01
4.570255642251030426e-01
3.928977689065787371e-01
5.925645574382435443e-01
6.101870617241139660e-01
3.261264428310101660e-01
3.863390485609215497e-01
4.526941622843949076e-01
4.004215884062226061e-01
5.664412210532854264e-01
6.222253566470645758e-01
5.734027553214573469e-01
4.070744116563361215e-01
3.430426298587835321e-01
3.364278137623399889e-01
2.195489677553535135e-01
3.847183661787585418e-01
6.356320186544015538e-01
5.051191701414298185e-01
5.068611551568442675e-01
3.083729601806606269e-01
5.547778772937665970e-01
3.125363326390541707e-01
3.002450096010020886e-01
5.782257989499027806e-01
4.662443462870631827e-01
2.940404148858487554e-01
4.026710336670663026e-01
5.002540750720433360e-01
2.213482131640336359e-01
1.911247575556643818e-01
3.159806609631000129e-01
3.927004699475269422e-01
4.248070024603349815e-01
5.427562435663108031e-01
1.860572270433308029e-01
5.438418886737407254e-01
3.872635228440724497e-01
1.462361966043899675e-01
4.965170180963369151e-01
6.018916297353040790e-01
4.559299134823642241e-01
4.346918965134554114e-01
2.571956877044531131e-01
4.231900131537574827e-01
4.269516173213492305e-01
4.232097165554754015e-01
4.348585377793527385e-01
5.165558110713421858e-01
5.094854074169858915e-01
5.478002262653792753e-01
3.237344678855670899e-01
5.187632537428257251e-01
4.017088572927779988e-01
5.702189724353760036e-01
5.350211428496716159e-01
5.350211428496716159e-01
5.992073117538717630e-01
5.875904715812968471e-01
4.999700029205392804e-01
3.538707599045939900e-01
5.773311148805548854e-01
6.029225947484018189e-01
6.303918234762310169e-01
4.757485405929403055e-01
6.340519159293770413e-01
3.208600578005576520e-01
4.237521944456953404e-01
5.641750209474266642e-01
6.080361408515668753e-01
4.757485405929403055e-01
5.463584861850933061e-01
5.322062720322128238e-01
4.635053057000292909e-01
3.177818472347000434e-01
3.280337992830339444e-01
3.127518338011331944e-01
5.791316169182020301e-01
3.655187674897985572e-01
3.696076032452688120e-01
5.432384212476512042e-01
4.508212323730313997e-01
3.952891429775752807e-01
5.099935085535822754e-01
3.287349351553569554e-01
5.284002662468747502e-01
2.831922298108765501e-01
4.803253342111808433e-01
6.202010458721978203e-01
4.535866016755647490e-01
5.102207486466405761e-01
4.316739181800220426e-01
6.287396492861524466e-01
3.941469639102833100e-01
5.328703260205982506e-01
2.752240275390335777e-01
4.316739181800220426e-01
2.931041819232070300e-01
5.554231404695433305e-01
2.682255230179837469e-01
4.732165613817574390e-01
3.559018614649805956e-01
6.151346824968924043e-01
4.741162288320669438e-01
3.455763578526273583e-01
5.386202903570082023e-01
4.238849167076773061e-01
5.010735077502316281e-01
4.932305136396331613e-01
6.170626524451945372e-01
2.478259463577399402e-01
6.062230316760122140e-01
3.585101385305523025e-01
4.537504202555350252e-01
6.322076361190671623e-01
1.766424100309928469e-01
4.110598298620636859e-01
4.635053057000292909e-01
4.315253974206780807e-01
2.253213346992420374e-01
4.015578586149415319e-01
4.170797512573097832e-01
5.414510636113631925e-01
6.260562744520524747e-01
5.269452925851093594e-01
4.298406384984832518e-01
4.341609631872860309e-01
5.367512145235685539e-01
6.170626524451945372e-01
5.431970839752487956e-01
5.549630650104279139e-01
3.560259252519548667e-01
4.335706016009885366e-01
4.325631090449936211e-01
6.387109174039142800e-01
5.806516979922984323e-01
5.207159987184718508e-01
4.891079310041159256e-01
5.644967834449008404e-01
4.888562892345200694e-01
5.301196487790865719e-01
6.006801040817836279e-01
4.514093173717139140e-01
1.751222359310135313e-01
5.925645574382435443e-01
4.015578586149415319e-01
4.050356460104643785e-01
3.083729601806606269e-01
5.370079011023906057e-01
4.660237021968377524e-01
3.166363815993403774e-01
4.781050401438846631e-01
3.001405786408021248e-01
4.082852949635358830e-01
6.333164429043930399e-01
4.082076192866832542e-01
6.243987182728991669e-01
3.493013687560312941e-01
3.752081950378530206e-01
5.223540203976501095e-01
5.431970839752487956e-01
5.794690473649833917e-01
4.198035811250469540e-01
3.217748089560532598e-01
4.023157813320129561e-01
3.443399459564615017e-01
3.637283596439433442e-01
2.942290487177626757e-01
5.818883305520951010e-01
4.369970580418464645e-01
2.847402923430037425e-01
5.068153697920807499e-01
3.707030649219951735e-01
5.046778200130167535e-01
5.875904715812968471e-01
5.224629432087549707e-01
5.297414242479079327e-01
4.572559657430300128e-01
5.187632537428257251e-01
4.421326781996228750e-01
2.270364307650682423e-01
1.605463851290578337e-01
6.074772278343386622e-01
4.522580342860531566e-01
4.754357822733642491e-01
4.811992958556186584e-01
5.664412210532854264e-01
5.078272891328322602e-01
5.214271874146523267e-01
4.268543139107594531e-01
5.897239098242111899e-01
3.023510574900157843e-01
4.928282154650865388e-01
5.794383151471830251e-01
2.797188977834821344e-01
2.719628813143995516e-01
3.905471628311564247e-01
5.544395419494014821e-01
4.307166695790446420e-01
3.657911054915419236e-01
4.559861109899544518e-01
4.314649513846322004e-01
6.333164429043930399e-01
3.280337992830339444e-01
