2.116068758220489010e-01
4.571014077597884140e-01
4.375811771236665093e-01
2.738925037973540810e-01
2.173417569729704513e-01
7.282567635011452656e-02
1.711991738581496170e-01
4.023157813320129561e-01
2.939313676591215341e-01
1.878326640623338983e-01
4.497758553120168035e-01
4.830691979044147710e-01
3.633597313302489029e-01
9.394451084438819322e-02
3.502939070115600462e-01
5.467967412020604545e-01
2.206623367586488804e-01
4.415069999344951590e-01
1.616702699028954304e-01
1.506220101636137343e-01
4.093760441257264793e-01
3.026780283975428754e-01
2.668431630738215543e-01
3.689605922222868872e-01
3.404412546900935643e-01
2.974247714499427264e-01
2.041416581592976620e-01
1.416347139168001590e-01
1.928294925129750703e-01
2.900513467394422729e-01
3.218670338810077358e-01
3.662669795519588045e-01
2.265077098958213631e-01
3.727484719922761758e-01
3.328984096823729977e-01
2.089946181841404182e-01
5.065269686629215729e-01
2.456485460573690494e-01
4.378150319286738257e-01
3.732685430134966564e-01
4.015578586149415319e-01
3.059472344054682824e-01
3.328984096823729977e-01
3.317282096600271957e-01
3.312038218220771379e-01
5.879524718787818571e-01
3.073544757071178246e-01
5.049086137987452982e-01
2.026424350472638691e-01
3.755317593271504939e-01
1.481257924924669345e-01
3.211592295599965952e-01
3.996198660891863153e-01
3.538880615754979031e-01
3.631875785666173195e-01
1.397609194363921281e-01
1.155278305364502156e-01
2.762214511605433076e-01
4.208342502222912063e-01
1.238720631759072932e-01
2.932332673408914459e-01
5.766987139103022519e-01
1.383853761586937015e-01
3.169617449780333107e-01
5.000676599334239469e-01
4.041691237342390219e-01
2.118705470336218477e-01
2.770987284761183278e-01
1.475264034458157458e-01
1.450111916563315562e-01
2.192565138158814320e-01
7.144896136204836878e-02
2.948619250035046657e-01
3.951415666128380022e-01
2.807174546577319574e-01
3.784900549564763073e-01
6.036050443712873692e-01
3.951133913075760562e-01
3.047988186543127420e-01
3.262307594577226189e-01
2.958998645672184513e-01
5.601108756125197097e-01
5.187632537428257251e-01
3.055948211787884450e-01
1.775388557715039117e-01
3.022808580799102307e-01
5.105873126172486565e-01
3.451766569191584422e-01
3.871358500685957438e-01
3.427551507772312878e-01
3.113888919446679004e-01
9.125069923379183767e-02
3.447937852514109669e-01
5.831602031872854530e-01
4.342506650839901838e-01
1.454918243804373679e-01
3.097208266471025429e-01
8.686414531326680510e-02
2.938314557819844408e-01
3.961674993933931854e-01
4.086824047883596545e-01
3.128663808843668015e-01
3.687370726448510605e-01
2.105126621473082660e-01
2.744327875240095693e-01
3.083729601806606269e-01
2.605700141035081074e-01
1.365795883799802712e-01
2.917740944180094997e-01
5.438348099757115417e-01
4.421627633938235991e-01
1.725458798396935223e-01
1.708189770743117619e-01
3.238801568123049202e-01
2.952495400558294847e-01
6.020266915722587431e-01
5.386202903570082023e-01
3.398403284816728376e-01
4.275849766141061048e-01
6.297047231308626480e-02
4.244387434438051665e-01
5.160797709155497959e-01
4.830691979044147710e-01
2.654000144049696308e-01
1.396242116129757793e-01
1.356209956329481048e-01
3.062702049921470770e-01
5.064972871698713019e-01
1.730194807425000092e-01
2.684451551529053459e-01
1.825848718396776982e-01
1.023242216847114333e-01
3.078683262590420910e-01
