3.631875785666173195e-01
3.927653696886687085e-01
6.340519159293770413e-01
4.227177789518846707e-01
6.241533265953668197e-01
6.198219246546585737e-01
6.243987182728991669e-01
3.812774799163234363e-01
5.375166013464615089e-01
5.635990815951203992e-01
4.706671848752992937e-01
3.153108267932846487e-01
3.907502985147446317e-01
3.123850304577782122e-01
5.992992377487261768e-01
3.105313144968666617e-01
6.241533265953668197e-01
2.855037369517628987e-01
6.306330680702929570e-01
2.164869967023009822e-01
4.526072886863526934e-01
4.492247897296118841e-01
2.764382997947421594e-01
3.280337992830339444e-01
4.506026005521858724e-01
4.341594319500699517e-01
4.677546163006583435e-01
3.086971046604373159e-01
5.488167497117325544e-01
4.451405331342551674e-01
2.134456505788756009e-01
6.166018983648612339e-01
1.943889063855590293e-01
2.911693279556230585e-01
2.871692849377522894e-01
5.620991104302598407e-01
5.005384951091680357e-01
4.089492796242520933e-01
5.618644274350449441e-01
5.971988961401336615e-01
2.967513356713318284e-01
4.270971245617815049e-01
4.385340733605937458e-01
2.920503014649695750e-01
4.385609308165030473e-01
4.354615313451064007e-01
3.699402319973941200e-01
5.554231404695433305e-01
5.987989072356373343e-01
2.508645302880471162e-01
3.231525703034089925e-01
4.145948194447132695e-01
4.495562714050390096e-01
5.124971252644023867e-01
5.925645574382435443e-01
5.172099954812687805e-01
4.016112818724275613e-01
5.673919244778621307e-01
4.310262636673846126e-01
5.386202903570082023e-01
5.791039819945777989e-01
4.285784736078971924e-01
5.431970839752487956e-01
5.001685600676512022e-01
5.611736870752231932e-01
5.300595068701174917e-01
4.214606372511017773e-01
4.367862111881641862e-01
5.431970839752487956e-01
6.241533265953668197e-01
3.935392418233056300e-01
3.111050625959154159e-01
6.306330680702929570e-01
4.162573480911770374e-01
5.077079353658449090e-01
4.918127291274043689e-01
4.401633742010438444e-01
5.987989072356373343e-01
4.473249810547345606e-01
5.214271874146523267e-01
4.792137298932951373e-01
5.885503042230311177e-01
5.048870137084094933e-01
6.198219246546585737e-01
2.467128019677777284e-01
3.658430466752114474e-01
3.856418855694098147e-01
4.743378340511639757e-01
5.198482814494231885e-01
1.896934116366656986e-01
6.313829815186866590e-01
3.667987812929354163e-01
4.415069999344951590e-01
1.636243554906521847e-01
3.421099446642587028e-01
2.566958165001653192e-01
5.431970839752487956e-01
5.406313180751773917e-01
6.064684233535445612e-01
2.352493387135186353e-01
2.718573968230820759e-01
4.501809978958530856e-01
4.111577564940998020e-01
5.345021138222803003e-01
4.290497091587265888e-01
5.347062239390005800e-01
2.979768325652050742e-01
5.512239814216859379e-01
5.068153697920807499e-01
5.525425465019536686e-01
2.934432247839806052e-01
3.952013155264287869e-01
3.499956006526819263e-01
4.572709559026354453e-01
3.101815444525385379e-01
3.083729601806606269e-01
6.241533265953668197e-01
4.803253342111808433e-01
5.290055207053737663e-01
6.306330680702929570e-01
5.112657739762719311e-01
5.695701228259757443e-01
2.914721251260107837e-01
2.592683495914822611e-01
5.254625026252326414e-01
5.367173425003225473e-01
5.708513734056286371e-01
1.802364737517778981e-01
6.468868585294914597e-01
2.855037369517628987e-01
5.449250298777945645e-01
5.412590914494935790e-01
2.852474572962167554e-01
3.350235389989327239e-01
4.316739181800220426e-01
4.449532823217817179e-01
6.387109174039142800e-01
5.788169916367147394e-01
6.134831359976602450e-01
5.819747677080336912e-01
3.062702049921470770e-01
3.561687277778312066e-01
4.601368764143800583e-01
2.022587874708944577e-01
4.628827169336127145e-01
5.366822978312529857e-01
2.680098755090407625e-01
3.534460333455644032e-01
3.540525949476440726e-01
3.776916715930329072e-01
4.732165613817574390e-01
1.982060695601831068e-01
3.487436647634635789e-01
5.431970839752487956e-01
4.388908597392305877e-01
3.076735381673151304e-01
3.891554050900806194e-01
5.801956422907241784e-01
4.424721820322300436e-01
3.221793934885310851e-01
5.371575054313774134e-01
6.408619065647351842e-01
5.503216301486668627e-01
1.840211900181078220e-01
5.367173425003225473e-01
3.041500916935626631e-01
4.870623491075386502e-01
4.226966616606845917e-01
1.363911409116509710e-01
3.474788557550700374e-01
4.874041420005049141e-01
3.407396694579057361e-01
6.105363808787431790e-01
6.112637228179154114e-01
6.185345699140480935e-01
5.630353596074688660e-01
4.349744523950362929e-01
5.579003338798879108e-01
4.592339188620587209e-01
5.247430096799766686e-01
4.107794455891684016e-01
4.994125097173466865e-01
5.607049051210354351e-01
3.083729601806606269e-01
1.866762687692072875e-01
4.142818169711716125e-01
5.388214316488164624e-01
4.721142702540046532e-01
5.527975440633469129e-01
3.062702049921470770e-01
4.721726485169594478e-01
3.292454192097117871e-01
5.536980300374872987e-01
4.040319640856679939e-01
1.645493301387201679e-01
5.397411907150037047e-01
4.086824047883596545e-01
3.514625264254110926e-01
5.237663029745817100e-01
2.120379645199597096e-01
3.192162406608380354e-01
5.319422441001588897e-01
5.630903813510494960e-01
6.055280602495766162e-01
5.022546491755116582e-01
3.146326138497478331e-01
3.558748697191932431e-01
5.504589249186322419e-01
6.062230316760122140e-01
5.324987507092939776e-01
6.306330680702929570e-01
5.297582104826623617e-01
5.045592946441160853e-01
6.468868585294914597e-01
2.024736171835832821e-01
4.316739181800220426e-01
5.459347505855816074e-01
6.081259795326978690e-01
5.386202903570082023e-01
6.241533265953668197e-01
5.066983730619077919e-01
4.490914187809976754e-01
4.927595785779967930e-01
4.309257865670611531e-01
4.403285370310083824e-01
4.292533965533616991e-01
5.611736870752231932e-01
4.391372615011551739e-01
6.338094233333292360e-01
3.659876033886045321e-01
5.187632537428257251e-01
4.672162239617045909e-01
5.064972871698713019e-01
6.468868585294914597e-01
4.499849454836335472e-01
3.262761137852382420e-01
5.876900591670876084e-01
5.342730482391849778e-01
4.560618366572081195e-01
4.866060033107247329e-01
4.123590108428621948e-01
6.025830519384693940e-01
5.478723908602557424e-01
5.154062529207674714e-01
4.280421714929738553e-01
5.048028286103557472e-01
3.962531963959095571e-01
3.259962486903156820e-01
5.923191657607110860e-01
5.718578455872175281e-01
3.278306256615157732e-01
3.659031734090085752e-01
2.661960127718639990e-01
3.730228007479158281e-01
5.350211428496716159e-01
5.296266683501503758e-01
5.296266683501503758e-01
3.910834436384753032e-01
4.130042026121790166e-01
2.717693824886533438e-01
4.751427964752962252e-01
4.247362631882893869e-01
1.270180463716287511e-01
2.954116188958783029e-01
3.791056682368210695e-01
3.252277128113585380e-01
5.613941817003986756e-01
4.004161919695525818e-01
1.909903556308116257e-01
6.333164429043930399e-01
3.995235371117286105e-01
2.749285963555472279e-01
3.217748089560532598e-01
2.987622603854227510e-01
3.619340613413274399e-01
3.625719813969003336e-01
5.633357730285819542e-01
3.168892411245175511e-01
4.274389332535569741e-01
5.163791598046754139e-01
5.764346392054580104e-01
5.905606476033078422e-01
6.287050981219908241e-01
5.420734612329766167e-01
4.122598180194218531e-01
5.077830126582850712e-01
4.890695541375232880e-01
5.905994263001392852e-01
4.353540597377763555e-01
6.404071170545652114e-01
5.431970839752487956e-01
3.083729601806606269e-01
5.748906480888202886e-01
5.446713244926890685e-01
4.316739181800220426e-01
4.130879094844363553e-01
5.223540203976501095e-01
5.611652615287113788e-01
5.412590914494935790e-01
5.431970839752487956e-01
6.166018983648612339e-01
2.132802306025037287e-01
5.503216301486668627e-01
4.134392980751891988e-01
3.626710705926251554e-01
3.859258259255847201e-01
5.367173425003225473e-01
3.048880039715324841e-01
3.975637854681503547e-01
1.947830750333868766e-01
3.888495191485585312e-01
4.437822914235211025e-01
4.552281882728829721e-01
5.401227213548823736e-01
5.952135834784547663e-01
4.944260849904300037e-01
3.776951078340296530e-01
3.917541093245632822e-01
4.607820515533714301e-01
5.247765062736255981e-01
5.633357730285819542e-01
5.773311148805548854e-01
6.117227564910806548e-01
3.599740111834073275e-01
6.306330680702929570e-01
5.257554846814773697e-01
4.466120944023253547e-01
4.393499218918281435e-01
5.067865841538746752e-01
5.431970839752487956e-01
3.426723644974273286e-01
3.089787601138344608e-01
4.113372891725303737e-01
6.168748054355536192e-01
5.010735077502316281e-01
3.322144688389919165e-01
6.404071170545652114e-01
4.005133189947530092e-01
4.245515649228939759e-01
3.322089531836763254e-01
6.404071170545652114e-01
2.191405667710632499e-01
4.610691324425686410e-01
3.059327445068403817e-01
3.670902782611171755e-01
3.722617124483943440e-01
3.014983806873070549e-01
3.545348235593561714e-01
2.159335674309514896e-01
3.315413146325789095e-01
6.208456077679380680e-01
6.306330680702929570e-01
4.119190669124056514e-01
5.244388034013254263e-01
5.569077202681969041e-01
4.024434931887544975e-01
3.083729601806606269e-01
4.870623491075386502e-01
5.400538165116738343e-01
4.612487455701985706e-01
3.053828947051656639e-01
1.934019037417364639e-01
4.734990904469385531e-01
5.338789993297002878e-01
2.544874482471307098e-01
4.982924706023306172e-01
5.761230951075191342e-01
4.528878941425765192e-01
4.456096095491430265e-01
4.299415250166314650e-01
5.296691224528464748e-01
5.431970839752487956e-01
3.883176712584287538e-01
5.303343776704273482e-01
3.334031770623532842e-01
4.588997466078522658e-01
4.015578586149415319e-01
5.256187689586564460e-01
5.288170039093752495e-01
3.680353085619840758e-01
4.418836811714717538e-01
5.223540203976501095e-01
4.287279780509917204e-01
4.117212853620970670e-01
5.415892501825309013e-01
5.479645620484711044e-01
4.121711906496210442e-01
1.767232335166351864e-01
5.929393768063460080e-01
6.387109174039142800e-01
5.429649275422283594e-01
3.298122454554883176e-01
6.306330680702929570e-01
4.477756238971923319e-01
2.104987277015505365e-01
1.697787555181271835e-01
6.332037215190755575e-01
4.559299134823642241e-01
3.946964102186867884e-01
2.617908778926495428e-01
2.414924361660404084e-01
5.766987139103022519e-01
4.063814158086248018e-01
6.341341237856737978e-01
3.483125902013294306e-01
5.407527897141111151e-01
6.273548592356834597e-01
6.144439778922704543e-01
3.985092589671906382e-01
3.134898617638044449e-01
6.009254957593160862e-01
5.368123024901768625e-01
4.295369787339021750e-01
5.554231404695433305e-01
5.355459277366418913e-01
5.987989072356373343e-01
4.364524559393684888e-01
3.387467804357084389e-01
3.200740270271028032e-01
3.999432229151737572e-01
3.921040717609689530e-01
4.898233604332869473e-01
5.366822978312529857e-01
5.344861059906966805e-01
2.808118602341114767e-01
5.068153697920807499e-01
6.163038655748367400e-01
4.477756238971923319e-01
5.132951112670069982e-01
1.659613485013561318e-01
5.923191657607110860e-01
5.229988250961420393e-01
3.028075635615912198e-01
5.540662458151709435e-01
3.592870658638540604e-01
5.074665460879514978e-01
3.506111145668320828e-01
4.412809320715022632e-01
2.088306867258361565e-01
3.328984096823729977e-01
4.796506734012213058e-01
6.408619065647351842e-01
5.229135090320180534e-01
6.404071170545652114e-01
4.679267918270479387e-01
4.519029394193940230e-01
2.476974202386884316e-01
5.671684055240635569e-01
2.691250807081452256e-01
5.166779080105129429e-01
4.731191945680519040e-01
5.702189724353760036e-01
5.749909732295449549e-01
4.792137298932951373e-01
1.442526598535903704e-01
4.397525976787020618e-01
5.051191701414298185e-01
6.333164429043930399e-01
5.571193401201941509e-01
4.986571380921997476e-01
5.108250321020122442e-01
5.319422441001588897e-01
4.283263482076492545e-01
5.064972871698713019e-01
5.132951112670069982e-01
3.315726131129609899e-01
5.925645574382435443e-01
3.612210405029797622e-01
5.749909732295449549e-01
3.083729601806606269e-01
2.573893280958447494e-01
2.508645302880471162e-01
5.589538558506723653e-01
3.100865811366191327e-01
5.341729484393702432e-01
3.166363815993403774e-01
2.760699877690499515e-01
4.883710412832824033e-01
5.512486346318959951e-01
3.043383783674327714e-01
2.118705470336218477e-01
3.360435927515610932e-01
5.942221136173968521e-01
5.547901810321740346e-01
3.576018269488908108e-01
5.587371827703465632e-01
3.359268387202002382e-01
3.294018524700273454e-01
5.571150012682833941e-01
6.151131744969836612e-01
6.241533265953668197e-01
2.914721251260107837e-01
2.554066575771221648e-01
3.318726796878488372e-01
5.933421040432893534e-01
4.353611608867449245e-01
4.309299715884614690e-01
4.676462618309258357e-01
4.025659944527128498e-01
3.809806633227872941e-01
5.791039819945777989e-01
1.934794716332922382e-01
4.386366670855892380e-01
4.564864415030432943e-01
3.858575366122969363e-01
4.290243215117687248e-01
5.010735077502316281e-01
5.845260914177233813e-01
3.434184594152178138e-01
6.468868585294914597e-01
4.857819266141537584e-01
4.579090477702582040e-01
6.134831359976602450e-01
5.618272378697500846e-01
5.832441683492849416e-01
5.364927568150856807e-01
6.187657739491176923e-01
4.848205149230176980e-01
5.472698211599221763e-01
4.975639194306188950e-01
6.181378091181797263e-01
5.973455743633568904e-01
5.060898252792713770e-01
1.532949773242869851e-01
4.146490430366117086e-01
5.635990815951203992e-01
5.164103048703051480e-01
5.441683005944534246e-01
6.025830519384693940e-01
3.188417163770727591e-01
3.650559309808997788e-01
2.584358505705249831e-01
4.970148219432917736e-01
4.571014077597884140e-01
6.468868585294914597e-01
2.778057912924933315e-01
2.303848067885278239e-01
3.285994398905451863e-01
5.589641325602860977e-01
1.599566489469369246e-01
4.298474332337052783e-01
5.706547624223529125e-01
5.350211428496716159e-01
2.830989570714789738e-01
5.068466063245005149e-01
4.229502572856421172e-01
5.987989072356373343e-01
4.257604446916347651e-01
5.386202903570082023e-01
2.462962986889266348e-01
5.718879773463294569e-01
4.205638438328492268e-01
6.151131744969836612e-01
4.345801507046048173e-01
5.773311148805548854e-01
2.885214184338869559e-01
2.979768325652050742e-01
5.567580065948203316e-01
4.117212853620970670e-01
4.199914015261671518e-01
4.572559657430300128e-01
2.118705470336218477e-01
6.404071170545652114e-01
4.177044019762035654e-01
2.244278537300011811e-01
2.894030171395309825e-01
6.195765329771262264e-01
4.715201091580387693e-01
6.468868585294914597e-01
4.846671148261857964e-01
4.608665269545437759e-01
5.350211428496716159e-01
1.729342674745752151e-01
4.471479842930565218e-01
6.088452395494580172e-01
4.915606833448395441e-01
4.184459826960892914e-01
3.354676548544082704e-01
4.255599184100496979e-01
6.356320186544015538e-01
4.566219623369804359e-01
2.757733236548102762e-01
6.105363808787431790e-01
4.039324821024438683e-01
2.354432233628153681e-01
5.366539380333180675e-01
6.153745827370206145e-01
5.773311148805548854e-01
3.790918548806205268e-01
6.101870617241139660e-01
5.386202903570082023e-01
2.906332657331443525e-01
3.042340945856130685e-01
6.287050981219908241e-01
3.205036495539458352e-01
3.019513190343750542e-01
3.083729601806606269e-01
3.328984096823729977e-01
5.429546416859355462e-01
5.330831503239165103e-01
6.306330680702929570e-01
5.614428064853541622e-01
4.068569968634950795e-01
2.713329793623648345e-01
5.118335112520646657e-01
4.420330780371484747e-01
5.010735077502316281e-01
5.591211174277090912e-01
5.545157109187680566e-01
6.227146973213962822e-01
4.456315877715039120e-01
4.497393026881868483e-01
5.739871678245821451e-01
6.222253566470645758e-01
5.237663029745817100e-01
3.735405674296656819e-01
5.567850695391884930e-01
2.940209874435937842e-01
4.705655929195333154e-01
6.468868585294914597e-01
5.624788212967758438e-01
5.582443101267071661e-01
2.254602778462783952e-01
4.538342068494150006e-01
5.925645574382435443e-01
6.404071170545652114e-01
3.168892411245175511e-01
3.209739431007778143e-01
3.759541730236676815e-01
5.223540203976501095e-01
6.306330680702929570e-01
3.268642897310130579e-01
5.319422441001588897e-01
2.851564974193315782e-01
5.984107954562790654e-01
2.351674374788474131e-01
5.531824049258976528e-01
4.235049316486704241e-01
3.911964373453720722e-01
1.968537795311101624e-01
4.787549761292951844e-01
4.054664473155634719e-01
4.549043276519738055e-01
5.927020325433004500e-01
5.284985396211966391e-01
5.403587408046265361e-01
5.794295619832597888e-01
3.328984096823729977e-01
5.955528410783056392e-01
4.807328895434218596e-01
5.316357235038416951e-01
5.125121420325284838e-01
1.551856378650115220e-01
6.468868585294914597e-01
3.744027543879244746e-01
5.706547624223529125e-01
5.198482814494231885e-01
4.894760812998931176e-01
3.933535970845128404e-01
6.243987182728991669e-01
4.371151353274156937e-01
3.399293137152894495e-01
5.641750209474266642e-01
2.508645302880471162e-01
4.408651007617390150e-01
3.606140050405642339e-01
5.766987139103022519e-01
1.936659041298138262e-01
2.463946705979267737e-01
5.404375225020613405e-01
5.256386218254244236e-01
5.002176760708447745e-01
5.432924757299276708e-01
3.021679172782362754e-01
1.549375890772298481e-01
3.066103284083169789e-01
5.599614795783592891e-01
2.786495107940338833e-01
5.366822978312529857e-01
2.892855494593291610e-01
5.571150012682833941e-01
5.897747716997587819e-01
4.125345506840909504e-01
5.401227213548823736e-01
5.002540750720433360e-01
4.874388627939862384e-01
1.223371762269994667e-01
1.539210536778301830e-01
3.868547530823152059e-01
5.805346067810890354e-01
5.973455743633568904e-01
5.895252593393977003e-01
6.274560775288243741e-01
5.165558110713421858e-01
4.585285649155635967e-01
4.360749882958770973e-01
4.698997439993337633e-01
2.508645302880471162e-01
4.180881624309069622e-01
3.280337992830339444e-01
2.668051461498354149e-01
1.715099758278151865e-01
5.706547624223529125e-01
4.421326781996228750e-01
2.342011829329998518e-01
2.004307398976223342e-01
3.744027543879244746e-01
3.616216069409490252e-01
3.144029841868009600e-01
5.355459277366418913e-01
5.785834095690448597e-01
3.363840340148261943e-01
5.644661574533043069e-01
6.287050981219908241e-01
2.898898158686171733e-01
4.895564350827809053e-01
1.045925500564700572e-01
3.083729601806606269e-01
1.542229445994202641e-01
4.452410052454809919e-01
6.243987182728991669e-01
5.472698211599221763e-01
4.438129387227221501e-01
5.613941817003986756e-01
6.241533265953668197e-01
6.468868585294914597e-01
6.404071170545652114e-01
4.315076980771168080e-01
4.216914857090253155e-01
2.883977625056444172e-01
3.702745395808739182e-01
5.613941817003986756e-01
5.119838395199063363e-01
4.818467493491971343e-01
5.486900717415365003e-01
3.923961961081784966e-01
4.866076891060280296e-01
3.176702338448159080e-01
5.132951112670069982e-01
4.015578586149415319e-01
4.413418381439259686e-01
5.695701228259757443e-01
6.306330680702929570e-01
5.564454427461125174e-01
2.456485460573690494e-01
2.844945152576789926e-01
3.083729601806606269e-01
4.537712130475096695e-01
1.856892309938222019e-01
3.047256084277233934e-01
3.182374696123567159e-01
3.083729601806606269e-01
3.307114397730386290e-01
5.590222879768799169e-01
1.658655915031544692e-01
5.399043718338114584e-01
3.847421531568915309e-01
5.356238445532135461e-01
1.995632543097951017e-01
6.241533265953668197e-01
5.664412210532854264e-01
4.464441727053076736e-01
3.688593713306575483e-01
1.702629427664195394e-01
5.987989072356373343e-01
3.506858122720937221e-01
4.186317758605367367e-01
5.132951112670069982e-01
3.854978297406314591e-01
3.245146198389742276e-01
3.668968916900677835e-01
5.051191701414298185e-01
4.232206208519960211e-01
4.535296690036499379e-01
4.302929689032163885e-01
5.695701228259757443e-01
5.164103048703051480e-01
6.387109174039142800e-01
4.337609646749310266e-01
4.118547532862965599e-01
3.984099333090257433e-01
1.762717806733882786e-01
2.508645302880471162e-01
4.394448380191990911e-01
3.396375827792164626e-01
2.423325991685433001e-01
5.343881059773495368e-01
6.404071170545652114e-01
3.623979831868410773e-01
3.700149381217580080e-01
6.286574414298556901e-01
6.127027731509384623e-01
6.260562744520524747e-01
3.127873703120779836e-01
4.561621366445655079e-01
3.204432924901411406e-01
5.656421788171355214e-01
3.113286215664345935e-01
3.943234218494166554e-01
4.117212853620970670e-01
3.280337992830339444e-01
4.052355450169612960e-01
4.364716013936674743e-01
4.559917265311623225e-01
2.522742138569289971e-01
5.526733591868154827e-01
5.421456890230897940e-01
3.343882186789863264e-01
5.959050056816199703e-01
4.784692969686546449e-01
4.992394024769735705e-01
6.422278570549541099e-01
3.343928453394669487e-01
5.533421956410431441e-01
3.121762688390286589e-01
5.425351745712699847e-01
4.958306787442673391e-01
5.663846787782607084e-01
5.347793499745673307e-01
6.178302665883634859e-01
3.690401518031947714e-01
5.706547624223529125e-01
3.303018177071019301e-01
6.151131744969836612e-01
5.386202903570082023e-01
5.605273259861479618e-01
5.346675370207777389e-01
6.358303234363246181e-01
4.888231827259426066e-01
5.685227727847251833e-01
6.109705167719746699e-01
4.090305347707794970e-01
4.955305801560030421e-01
3.845599973564393093e-01
3.328984096823729977e-01
6.129443881854998999e-01
2.920793961154105056e-01
4.797195900935367630e-01
5.390667902735770678e-01
5.221218639646296733e-01
2.502697745540067298e-01
3.396375827792164626e-01
2.794897586111965704e-01
5.308167419232314721e-01
5.068153697920807499e-01
6.101870617241139660e-01
4.264753006863962193e-01
5.791039819945777989e-01
1.845220674610250633e-01
3.802003237585210860e-01
4.254941830989933949e-01
5.829143806803842587e-01
5.431970839752487956e-01
1.900839110110613683e-01
4.942920040308584895e-01
4.202252020747376804e-01
5.524186709494756098e-01
5.367173425003225473e-01
4.772557932418610704e-01
3.039732111362837830e-01
5.350211428496716159e-01
5.630353596074688660e-01
4.584572631227594730e-01
5.854331198658365709e-01
3.697979514558578651e-01
5.504589249186322419e-01
4.091104661434007972e-01
3.994200506500748538e-01
3.981587409739752448e-01
3.750504975609844638e-01
5.027800545815004352e-01
4.160129968483808338e-01
5.503216301486668627e-01
6.243987182728991669e-01
1.708322588837350164e-01
5.132951112670069982e-01
5.224152770581222960e-01
3.582596205551989432e-01
6.287050981219908241e-01
4.589779643293751543e-01
4.796506734012213058e-01
2.831157034973917908e-01
6.343821650898090470e-01
4.305653486886524828e-01
2.801877247434881868e-01
4.203614247084089262e-01
4.601434548514316547e-01
4.250942101557637631e-01
1.366399593716825234e-01
3.134157032968456491e-01
3.029442681628820577e-01
5.001685600676512022e-01
2.965146337546069044e-01
1.735548627846676406e-01
4.276496837552912211e-01
5.582652799277083577e-01
3.530678702426504612e-01
4.110722032399590775e-01
3.745009218478610458e-01
5.098176156297562489e-01
5.472698211599221763e-01
6.101870617241139660e-01
5.386202903570082023e-01
4.590042761027305351e-01
3.932059015011299952e-01
2.670418773775089516e-01
4.618586159834062177e-01
4.792137298932951373e-01
5.498310233868705099e-01
3.562102297943951501e-01
6.134831359976602450e-01
5.019075122314005100e-01
4.212084186170917399e-01
4.107794455891684016e-01
4.670368651741145793e-01
4.663180782901136245e-01
2.071757733132764401e-01
3.425850558084954089e-01
6.423100649112508664e-01
4.307507487537819979e-01
5.367173425003225473e-01
5.925645574382435443e-01
5.243897722127915939e-01
4.888562892345200694e-01
2.737953893488372925e-01
4.388421709275220350e-01
4.363859923239968852e-01
2.707926703784026001e-01
6.159538456598687706e-01
3.464681612377881748e-01
4.003777888062577950e-01
4.571014077597884140e-01
5.658971763785287656e-01
4.405265499507197702e-01
3.752589366553596983e-01
4.908269155518517057e-01
3.392047120379937941e-01
5.636798525912980473e-01
5.051243199295855080e-01
4.329308356832298754e-01
4.605185925863271024e-01
3.672317912091941916e-01
3.176855390451491234e-01
4.329760078047422689e-01
5.386202903570082023e-01
4.316739181800220426e-01
1.820565053003025124e-01
6.260562744520524747e-01
5.839735106047905244e-01
6.387109174039142800e-01
4.633855085269896201e-01
4.522368938163370267e-01
3.252277128113585380e-01
4.106694787054436246e-01
5.473202750727984567e-01
1.753985931706003309e-01
4.944260849904300037e-01
4.371610585160013995e-01
3.047994997700795849e-01
5.532668653597770936e-01
5.742567522601885743e-01
6.306330680702929570e-01
5.237663029745817100e-01
5.894252642066937220e-01
5.124971252644023867e-01
4.386366670855892380e-01
3.083729601806606269e-01
5.618644274350449441e-01
4.692617689597473607e-01
4.412809320715022632e-01
4.090361745298988216e-01
5.695701228259757443e-01
4.411578632976877468e-01
3.690544800758471800e-01
3.794763528902577732e-01
1.907708452090844664e-01
5.367173425003225473e-01
3.296037372413228583e-01
5.582652799277083577e-01
6.241533265953668197e-01
5.122835122678994768e-01
5.925645574382435443e-01
6.134831359976602450e-01
6.306330680702929570e-01
3.764573064741721931e-01
3.501771438335202768e-01
6.234247754236550421e-01
4.084407363288776738e-01
3.654761121601644014e-01
5.742200328134063891e-01
5.832441683492849416e-01
6.468868585294914597e-01
6.387109174039142800e-01
5.164103048703051480e-01
5.094854074169858915e-01
4.677546163006583435e-01
3.796800806134321693e-01
6.287050981219908241e-01
3.845599973564393093e-01
6.306330680702929570e-01
4.839385636544740188e-01
6.387109174039142800e-01
3.946964102186867884e-01
2.462877366698065507e-01
3.678546334841344412e-01
5.321405488820819540e-01
4.677362843810926596e-01
3.596442193569252543e-01
4.247652005782152074e-01
5.528708054281870066e-01
3.096982487975695197e-01
3.987920821812531713e-01
6.241533265953668197e-01
4.150037333706041998e-01
6.097608937316256750e-01
3.558561795200534950e-01
5.614428064853541622e-01
3.176702338448159080e-01
5.324318371396793426e-01
3.134836373448058877e-01
3.367156783556242150e-01
5.544521265324301451e-01
5.702513642557170970e-01
2.870484355848090807e-01
5.854331198658365709e-01
2.069325627029272585e-01
6.333164429043930399e-01
4.632048970601347904e-01
4.163823039911723756e-01
4.874503748249626733e-01
5.599614795783592891e-01
4.047602149760657908e-01
3.830626073220285699e-01
3.541359291966716949e-01
5.925645574382435443e-01
5.319422441001588897e-01
5.367173425003225473e-01
3.122164085201193928e-01
5.695701228259757443e-01
4.180140222573061615e-01
8.199422329191753678e-02
3.040561553002399942e-01
4.195998624446120595e-01
5.135636910230769736e-01
4.803253342111808433e-01
5.816489751630046223e-01
5.301703430001657447e-01
5.438418886737407254e-01
5.596209169137182915e-01
5.633357730285819542e-01
5.051191701414298185e-01
5.350211428496716159e-01
6.045505878216340667e-01
3.824461404902299577e-01
1.723370997197069265e-01
4.624744708192282117e-01
5.367173425003225473e-01
6.055280602495766162e-01
5.852284916105389145e-01
2.218933388099448012e-01
2.662603825253214707e-01
4.132884639336351640e-01
6.422278570549541099e-01
4.612487455701985706e-01
5.909095059939825090e-01
4.397200132584043186e-01
5.410715198796179903e-01
4.714896337748270549e-01
6.362851129464947020e-01
4.029330568133868140e-01
3.551852579348325767e-01
4.235068027681629932e-01
5.396544419483418897e-01
6.306330680702929570e-01
3.809901667222675425e-01
6.044590004617816925e-01
4.076987245717440533e-01
3.541359291966716949e-01
4.807328895434218596e-01
5.270561688358177399e-01
5.431970839752487956e-01
5.069538505121299332e-01
5.344861059906966805e-01
4.218279470918063767e-01
5.556307594809947181e-01
5.816489751630046223e-01
5.431970839752487956e-01
5.695701228259757443e-01
2.928818086948926647e-01
4.938586756438672620e-01
4.492289148818405242e-01
5.655923627811798582e-01
3.377745426105814297e-01
5.250498747319097825e-01
6.306330680702929570e-01
5.421456890230897940e-01
2.805546906482744851e-01
5.539576824269749622e-01
2.802688447686212392e-01
6.272914909396368754e-01
2.497802710064251086e-01
6.333164429043930399e-01
4.860013947324905437e-01
3.805666378584891540e-01
6.468868585294914597e-01
5.556396835215119401e-01
5.773311148805548854e-01
4.003604864077771608e-01
1.737826520942240549e-01
5.328703260205982506e-01
2.855037369517628987e-01
3.891865804021147901e-01
5.386202903570082023e-01
3.083729601806606269e-01
4.849462891389648145e-01
5.749033952332802677e-01
3.233519712316585970e-01
3.989667723167908409e-01
1.907708452090844664e-01
4.635053057000292909e-01
5.721219202920617697e-01
4.623311436065837832e-01
3.171198532239405954e-01
5.350211428496716159e-01
4.693306360729050386e-01
3.544712813724690270e-01
4.301382238288134485e-01
3.669676280518064382e-01
4.071444917438565847e-01
2.432819773640604311e-01
3.622551336802952715e-01
3.248498533158236667e-01
4.904183051294002671e-01
4.133369632635731095e-01
4.811312053786596099e-01
5.321405488820819540e-01
2.508645302880471162e-01
5.110128834771135997e-01
4.635053057000292909e-01
6.299045168985812904e-01
4.007782448604418346e-01
4.291458918932598565e-01
3.116148920390846011e-01
4.920545941365453424e-01
1.798131657595094524e-01
3.916400815232419230e-01
6.241533265953668197e-01
6.387109174039142800e-01
4.106354174083061137e-01
2.409937292924134444e-01
5.574170855174068739e-01
6.241533265953668197e-01
5.794801888515207500e-01
4.792137298932951373e-01
4.613146515499698119e-01
5.769258533898915520e-01
6.210979676557749629e-01
5.412590914494935790e-01
4.552281882728829721e-01
3.108857011195405584e-01
5.043659781283126309e-01
2.366531544799434228e-01
5.594986372488466309e-01
3.062702049921470770e-01
2.701061849912876900e-01
5.593999225472630066e-01
5.635990815951203992e-01
1.577009894531690437e-01
4.801844502012245774e-01
5.296266683501503758e-01
5.386202903570082023e-01
4.147871457285754460e-01
5.706547624223529125e-01
2.530257798399749847e-01
3.100865811366191327e-01
4.751774916996521769e-01
5.507406466854521954e-01
5.021210186898809047e-01
5.633357730285819542e-01
5.364749002110092979e-01
3.637029051638650534e-01
4.318344234794643244e-01
5.987989072356373343e-01
3.221816968925458879e-01
6.135229996153483967e-01
4.623620359952061998e-01
3.974512668688638950e-01
5.635990815951203992e-01
4.942913252017613890e-01
5.321405488820819540e-01
2.031289260113896267e-01
5.214271874146523267e-01
2.721351035096399307e-01
5.350211428496716159e-01
4.015578586149415319e-01
4.186817013448217994e-01
1.490010778068712460e-01
5.005367219007166302e-01
5.691551737549778167e-01
5.367173425003225473e-01
3.031913012535366603e-01
3.547411809527428184e-01
5.123326241135117698e-01
4.296689619857967934e-01
2.302935027678453261e-01
4.803253342111808433e-01
6.358303234363246181e-01
6.314263195231806236e-01
2.578786941314227810e-01
4.449495026645643447e-01
1.744205168539647854e-01
5.567580065948203316e-01
5.132951112670069982e-01
4.258116563237145935e-01
5.865515613262742844e-01
3.669711486917048848e-01
5.161672609789687005e-01
2.993488578014933954e-01
5.057894036469351429e-01
6.222253566470645758e-01
5.304443492314311337e-01
6.155232858063073298e-01
4.980751515378005201e-01
7.385557265692285767e-02
4.649455789856103416e-01
4.849060534177446202e-01
5.324353047704154518e-01
4.856599736312376403e-01
5.637606992554564656e-01
5.532668653597770936e-01
4.152267875068064162e-01
6.404071170545652114e-01
2.240832978124003283e-01
3.585970662810917808e-01
4.560747371124808103e-01
4.120516484402584334e-01
5.448101226440753564e-01
4.219598562348131909e-01
5.350211428496716159e-01
3.018711447550626037e-01
4.536342913165321566e-01
6.468868585294914597e-01
4.582801093084454824e-01
5.939332712649154633e-01
2.776610166178972716e-01
3.027571770015329844e-01
4.462150578548730873e-01
5.341729484393702432e-01
6.404071170545652114e-01
5.925645574382435443e-01
6.039438496262860001e-01
6.306330680702929570e-01
4.154776895387382041e-01
6.404071170545652114e-01
6.243987182728991669e-01
5.164103048703051480e-01
4.085227381770178967e-01
4.588997466078522658e-01
4.830290999030772414e-01
4.673702458248294445e-01
5.804011483153871387e-01
5.888390445068899526e-01
3.986736935967793993e-01
5.397411907150037047e-01
4.395894842245310352e-01
3.597318151268503184e-01
5.923191657607110860e-01
6.326859654391581156e-01
3.942729217873871539e-01
3.280337992830339444e-01
4.531312496446362470e-01
5.064972871698713019e-01
6.104541730224464224e-01
3.083729601806606269e-01
5.619396085630795623e-01
5.243897722127915939e-01
6.340519159293770413e-01
3.132706683576562678e-01
4.749524233192189970e-01
3.176520257172352757e-01
3.708985847480421039e-01
5.361244254566400746e-01
6.254835754147212157e-01
3.294018524700273454e-01
5.708513734056286371e-01
2.566958165001653192e-01
3.345819479386795692e-01
2.934596488933982616e-01
4.925706433214340207e-01
1.353464784349331651e-01
3.060777131326070655e-01
4.093713143572280111e-01
4.048635338871905964e-01
3.433999502787464797e-01
4.027052685432257473e-01
5.472698211599221763e-01
3.648156001192818798e-01
3.298122454554883176e-01
5.518739006728314855e-01
4.068569968634950795e-01
5.312744473530905953e-01
4.985710567212862654e-01
4.652919946932945194e-01
5.082478733896100831e-01
5.662745797873881548e-01
3.235049397715449859e-01
2.938621046402785097e-01
4.559299134823642241e-01
5.987989072356373343e-01
5.237663029745817100e-01
3.866881922656172921e-01
5.350211428496716159e-01
3.100865811366191327e-01
3.183714264681244965e-01
3.897347579206257295e-01
3.072166259000405075e-01
4.748766367433983060e-01
5.659824678089832029e-01
4.193546607685479377e-01
4.538503619633184050e-01
5.296691224528464748e-01
5.387208323156009726e-01
3.818341264280714076e-01
6.241533265953668197e-01
5.676745783744236995e-01
6.026638473604374324e-01
1.698026564139895334e-01
3.925337230790629794e-01
4.798357666368462393e-01
4.392438974346311586e-01
5.766987139103022519e-01
5.132951112670069982e-01
3.358931592969109370e-01
3.328984096823729977e-01
4.874934113008682623e-01
4.443842659660825478e-01
2.734596753595218144e-01
2.873439581311458824e-01
3.246511276827270254e-01
4.223011399280020561e-01
2.325313637597364036e-01
2.475435986670458111e-01
3.194654165689272962e-01
3.796420584924693475e-01
3.404412546900935643e-01
6.127027731509384623e-01
6.013157563846018849e-01
6.387109174039142800e-01
5.431970839752487956e-01
5.310985858190038211e-01
5.234746151734154251e-01
6.201000794245478120e-01
3.344147488293028325e-01
4.797195900935367630e-01
5.607887041876594703e-01
5.660762750054649795e-01
4.684647502184469126e-01
5.341729484393702432e-01
4.117212853620970670e-01
5.685227727847251833e-01
4.356857623886529751e-01
3.495567714737284337e-01
5.702513642557170970e-01
5.987989072356373343e-01
5.367173425003225473e-01
3.220277474752763491e-01
5.900099134840771642e-01
5.412590914494935790e-01
3.230093266581499645e-01
5.614428064853541622e-01
2.911894340190960273e-01
2.764516087323837801e-01
5.310296809757952818e-01
5.211688818736472939e-01
6.306330680702929570e-01
6.124858588269540549e-01
4.494005393208204135e-01
3.697170571873928391e-01
4.227177789518846707e-01
3.761160696577132145e-01
5.401619356623011958e-01
5.925645574382435443e-01
3.220277474752763491e-01
5.630903813510494960e-01
5.987989072356373343e-01
5.987989072356373343e-01
5.244922291533602454e-01
1.803185194624015164e-01
4.915002973858443869e-01
2.939772351361169545e-01
2.511883459031379884e-01
5.757172302478604786e-01
6.041942166814359139e-01
5.664412210532854264e-01
5.431139229934244250e-01
4.373870934301620217e-01
2.887942576320636778e-01
5.468967734411780413e-01
4.160742804291923669e-01
5.664412210532854264e-01
5.664412210532854264e-01
2.238226187081950314e-01
5.472286877129460825e-01
2.506323738550266800e-01
1.916733707887021687e-01
4.983788727306462385e-01
4.146709390428011122e-01
5.837196429700722833e-01
4.819159048945619306e-01
4.772053659375054546e-01
3.834965764962474655e-01
5.554231404695433305e-01
6.241533265953668197e-01
4.679267918270479387e-01
2.908182622010630491e-01
4.117212853620970670e-01
5.635990815951203992e-01
6.260562744520524747e-01
5.001685600676512022e-01
2.958740883942821975e-01
1.274392573837970499e-01
5.370079011023906057e-01
4.023157813320129561e-01
4.803253342111808433e-01
2.374668911677243477e-01
4.837044525345756685e-01
3.854097620852217077e-01
2.838822198312017098e-01
5.399713717771789101e-01
5.145107155078447736e-01
6.326859654391581156e-01
4.086824047883596545e-01
4.713011986753022908e-01
3.353596029526594857e-01
3.932377254997964089e-01
1.898601433299576813e-01
2.906952330282110419e-01
4.165516701358952245e-01
1.396083121903261837e-01
4.270473926129089159e-01
5.296266683501503758e-01
3.829688858756624126e-01
4.020855805213263134e-01
2.996559423737225059e-01
3.102619897022163564e-01
5.234982121500800778e-01
3.429401616927452157e-01
2.944059597293250397e-01
2.668051461498354149e-01
5.296266683501503758e-01
5.813703895637465369e-01
5.500122693006413988e-01
3.113052064839545996e-01
5.367173425003225473e-01
4.429862727884175677e-01
4.234506076511820316e-01
3.062702049921470770e-01
1.751102902643009163e-01
2.883050150766521269e-01
5.431970839752487956e-01
4.016050524643313691e-01
1.558724138670637693e-01
3.176983979246081891e-01
5.367173425003225473e-01
5.614428064853541622e-01
3.723307710181738006e-01
5.514684168555047394e-01
4.334965653669218266e-01
6.214925613123576387e-01
5.985060538565357691e-01
5.390667902735770678e-01
6.243987182728991669e-01
5.933334278985608057e-01
3.528144390500357885e-01
4.476942721908377942e-01
3.977622705851651119e-01
5.678491421194878930e-01
6.468868585294914597e-01
6.109705167719746699e-01
5.431970839752487956e-01
4.624600715558740416e-01
5.115091176292246855e-01
2.011003240928582181e-01
5.132951112670069982e-01
5.297414242479079327e-01
4.080203738790655899e-01
2.022351302093000069e-01
4.275564084174052759e-01
4.866906221484540995e-01
4.555425493400745984e-01
4.334165257932455773e-01
3.646807222553026251e-01
2.828888932982464577e-01
6.077583752312932797e-01
3.300326319835482636e-01
3.648433413730495234e-01
5.342730482391849778e-01
2.598171749651090878e-01
5.272486039443722294e-01
5.816489751630046223e-01
5.503216301486668627e-01
5.386202903570082023e-01
4.814935252902119434e-01
6.387109174039142800e-01
6.357481155800278616e-01
6.260562744520524747e-01
4.220392129257505287e-01
6.387109174039142800e-01
4.143388427729089440e-01
4.279242919003984902e-01
5.401227213548823736e-01
5.532668653597770936e-01
3.340840595888834863e-01
5.350211428496716159e-01
3.148384564306221933e-01
6.343821650898090470e-01
3.698646416594137953e-01
6.387109174039142800e-01
4.741614113475327019e-01
4.363859923239968852e-01
3.270117373146675943e-01
4.324576327648994023e-01
4.121752980281894185e-01
5.556396835215119401e-01
3.741086687017067813e-01
3.618019061734434327e-01
3.263146891763409885e-01
3.823848970300786076e-01
1.216432799511044244e-01
5.114233999427409971e-01
4.599275504039604390e-01
3.282007463390405611e-01
4.335956765978278837e-01
3.137282063409260191e-01
4.117212853620970670e-01
3.016847299282618411e-01
3.707030649219951735e-01
5.093430934069196336e-01
5.234982121500800778e-01
4.684647502184469126e-01
1.912618708472031970e-01
2.921931697845710496e-01
3.948559128134437879e-01
3.334514677856463272e-01
3.062702049921470770e-01
5.591335725020781799e-01
4.247437493292921529e-01
6.041621097593576906e-01
4.029901343770120881e-01
6.103950639606274819e-01
5.503216301486668627e-01
1.435845949425241797e-01
6.179035605902173378e-01
5.773311148805548854e-01
1.936650997417595499e-01
4.773760651067529559e-01
5.021210186898809047e-01
5.198482814494231885e-01
3.788394493633282512e-01
6.071598455567098762e-01
5.404170319662517930e-01
5.987989072356373343e-01
1.832104405525364355e-01
5.637606992554564656e-01
5.909328765903419933e-01
5.969568376995197934e-01
6.200690815372983389e-01
6.274560775288243741e-01
2.987628344434694605e-01
3.425550597944149178e-01
3.323421802799753078e-01
5.367173425003225473e-01
4.399117329511456065e-01
5.773311148805548854e-01
5.386570949302688094e-01
4.089877430724766505e-01
4.283927512262724613e-01
3.172719142677549176e-01
3.123868133326063168e-01
4.137940446404696493e-01
5.187632537428257251e-01
5.816489751630046223e-01
3.757355680192219216e-01
3.251938361108335229e-01
3.157140331914800591e-01
3.062702049921470770e-01
3.913346197589584463e-01
3.267937563631844733e-01
1.928947942922346892e-01
4.657106803905427528e-01
4.934723167008118194e-01
4.198035811250469540e-01
5.114233999427409971e-01
4.341224525505130161e-01
3.067518279481941113e-01
5.136616466542430759e-01
2.472906138947300603e-01
5.605459872900971918e-01
3.190550235834663240e-01
3.706010756053903510e-01
5.491055791757115667e-01
3.475750821442076255e-01
5.367122920783614637e-01
3.637959476771946421e-01
5.687951461259100894e-01
5.237663029745817100e-01
4.330133778090682894e-01
3.062702049921470770e-01
3.903150932915864790e-01
6.468868585294914597e-01
3.984792593152264306e-01
5.613117468401593868e-01
4.684726818442927487e-01
5.367173425003225473e-01
4.644027092433469228e-01
5.315014036912208972e-01
5.396544419483418897e-01
4.309299715884614690e-01
3.083729601806606269e-01
5.390667902735770678e-01
3.562716660623821974e-01
5.118389637121435465e-01
5.426930275416815830e-01
5.367173425003225473e-01
4.948357160991061487e-01
2.752400122960406703e-01
5.875904715812968471e-01
4.284794787892693413e-01
4.363859923239968852e-01
3.404412546900935643e-01
3.805666378584891540e-01
2.736448374031182906e-01
6.423100649112508664e-01
3.756055964130698976e-01
4.650573197014237770e-01
6.286574414298556901e-01
3.221051391893218208e-01
3.122164085201193928e-01
4.867715900061093115e-01
5.064681905445791443e-01
5.234126971456878330e-01
4.688547025590746875e-01
5.091625342216504757e-01
4.490886110623635297e-01
5.734027553214573469e-01
5.254625026252326414e-01
4.023157813320129561e-01
4.628150384729667333e-01
6.404071170545652114e-01
5.233494613725472311e-01
4.198444556586435894e-01
5.419076072051104420e-01
4.939234232175311323e-01
3.590117161101711307e-01
5.478723908602557424e-01
4.252833295931809365e-01
4.560317607136259443e-01
5.923191657607110860e-01
4.858923018763078860e-01
4.143388427729089440e-01
4.573628364759135256e-01
3.176702338448159080e-01
6.241533265953668197e-01
3.128382221054907819e-01
4.911827969289652707e-01
4.908289987079937911e-01
1.969497818266122691e-01
5.801405514273533237e-01
4.102896830242678261e-01
5.350211428496716159e-01
5.164103048703051480e-01
4.354615313451064007e-01
4.925379655634347098e-01
5.925645574382435443e-01
3.076082514592879402e-01
4.585687740282630154e-01
4.205770334479057015e-01
3.158567857224405806e-01
6.404071170545652114e-01
4.211580518055449418e-01
6.205291569964137555e-01
3.028942736627463495e-01
4.063399250175305788e-01
4.957788351598203525e-01
5.073166211055021302e-01
5.472698211599221763e-01
5.092546136312572358e-01
2.522742138569289971e-01
3.306975697697920324e-01
3.544766916330970852e-01
4.942920040308584895e-01
6.387109174039142800e-01
3.119494212216510354e-01
6.404071170545652114e-01
3.631964759986138769e-01
5.293022057114598056e-01
3.001019457711370242e-01
4.718662440211018327e-01
4.062652028864784381e-01
4.431988302789517942e-01
5.589641325602860977e-01
4.989050413646337057e-01
4.916682005816250256e-01
3.958009951880172572e-01
1.566323242198454924e-01
4.187531285926435198e-01
6.386873775939934106e-01
3.255187244858557261e-01
2.830153592317928846e-01
3.166363815993403774e-01
5.183444299099366770e-01
4.923051162694800920e-01
5.243897722127915939e-01
3.074127409877990824e-01
3.538020772841092842e-01
5.172127224388849420e-01
6.101870617241139660e-01
5.461092186023349671e-01
5.461080397201393266e-01
3.462014944888429646e-01
3.776951078340296530e-01
2.721442389631695269e-01
4.252338512567714890e-01
4.840760813747399527e-01
4.114885137109744462e-01
5.132951112670069982e-01
2.860272286230500782e-01
5.375688954048493118e-01
1.683206741682321816e-01
4.887095825318644726e-01
6.438124959091250377e-01
5.939332712649154633e-01
3.828646792169769775e-01
6.306330680702929570e-01
4.367513827133255866e-01
4.005726428995888821e-01
3.370111981995331241e-01
5.010735077502316281e-01
4.214317626406545170e-01
4.686906492836364624e-01
5.708513734056286371e-01
6.127027731509384623e-01
5.431970839752487956e-01
4.538503619633184050e-01
1.487266991602552435e-01
5.367173425003225473e-01
5.829143806803842587e-01
4.972911876019808775e-01
4.570255642251030426e-01
5.897620829693169808e-01
5.702189724353760036e-01
5.122437163148479966e-01
6.438124959091250377e-01
4.313180687123454038e-01
4.716607478706945633e-01
5.367173425003225473e-01
4.438129387227221501e-01
4.852916277212573348e-01
4.960629019064686784e-01
3.083729601806606269e-01
5.559755400119287261e-01
6.343821650898090470e-01
5.178133749745124081e-01
5.923191657607110860e-01
5.367173425003225473e-01
2.844945152576789926e-01
4.086824047883596545e-01
4.582493653454777216e-01
5.684758537514634780e-01
1.614671138471585055e-01
6.275587054499266459e-01
1.159427745144110122e-01
2.821051193638950960e-01
6.121128571534235618e-01
3.178001198047917808e-01
3.217748089560532598e-01
5.367173425003225473e-01
5.364749002110092979e-01
3.886506413479839939e-01
5.708513734056286371e-01
6.333164429043930399e-01
3.862044859455491252e-01
3.229218860699493154e-01
6.041621097593576906e-01
4.987393459484965041e-01
5.573293686579247064e-01
3.140789005116516597e-01
5.431970839752487956e-01
5.146542850035431549e-01
5.367173425003225473e-01
4.188044634970107261e-01
3.484771291862103770e-01
4.784924042861742333e-01
4.305899590757744644e-01
3.651061395964756984e-01
2.123158919740879280e-01
6.201000794245478120e-01
4.157778601570996657e-01
3.357243414332303777e-01
2.576649287595629834e-01
3.024802488220854624e-01
5.560022357379229563e-01
5.399989171049247583e-01
5.759578131628484421e-01
3.732997362031307276e-01
3.482473768746133236e-01
2.954979621944175960e-01
3.830671195450822131e-01
4.670368651741145793e-01
4.008827942077711204e-01
3.585970662810917808e-01
5.132951112670069982e-01
4.994972686655679839e-01
4.491836716656868456e-01
5.178133749745124081e-01
5.900099134840771642e-01
2.696436610285679047e-01
2.467128019677777284e-01
4.962893678578771395e-01
2.925785747705826889e-01
5.727543212623142921e-01
3.202289868405831519e-01
4.349407560296029152e-01
5.832441683492849416e-01
5.160037156560335347e-01
3.449237744233442093e-01
5.365392483450436290e-01
4.677475016395504226e-01
4.094403275054311342e-01
6.340519159293770413e-01
5.250498747319097825e-01
5.783756202006971048e-01
5.708513734056286371e-01
4.015578586149415319e-01
1.558621648053659936e-01
3.999157717566457770e-01
1.438561776156733751e-01
3.251804127357648677e-01
3.931957213513433413e-01
3.647080761264266946e-01
4.576888384591038528e-01
2.804443096694459459e-01
5.587189766176170469e-01
3.059269758626987912e-01
5.238461904847196982e-01
5.138269641462344106e-01
5.605459872900971918e-01
6.387109174039142800e-01
5.431970839752487956e-01
5.082481970573191621e-01
5.478002262653792753e-01
3.691934277962229949e-01
5.681512541204669642e-01
4.757216137054222083e-01
6.423100649112508664e-01
6.358303234363246181e-01
4.047610978384683089e-01
2.930819716038665645e-01
3.747987875031146832e-01
3.500658566058940657e-01
4.705136067300454972e-01
1.703149637756512513e-01
5.223540203976501095e-01
4.634794499094099240e-01
4.267325996769531504e-01
4.601434548514316547e-01
5.132951112670069982e-01
6.127027731509384623e-01
4.638280471000354455e-01
2.842078568826878482e-01
3.927851479268512080e-01
4.670368651741145793e-01
5.431970839752487956e-01
5.068153697920807499e-01
4.611938923126026602e-01
4.222542567538795644e-01
6.101870617241139660e-01
5.265798690390692816e-01
3.998599729611082565e-01
4.547111092550905620e-01
5.010735077502316281e-01
5.512898641190014937e-01
1.560067254684613935e-01
3.840358690555059074e-01
5.124971252644023867e-01
4.039551190935717906e-01
3.000601341187010829e-01
4.015170017510656386e-01
2.508645302880471162e-01
2.887659457502538829e-01
2.617880649770386592e-01
4.887095825318644726e-01
3.566919007705068867e-01
4.132274393701426130e-01
3.589971392141532158e-01
3.269958194947204522e-01
4.418836811714717538e-01
6.387109174039142800e-01
5.064972871698713019e-01
4.420078834059054107e-01
6.376510634367135166e-01
5.400538165116738343e-01
4.099741868334244588e-01
6.468868585294914597e-01
6.210539418833839198e-01
1.567270892191338916e-01
5.545749460592418467e-01
3.961976580728445163e-01
6.423100649112508664e-01
6.182980980155120543e-01
4.430446622768420828e-01
5.623873975377500223e-01
4.599785682927487462e-01
4.425947371368670891e-01
5.350211428496716159e-01
4.845830368897917628e-01
4.230702380158989917e-01
5.240590147880379579e-01
3.377745426105814297e-01
4.212957927879301123e-01
5.933334278985608057e-01
4.417774641143181191e-01
4.307299819466908763e-01
5.367173425003225473e-01
3.928559444695800540e-01
6.127027731509384623e-01
4.270644964868794413e-01
3.704198402934519851e-01
5.431970839752487956e-01
6.127027731509384623e-01
4.902810022521512656e-01
6.241533265953668197e-01
4.208165029626046993e-01
3.718801309820834455e-01
1.003879559064359550e-01
1.928085159559041473e-01
6.296867818680357276e-01
5.153344386021208035e-01
3.159939059779282022e-01
2.832650013086925322e-01
4.015578586149415319e-01
3.355349243129875925e-01
4.218269024994888428e-01
3.115867286868690411e-01
4.577195246316906330e-01
4.647191473342481283e-01
4.170575629731505529e-01
5.505216463989582865e-01
3.960503599542399833e-01
4.334165257932455773e-01
5.431970839752487956e-01
4.103285651409356860e-01
3.261739349868628124e-01
5.187632537428257251e-01
3.328984096823729977e-01
6.243987182728991669e-01
5.103455197421443712e-01
5.727164269869784441e-01
3.412084309360053358e-01
5.341729484393702432e-01
3.083729601806606269e-01
3.111999624047794843e-01
3.326244518869305167e-01
5.484147548327463761e-01
4.614913646606593201e-01
2.437375192925176903e-01
6.222253566470645758e-01
5.088277611969370673e-01
5.412590914494935790e-01
4.457236389095574070e-01
4.680678827806165621e-01
4.870623491075386502e-01
5.367173425003225473e-01
5.518355414759595901e-01
5.988453114563867530e-01
3.184632247212915712e-01
5.150249014726455687e-01
6.088631715096964880e-01
6.243987182728991669e-01
5.132951112670069982e-01
2.710678970676771993e-01
5.092546136312572358e-01
4.377475362976683271e-01
4.784257448487204689e-01
5.484147548327463761e-01
2.113715438283831904e-01
3.802003237585210860e-01
6.287050981219908241e-01
5.431970839752487956e-01
1.536765466296723948e-01
5.705095748999274852e-01
5.816489751630046223e-01
4.888597250597587207e-01
5.685227727847251833e-01
5.685534650897444697e-01
5.942221136173968521e-01
4.560096825014332556e-01
2.231278132731953634e-01
5.492411443918298053e-01
3.100865811366191327e-01
4.561778890967139177e-01
5.879877638200029510e-01
6.306330680702929570e-01
4.750620015730258050e-01
3.172955704899540486e-01
5.022546491755116582e-01
3.176520257172352757e-01
4.263750889437032954e-01
4.704406767244400100e-01
2.522742138569289971e-01
5.702189724353760036e-01
3.892218783718288666e-01
4.435754116300361094e-01
4.241884435335943060e-01
4.086930755327471965e-01
5.412590914494935790e-01
4.140842866427169033e-01
2.476179702100494706e-01
3.323950888288885741e-01
6.216089325344144045e-01
5.962600790327956535e-01
5.409393570202084556e-01
4.976916269218999433e-01
2.533793736118829520e-01
2.889788205681856903e-01
5.800718198513480361e-01
5.816489751630046223e-01
5.752967214511843785e-01
5.525413556667116977e-01
2.903311225503050763e-01
5.200426309163163063e-01
3.446950237770370906e-01
2.182749447151425826e-01
2.352493387135186353e-01
3.906660493899380415e-01
3.013798286059461429e-01
6.051841001133850817e-01
5.264588754180528074e-01
3.336494856944553500e-01
4.080203738790655899e-01
5.766753346869615271e-01
5.297414242479079327e-01
6.032752775942330503e-01
5.032239190072430590e-01
3.315247058226092336e-01
4.219065095807637555e-01
4.163818787745384165e-01
3.932916457961344037e-01
2.880957612002691404e-01
1.734752623555228523e-01
2.913239906059754691e-01
6.006801040817836279e-01
2.478422784806699197e-01
5.027800545815004352e-01
6.387109174039142800e-01
5.498946404102221797e-01
4.770614040700659197e-01
5.614428064853541622e-01
4.093713143572280111e-01
4.845697480124802059e-01
3.816098475723391226e-01
5.431970839752487956e-01
5.426979328640531008e-01
5.599614795783592891e-01
2.737953893488372925e-01
6.306330680702929570e-01
3.387467804357084389e-01
2.604214712050433866e-01
5.189061951319196009e-01
6.009254957593160862e-01
5.568660128671136800e-01
4.106354174083061137e-01
5.911232966231491082e-01
5.805346067810890354e-01
5.504589249186322419e-01
3.887042161493107217e-01
3.925337230790629794e-01
5.431970839752487956e-01
5.727543212623142921e-01
2.177055829683716692e-01
3.320388733901124545e-01
3.490779946939432388e-01
4.559299134823642241e-01
2.564583172632744490e-01
4.397374439182700212e-01
5.074665460879514978e-01
3.517448931370399934e-01
5.726248396271260699e-01
3.044871214534400905e-01
5.438418886737407254e-01
5.367173425003225473e-01
4.067796949532070383e-01
4.404355827980672711e-01
2.879926399821381988e-01
6.404071170545652114e-01
5.350211428496716159e-01
5.582652799277083577e-01
3.057364131209113767e-01
4.152792729178764186e-01
5.687951461259100894e-01
4.430024254077721824e-01
3.996198660891863153e-01
1.696759246031148971e-01
3.920989891177523168e-01
3.972260803091804404e-01
5.122835122678994768e-01
5.417791872083231874e-01
4.578024912465862295e-01
4.559299134823642241e-01
4.015578586149415319e-01
5.051191701414298185e-01
5.992612511750839976e-01
3.290646998536205792e-01
5.431970839752487956e-01
6.031177377936376427e-01
6.241533265953668197e-01
5.766987139103022519e-01
5.553846859601186958e-01
5.987989072356373343e-01
4.738105480671851444e-01
3.083729601806606269e-01
4.594782276975249991e-01
1.790851999752536838e-01
4.198035811250469540e-01
4.571014077597884140e-01
5.189214185318395955e-01
5.399713717771789101e-01
3.699299095543852611e-01
5.401227213548823736e-01
5.233714109075966459e-01
5.925645574382435443e-01
4.819747628384665750e-01
4.797195900935367630e-01
5.138269641462344106e-01
5.494871875623618118e-01
4.223749991530422188e-01
5.045976978074108166e-01
5.818348305872329540e-01
5.607614933373342714e-01
6.014479332758485564e-01
3.730693289685294012e-01
6.376510634367135166e-01
5.587189766176170469e-01
3.083729601806606269e-01
3.194688298392870940e-01
1.576681537070778738e-01
5.503216301486668627e-01
5.319422441001588897e-01
4.552281882728829721e-01
4.730473127926476118e-01
6.241283045037502308e-01
6.089063423794196517e-01
5.033161395667370419e-01
4.392399176938106553e-01
5.164413146066616500e-01
4.559299134823642241e-01
2.305787297915126155e-01
5.367173425003225473e-01
1.408656693577632069e-01
3.936811330073471948e-01
4.574613385172103253e-01
4.260481002625158831e-01
5.319422441001588897e-01
4.864146450157434409e-01
3.776951078340296530e-01
5.987989072356373343e-01
6.208456077679380680e-01
3.191495514966775082e-01
5.386202903570082023e-01
2.816781970822080372e-01
6.243987182728991669e-01
5.740548653061627871e-01
5.582652799277083577e-01
3.346150868763916875e-01
3.083729601806606269e-01
2.522742138569289971e-01
2.891303752185899745e-01
4.767035618736418789e-01
5.027800545815004352e-01
5.438679833174093758e-01
6.081259795326978690e-01
4.309809782517800558e-01
6.222158823506538372e-01
5.987989072356373343e-01
4.493865535289328639e-01
2.776610166178972716e-01
6.222253566470645758e-01
3.017296179830275538e-01
6.122980118173131370e-01
4.540047641411984469e-01
6.205291569964137555e-01
5.202223074470621045e-01
2.195489677553535135e-01
4.757485405929403055e-01
5.138342098750947606e-01
3.801190706907844330e-01
1.657512247550124440e-01
3.684339837161911824e-01
1.838021132321168427e-01
1.724189290282205633e-01
3.986847735511125923e-01
5.816489751630046223e-01
5.620991104302598407e-01
5.618644274350449441e-01
4.295309805912693180e-01
5.611736870752231932e-01
5.010735077502316281e-01
3.008356337385626467e-01
5.498989966200351631e-01
4.456096095491430265e-01
5.599614795783592891e-01
4.107794455891684016e-01
2.893001168968494796e-01
4.017088572927779988e-01
2.575070155042216147e-01
5.531234937649516237e-01
1.693277141714957246e-01
5.092501705279938173e-01
4.236508958072945363e-01
4.075330845553785108e-01
3.466963748285226687e-01
2.812854959566618573e-01
4.546629874335404442e-01
4.126296793678090880e-01
3.145167233480361535e-01
4.697407750301447193e-01
5.939000289073670391e-01
2.553400742234073206e-01
3.100865811366191327e-01
3.508270415691822630e-01
4.790577723642271413e-01
3.104318811573444359e-01
5.367173425003225473e-01
5.114233999427409971e-01
4.586885925089072003e-01
2.017819927140846736e-01
5.140288237641627012e-01
4.318091987057564030e-01
2.508645302880471162e-01
3.276195148014169334e-01
3.653984416802885105e-01
3.362895263698241766e-01
5.832950302248325336e-01
6.039438496262860001e-01
5.923191657607110860e-01
3.702338758366523486e-01
5.367173425003225473e-01
4.725035854452884765e-01
5.457448365304263804e-01
1.156141496170781102e-01
5.767935959455060546e-01
5.068466063245005149e-01
3.877227359168735066e-01
5.427560180175218241e-01
5.068153697920807499e-01
4.913912759361216409e-01
5.321405488820819540e-01
4.316739181800220426e-01
5.261170335695658506e-01
6.404071170545652114e-01
4.497333760559534266e-01
2.121332614817835471e-01
3.334746364274910335e-01
5.027800545815004352e-01
4.656318942237079872e-01
5.582652799277083577e-01
2.183368948601861481e-01
3.381519716925056596e-01
4.643492354712473458e-01
2.856743318696576828e-01
3.324130671461593134e-01
2.207469000926670366e-01
3.314250189745633901e-01
6.287050981219908241e-01
6.468868585294914597e-01
3.629085797037717720e-01
3.694012477227937574e-01
5.923191657607110860e-01
5.066983730619077919e-01
6.153745827370206145e-01
4.692169369283904490e-01
6.404071170545652114e-01
1.870722722616303124e-01
2.125104811255466575e-01
4.943600266353017636e-01
3.737016719405220067e-01
4.025122475275177414e-01
4.561621366445655079e-01
5.476624415244503163e-01
5.267020489219883528e-01
4.774115917434419987e-01
3.304759779588948287e-01
6.022902141502979312e-01
4.739456251832512845e-01
5.644661574533043069e-01
5.104380571093382057e-01
2.547578239744101580e-01
5.599614795783592891e-01
1.973679206979716827e-01
6.241533265953668197e-01
4.576888384591038528e-01
4.638958882260522110e-01
5.931112668108354802e-01
4.347513686360668927e-01
2.947775775518987618e-01
4.602309180984507364e-01
5.618644274350449441e-01
1.874821376500162839e-01
5.184986397996786955e-01
5.350211428496716159e-01
3.831149435798671954e-01
5.230090193817054089e-01
5.350211428496716159e-01
3.449237744233442093e-01
5.043659781283126309e-01
6.360853209977179734e-01
4.802437213047771603e-01
5.237663029745817100e-01
6.306330680702929570e-01
3.476783951307789722e-01
4.377218105354060973e-01
5.237663029745817100e-01
3.806773331504687552e-01
4.133369632635731095e-01
3.133508011650946168e-01
1.268518677405975903e-01
2.753048578846851724e-01
4.328031047016140942e-01
5.635990815951203992e-01
4.887095825318644726e-01
5.794690473649833917e-01
3.875106348248334442e-01
5.207071948320559640e-01
4.904422146522439130e-01
4.397133864894693378e-01
4.797195900935367630e-01
5.026519451560410578e-01
2.944848641793496036e-01
4.585687740282630154e-01
4.099313594838614461e-01
2.885498583692026608e-01
4.958306787442673391e-01
5.766987139103022519e-01
1.836856245583865510e-01
4.620519728277488469e-01
2.366771605626142583e-01
3.031393015519094347e-01
4.689660209685611036e-01
3.009555117765598808e-01
5.957443686907880620e-01
5.664412210532854264e-01
2.228210873962983563e-01
3.943892093381189956e-01
4.573628364759135256e-01
4.522580342860531566e-01
6.216089325344144045e-01
4.048635338871905964e-01
3.985454215059491823e-01
5.223540203976501095e-01
5.499119348053587153e-01
2.637958724405629063e-01
6.468868585294914597e-01
5.491212364192468165e-01
6.241533265953668197e-01
3.650004133418019991e-01
5.939332712649154633e-01
4.326527317397728112e-01
4.273770355979781277e-01
4.232501778254845748e-01
5.695701228259757443e-01
4.919764746378821885e-01
5.132951112670069982e-01
5.431970839752487956e-01
5.026519451560410578e-01
3.801770837102164680e-01
3.172719142677549176e-01
3.404412546900935643e-01
4.316739181800220426e-01
2.113999318978714292e-01
6.097608937316256750e-01
3.209498249712892104e-01
3.783821374485450972e-01
4.408212791265929686e-01
4.877136833915011738e-01
3.809976867475584061e-01
5.456439176870830909e-01
5.123326241135117698e-01
3.280337992830339444e-01
4.381434255605434203e-01
3.931386298598204543e-01
6.243987182728991669e-01
1.947830750333868766e-01
5.026165946968622622e-01
3.280337992830339444e-01
3.617407202957939605e-01
5.524201907533430322e-01
4.354822635403327036e-01
5.805346067810890354e-01
6.241533265953668197e-01
2.104225705812908520e-01
5.553846859601186958e-01
2.538486239176113157e-01
3.646565451920982248e-01
4.193682240462294764e-01
5.119652600163704381e-01
5.104567680963847387e-01
4.812620291850515652e-01
4.393324495522092921e-01
6.468868585294914597e-01
5.165558110713421858e-01
4.445545199623055499e-01
6.098137719301949256e-01
2.842460341853750849e-01
3.057457404468209017e-01
3.013853396879222490e-01
5.198482814494231885e-01
5.319422441001588897e-01
6.039187163193681096e-01
4.351163454499894501e-01
2.889619127241764285e-01
5.562528232488246349e-01
5.865515613262742844e-01
3.328984096823729977e-01
3.681288369926354886e-01
1.695067045973769615e-01
3.043383783674327714e-01
3.547918171755619077e-01
2.009437189165532989e-01
2.838066581805327449e-01
6.039438496262860001e-01
4.391372615011551739e-01
5.721219202920617697e-01
5.297734180837730955e-01
4.783251382397375462e-01
3.925337230790629794e-01
3.590117161101711307e-01
6.404071170545652114e-01
3.328984096823729977e-01
6.016462380577716207e-01
5.226069815756916315e-01
5.205085652390888384e-01
3.062702049921470770e-01
5.002540750720433360e-01
2.811341456513816173e-01
4.230869390202354197e-01
4.099589239364815896e-01
1.670651247171719422e-01
4.439945685891318883e-01
5.681396333687378508e-01
5.618644274350449441e-01
2.789455421243900446e-01
2.909188779567249417e-01
4.420330780371484747e-01
3.310532795427348352e-01
3.977389877137724183e-01
5.748906480888202886e-01
4.675570463712411806e-01
2.207258507779222556e-01
5.593999225472630066e-01
5.431970839752487956e-01
6.241283045037502308e-01
6.219254905715380088e-01
3.220277474752763491e-01
5.579617696281773398e-01
5.386202903570082023e-01
5.607049051210354351e-01
5.764346392054580104e-01
2.973034113381289867e-01
2.904607738148130003e-01
6.216089325344144045e-01
5.350211428496716159e-01
4.457707243500131922e-01
5.618644274350449441e-01
2.853886538523520144e-01
4.047158174119613872e-01
3.977389877137724183e-01
6.243987182728991669e-01
5.925645574382435443e-01
5.412974946127883102e-01
1.957810638780829171e-01
2.799061077477186243e-01
5.321405488820819540e-01
2.053284358097529627e-01
4.830340394215554833e-01
4.538503619633184050e-01
3.928070889388588505e-01
5.866877203489506698e-01
6.120540214525792555e-01
4.683824947578434927e-01
5.263377105046840310e-01
4.198445740457729114e-01
5.313503638533288997e-01
3.977389877137724183e-01
3.032064566770013014e-01
4.599785682927487462e-01
5.514684168555047394e-01
3.672317912091941916e-01
3.267755233940551896e-01
4.152792729178764186e-01
3.711310237926556677e-01
2.327104695585004712e-01
5.141780792720730409e-01
6.243987182728991669e-01
6.306330680702929570e-01
4.138607325573557816e-01
3.974764901874183742e-01
3.062702049921470770e-01
4.851188158770400882e-01
3.996198660891863153e-01
4.945360733896382865e-01
5.165558110713421858e-01
4.517781851620948363e-01
4.849462891389648145e-01
1.867589962192349462e-01
4.257502216148205121e-01
3.083729601806606269e-01
5.662366855120521958e-01
3.083729601806606269e-01
2.898357901775916456e-01
4.407699680243790108e-01
5.276932069644439949e-01
4.685424009498113662e-01
5.637606992554564656e-01
5.205085652390888384e-01
5.766987139103022519e-01
3.776951078340296530e-01
5.002540750720433360e-01
4.079294199267338716e-01
5.532668653597770936e-01
5.367173425003225473e-01
6.468868585294914597e-01
6.356320186544015538e-01
4.117212853620970670e-01
1.998398886521797757e-01
5.431970839752487956e-01
5.088546481716740288e-01
5.431970839752487956e-01
5.979290259454890233e-01
5.031811776156747129e-01
6.062230316760122140e-01
5.301196487790865719e-01
3.275082371362278422e-01
5.259970073137930635e-01
3.172719142677549176e-01
3.144029841868009600e-01
6.024248279039210452e-01
2.784457823432828216e-01
1.519312126824698683e-01
5.431970839752487956e-01
6.468868585294914597e-01
5.355459277366418913e-01
3.843188033809303850e-01
4.299530549252076894e-01
5.367173425003225473e-01
5.925645574382435443e-01
2.737953893488372925e-01
3.962016884322180910e-01
4.749106400422758445e-01
4.102626006432067429e-01
4.230696969066845559e-01
3.819731354727723405e-01
5.420734612329766167e-01
5.766753346869615271e-01
3.930072428050933042e-01
3.331327921883948662e-01
2.902093247491133732e-01
2.883977625056444172e-01
1.216773597494790332e-01
4.334196456423005661e-01
4.261766128694279843e-01
4.418836811714717538e-01
2.803427869374096604e-01
4.146490430366117086e-01
5.367173425003225473e-01
2.786859523065019495e-01
4.803253342111808433e-01
3.630797991943268688e-01
4.129357206989346385e-01
4.576888384591038528e-01
6.173998234588988776e-01
5.664412210532854264e-01
3.883761713385175396e-01
3.481224141146087581e-01
4.515775199133527096e-01
4.870623491075386502e-01
5.400538165116738343e-01
5.497687078943647165e-01
3.207496674671710957e-01
4.333914532909550199e-01
4.125345506840909504e-01
5.069872708141608397e-01
5.718578455872175281e-01
2.985533397391860744e-01
3.834952697684249623e-01
5.866495472038447678e-01
5.474402025860138910e-01
4.561621366445655079e-01
5.525877811950655749e-01
4.586494982516503005e-01
2.886603689606301870e-01
4.797195900935367630e-01
3.100865811366191327e-01
3.729135466815158284e-01
5.206773576375836043e-01
3.221816968925458879e-01
5.386202903570082023e-01
2.843633298456479941e-01
5.431970839752487956e-01
5.092501705279938173e-01
6.127027731509384623e-01
5.704600487513323825e-01
2.853886538523520144e-01
5.536884863094678755e-01
4.339934544420372409e-01
1.964511160091012287e-01
5.388214316488164624e-01
5.386208000764833859e-01
3.287349351553569554e-01
5.908658328884306421e-01
5.223540203976501095e-01
3.235049397715449859e-01
2.508645302880471162e-01
2.367845005824941174e-01
3.034070756726507390e-01
5.897239098242111899e-01
3.991991761259023885e-01
3.927117910415792168e-01
5.010735077502316281e-01
5.104380571093382057e-01
5.412590914494935790e-01
5.343881059773495368e-01
5.816489751630046223e-01
5.122835122678994768e-01
3.928830739352501267e-01
4.381854851087681468e-01
5.718879773463294569e-01
5.238277387228711390e-01
5.276262385147553191e-01
5.556307594809947181e-01
3.083729601806606269e-01
5.498989966200351631e-01
4.412809320715022632e-01
2.076008386112476178e-01
1.468532020508542535e-01
2.744452900987457422e-01
6.134831359976602450e-01
6.234247754236550421e-01
3.597851324699510855e-01
4.015578586149415319e-01
4.703275601610139578e-01
6.387109174039142800e-01
6.468868585294914597e-01
5.955528410783056392e-01
4.571014077597884140e-01
5.234126971456878330e-01
6.096284105305720402e-01
4.431988302789517942e-01
4.676865825746849281e-01
4.748766367433983060e-01
5.489171850283632859e-01
3.611563112226738870e-01
6.243987182728991669e-01
6.216089325344144045e-01
5.925645574382435443e-01
3.605930614323256123e-01
5.630903813510494960e-01
5.214271874146523267e-01
4.886146740960190527e-01
3.133508011650946168e-01
3.083729601806606269e-01
4.925706433214340207e-01
5.987989072356373343e-01
5.637606992554564656e-01
4.679425319103917569e-01
6.201000794245478120e-01
5.019204935516307087e-01
3.119262462394947200e-01
4.670368651741145793e-01
5.773311148805548854e-01
6.306330680702929570e-01
5.810773653080509860e-01
4.099313594838614461e-01
4.936847246223564634e-01
4.955305801560030421e-01
5.794690473649833917e-01
5.908658328884306421e-01
3.663454523410982766e-01
3.614936584138884190e-01
4.458290924268936695e-01
5.939332712649154633e-01
4.265192666935551102e-01
4.489872515153957022e-01
5.222753664419027553e-01
5.695701228259757443e-01
5.431970839752487956e-01
5.386202903570082023e-01
1.599891257898169161e-01
6.064684233535445612e-01
5.755822158073333750e-01
5.319422441001588897e-01
4.157016318382591447e-01
4.503563218546696167e-01
5.024935737352335119e-01
1.790851999752536838e-01
5.250498747319097825e-01
4.765066203626477925e-01
4.816030766236794047e-01
5.195174185260423849e-01
3.334514677856463272e-01
4.500636294779063462e-01
4.350552747373437890e-01
4.390066554480871464e-01
5.367173425003225473e-01
5.556307594809947181e-01
1.751441999136582328e-01
5.139218461814381023e-01
5.691551737549778167e-01
2.668051461498354149e-01
5.367173425003225473e-01
3.517234325335588108e-01
4.888562892345200694e-01
5.319422441001588897e-01
2.163785462963785100e-01
5.773311148805548854e-01
6.468868585294914597e-01
4.222012629745483525e-01
4.623204143442385394e-01
9.864909822372308623e-02
4.179642420804897118e-01
4.164176966498019383e-01
4.705616219096336872e-01
4.034665575499875589e-01
3.900643448822860848e-01
5.908335546740003386e-01
3.635473600668682748e-01
2.096800990995980052e-01
5.158425675945124134e-01
5.470104400526184518e-01
4.145773110380760462e-01
3.678546334841344412e-01
4.180869734665765836e-01
3.299153665696797355e-01
5.288678814797925787e-01
3.407261443260332090e-01
5.319422441001588897e-01
2.808742239545611863e-01
5.293448229992244736e-01
4.365022893332263787e-01
2.860929189282880869e-01
5.187632537428257251e-01
4.068569968634950795e-01
5.538690317747184677e-01
3.172719142677549176e-01
4.205615038421184337e-01
6.468868585294914597e-01
6.241283045037502308e-01
3.387467804357084389e-01
5.554231404695433305e-01
5.396544419483418897e-01
4.892943685936747000e-01
3.013853396879222490e-01
6.404071170545652114e-01
6.306330680702929570e-01
4.345857305945525217e-01
5.367173425003225473e-01
4.479894922731304518e-01
3.753077748281787307e-01
2.986145076352961225e-01
4.195504238131046448e-01
5.571193401201941509e-01
5.238277387228711390e-01
5.554458298461963928e-01
6.183728818866475185e-01
5.478819851028888799e-01
5.729811457011758646e-01
5.366822978312529857e-01
5.535285127646818459e-01
1.955607405452597092e-01
6.333164429043930399e-01
3.547045608721552390e-01
3.452789335246354563e-01
5.062651307368508657e-01
4.018097856985584082e-01
4.905193823765934824e-01
5.738902451445057062e-01
3.083729601806606269e-01
2.233499682284882104e-01
6.112637228179154114e-01
5.346675370207777389e-01
4.564187939124390025e-01
4.080556157214312307e-01
3.600730114068910193e-01
5.315014036912208972e-01
5.160797709155497959e-01
5.035438426064801076e-01
2.780427659465556922e-01
5.190038026695861229e-01
5.505979814637003145e-01
3.453099789122520691e-01
3.925337230790629794e-01
5.480952045843155984e-01
4.475714653446491997e-01
3.354676548544082704e-01
3.059711936114092312e-01
5.879877638200029510e-01
4.214834748455304481e-01
5.164103048703051480e-01
5.107598472547284496e-01
5.218777581230734652e-01
3.773919656883283347e-01
3.290646998536205792e-01
2.889233185200180132e-01
5.536884863094678755e-01
4.482497493828273560e-01
3.506303543982280391e-01
5.952135834784547663e-01
5.404170319662517930e-01
3.626006122691401434e-01
2.508645302880471162e-01
5.359271574715693820e-01
5.472698211599221763e-01
5.000219186390230108e-01
5.591839056372159833e-01
5.503216301486668627e-01
1.965861260841678948e-01
3.346150868763916875e-01
3.216598845723108724e-01
2.144236535142000633e-01
5.301703430001657447e-01
5.549630650104279139e-01
2.522815279780028508e-01
4.191081577695171534e-01
4.255841973339974937e-01
5.966765251449029916e-01
2.806241172679441731e-01
4.310058089907143342e-01
6.358303234363246181e-01
5.330831503239165103e-01
3.300944258035325429e-01
5.717263979357419812e-01
5.229135090320180534e-01
3.900025384856181110e-01
6.247778394904383026e-01
6.404071170545652114e-01
5.322349559136150265e-01
5.585135877328090137e-01
2.370411032821122255e-01
5.165558110713421858e-01
5.465423593784670686e-01
2.398140303399872997e-01
2.883977625056444172e-01
3.113286215664345935e-01
3.236968211942013451e-01
5.460278572296036748e-01
2.914721251260107837e-01
4.069517405551790201e-01
3.817124279930742548e-01
2.182349270590648871e-01
3.812614470353120621e-01
