3.172719142677549176e-01
4.015292586127433005e-01
6.306330680702929570e-01
6.423100649112508664e-01
4.381854851087681468e-01
4.015578586149415319e-01
5.607049051210354351e-01
3.392047120379937941e-01
2.908182622010630491e-01
2.805113150176691827e-01
5.708513734056286371e-01
4.688352004882342383e-01
6.423100649112508664e-01
5.955528410783056392e-01
5.339549656169754188e-01
6.468868585294914597e-01
4.068569968634950795e-01
6.326859654391581156e-01
5.407748074334949306e-01
6.404071170545652114e-01
4.233689197004347204e-01
2.797967938121470044e-01
6.151131744969836612e-01
4.572559657430300128e-01
4.021739272543851107e-01
6.422278570549541099e-01
3.904994015758500026e-01
3.997163933832750815e-01
5.372532927799229530e-01
3.771770000227289144e-01
4.091289469043792870e-01
3.134836373448058877e-01
4.651372758116541495e-01
2.622283525315948771e-01
3.083729601806606269e-01
5.766987139103022519e-01
5.165558110713421858e-01
4.987393459484965041e-01
5.766987139103022519e-01
5.299078272843932291e-01
4.588876191508945435e-01
3.088201083681034742e-01
6.243987182728991669e-01
3.401545162816611567e-01
5.051191701414298185e-01
6.176485630288240936e-01
3.287349351553569554e-01
2.352775076784690278e-01
5.350211428496716159e-01
5.706547624223529125e-01
6.153745827370206145e-01
5.942221136173968521e-01
3.110455660475133777e-01
1.939802913897680781e-01
4.647191473342481283e-01
4.982978062343731973e-01
3.357243414332303777e-01
5.571193401201941509e-01
5.207071948320559640e-01
2.668051461498354149e-01
2.898074460745262981e-01
6.101870617241139660e-01
1.765110479217538997e-01
5.400538165116738343e-01
4.147914304279889386e-01
4.397481663206059821e-01
4.944945436212187517e-01
5.706547624223529125e-01
4.675762669738233179e-01
4.766910638722451354e-01
5.803743630974540491e-01
5.599614795783592891e-01
6.064684233535445612e-01
5.685227727847251833e-01
5.748906480888202886e-01
3.353596029526594857e-01
5.304443492314311337e-01
5.671684055240635569e-01
3.456012510592216258e-01
4.280138502566060432e-01
4.348277991173012391e-01
2.657776377498831111e-01
5.611196620078349184e-01
5.888072611485813956e-01
6.148206558031819036e-01
5.293448229992244736e-01
4.987393459484965041e-01
4.669773733029916052e-01
5.051191701414298185e-01
3.135551025305575723e-01
4.255599184100496979e-01
2.634485604622763266e-01
3.840861778687926220e-01
3.440931643994793454e-01
3.075471751339073911e-01
5.213314404985854855e-01
4.140842866427169033e-01
3.083729601806606269e-01
3.628158997315371059e-01
2.612379165570825057e-01
6.139763019586648163e-01
6.241533265953668197e-01
4.233613232795863102e-01
4.230869390202354197e-01
5.368123024901768625e-01
5.816489751630046223e-01
2.104987277015505365e-01
2.964294886710164834e-01
6.241533265953668197e-01
5.218897461971159224e-01
2.004307398976223342e-01
4.024710452725701049e-01
5.324318371396793426e-01
3.793672207449312883e-01
5.051554649952153531e-01
6.127027731509384623e-01
5.900099134840771642e-01
4.428214829974408406e-01
7.682104208895151887e-02
5.319422441001588897e-01
4.970148219432917736e-01
5.237663029745817100e-01
6.404071170545652114e-01
5.164103048703051480e-01
5.350211428496716159e-01
3.695949037051154962e-01
5.759578131628484421e-01
5.040740622838084661e-01
3.707030649219951735e-01
1.866761130677852265e-01
3.328984096823729977e-01
6.333164429043930399e-01
3.607841949060947018e-01
4.117212853620970670e-01
4.983160825462881749e-01
6.333164429043930399e-01
3.696174277139698261e-01
6.423100649112508664e-01
5.984107954562790654e-01
4.661603168904315808e-01
4.206832805435847256e-01
5.144593651164869330e-01
5.431970839752487956e-01
5.293448229992244736e-01
4.984403570186980437e-01
4.079950048372843474e-01
4.099313594838614461e-01
5.115564622948785001e-01
4.559692624954191364e-01
4.019676268198631441e-01
4.462040527370044196e-01
5.068466063245005149e-01
3.079080878081077999e-01
6.306330680702929570e-01
3.280337992830339444e-01
3.172719142677549176e-01
4.392438974346311586e-01
4.380179435186265513e-01
5.979188976615298357e-01
6.326859654391581156e-01
5.169177985842644540e-01
6.287050981219908241e-01
3.661984005591895630e-01
3.043383783674327714e-01
1.684203654856779864e-01
5.209893955522489906e-01
6.468868585294914597e-01
4.260816969499360840e-01
5.100082502977012489e-01
5.237663029745817100e-01
5.571193401201941509e-01
5.630903813510494960e-01
4.778057644449116848e-01
3.156479818003006810e-01
5.110128834771135997e-01
5.259970073137930635e-01
4.260353530141164358e-01
5.367173425003225473e-01
5.010735077502316281e-01
6.047755584989051858e-01
5.321405488820819540e-01
3.637959476771946421e-01
2.618156255838960944e-01
4.326356692337368637e-01
5.635990815951203992e-01
3.063471641098517440e-01
5.743574919117750976e-01
3.655148622736239528e-01
4.878976438940836879e-01
2.352493387135186353e-01
3.713388203328312209e-01
5.706547624223529125e-01
4.463786091023617120e-01
4.787353122246001957e-01
5.353529309388452839e-01
3.067382189371175572e-01
2.892855494593291610e-01
5.634788539045305633e-01
4.280421714929738553e-01
4.732165613817574390e-01
5.532668653597770936e-01
6.287050981219908241e-01
4.969811249542211984e-01
1.662906994163346197e-01
4.558176230303550569e-01
4.590042761027305351e-01
5.503216301486668627e-01
5.431970839752487956e-01
4.899177500029782140e-01
5.695897875621870332e-01
6.196809625861122717e-01
4.248131761568408882e-01
4.906030376948419258e-01
4.755694458117668555e-01
6.404071170545652114e-01
3.754991068264579290e-01
3.377745426105814297e-01
5.706547624223529125e-01
5.431970839752487956e-01
2.737953893488372925e-01
2.962853816000478591e-01
4.506513946546424343e-01
6.260562744520524747e-01
1.583126295408839590e-01
5.124040827510727425e-01
4.316739181800220426e-01
2.987805593561561612e-01
6.309730171798642040e-01
3.199919039854658420e-01
5.301196487790865719e-01
5.264588754180528074e-01
4.884115500536586607e-01
5.818883305520951010e-01
5.215419433124098836e-01
5.431970839752487956e-01
4.781895344620522015e-01
3.558122865823870606e-01
3.940764084033339665e-01
5.446395241922363795e-01
5.734027553214573469e-01
6.241533265953668197e-01
5.406313180751773917e-01
4.010653831242618761e-01
3.448016024398298240e-01
3.253817311405391988e-01
5.933522323272485410e-01
3.049374890640116909e-01
5.703283927010910359e-01
5.177523297270526514e-01
5.695701228259757443e-01
5.164103048703051480e-01
5.470142371716776308e-01
5.334338790025674459e-01
1.954407024403800042e-01
5.630903813510494960e-01
3.083729601806606269e-01
2.696436610285679047e-01
6.306330680702929570e-01
4.334165257932455773e-01
6.306330680702929570e-01
5.387208323156009726e-01
5.635990815951203992e-01
3.304739405361477589e-01
5.025012476949742846e-01
5.594986372488466309e-01
1.830817494814443447e-01
4.368221295729571851e-01
3.259288605327884114e-01
5.850533250161770171e-01
2.891011239312711867e-01
2.567705142054269585e-01
5.773311148805548854e-01
5.438418886737407254e-01
2.310606242376226360e-01
6.106404556381598292e-01
5.255625350722292755e-01
5.741360676514069006e-01
3.158210221036138465e-01
5.431970839752487956e-01
5.805346067810890354e-01
3.674873051421927994e-01
4.300747784096325410e-01
5.224152770581222960e-01
4.966515983814301372e-01
6.036786376150599098e-01
4.150037333706041998e-01
5.238277387228711390e-01
2.701921372692998036e-01
5.832950302248325336e-01
5.418863355637022483e-01
2.043862117723667382e-01
1.520830164759373604e-01
1.999650822618895263e-01
1.587760153702203192e-01
4.412809320715022632e-01
5.755019558818448289e-01
4.117212853620970670e-01
4.850498479425343068e-01
5.527525750396841131e-01
5.928194962738000395e-01
2.738280007934139060e-01
3.117100600119466214e-01
6.468868585294914597e-01
5.966765251449029916e-01
4.637690437447226643e-01
4.495506854865983781e-01
6.096284105305720402e-01
5.813703895637465369e-01
2.791124554000480873e-01
6.134831359976602450e-01
3.893953242472040222e-01
3.000571476240682656e-01
4.150973986896220325e-01
5.561276015754407220e-01
5.194520863964389168e-01
5.330831503239165103e-01
3.259962486903156820e-01
5.164103048703051480e-01
5.484147548327463761e-01
4.301382238288134485e-01
6.243987182728991669e-01
3.280337992830339444e-01
4.143388427729089440e-01
4.027994048122724435e-01
5.110128834771135997e-01
4.316739181800220426e-01
5.639459791664845900e-01
5.370491305894962153e-01
5.900099134840771642e-01
5.733326872909229044e-01
5.119790174531015925e-01
5.549630650104279139e-01
6.468868585294914597e-01
1.952412293780937669e-01
3.954837279714526477e-01
4.250267787593903224e-01
3.081920453143058292e-01
3.545475972083972360e-01
4.203832524263244608e-01
3.328984096823729977e-01
5.442880957926419239e-01
5.296266683501503758e-01
4.653437690540118687e-01
5.165558110713421858e-01
4.684647502184469126e-01
4.811312053786596099e-01
3.582494370793471994e-01
5.381847288291272680e-01
3.565719219111616045e-01
5.787663647684536672e-01
5.773311148805548854e-01
4.316739181800220426e-01
5.857620892187854755e-01
5.819747677080336912e-01
4.318265675215992583e-01
6.241533265953668197e-01
3.083729601806606269e-01
4.989050413646337057e-01
5.431970839752487956e-01
5.064681905445791443e-01
5.923191657607110860e-01
4.075695570418277347e-01
1.798285797845348699e-01
4.352360675786855482e-01
6.378627229936129073e-01
2.860723568820791041e-01
5.396544419483418897e-01
4.493083776950421715e-01
4.292087757271381143e-01
3.086111488484810650e-01
5.932658586783652321e-01
1.568150792317117015e-01
5.611736870752231932e-01
6.468868585294914597e-01
2.962634995217560130e-01
6.343821650898090470e-01
6.127027731509384623e-01
4.104127848508541399e-01
3.328984096823729977e-01
5.330445124651537192e-01
4.014671484008172087e-01
5.676745783744236995e-01
5.275665659967221366e-01
5.130054082951834848e-01
3.660191045510780561e-01
5.660102711146526300e-01
2.497802710064251086e-01
5.539576824269749622e-01
4.573628364759135256e-01
5.068153697920807499e-01
5.170841827037544469e-01
6.243987182728991669e-01
6.170626524451945372e-01
5.323955464434753093e-01
4.878202718246100744e-01
3.011829105852867339e-01
5.848880365233157796e-01
3.789567843127450431e-01
3.297401177591464116e-01
3.101815444525385379e-01
4.757963793871391456e-01
3.144303662255388265e-01
3.710765772504566185e-01
6.043800827074967685e-01
4.633798340520658976e-01
4.552602393794313307e-01
4.879379960275820327e-01
3.172719142677549176e-01
5.350211428496716159e-01
6.306330680702929570e-01
4.030733441064779377e-01
3.678546334841344412e-01
6.168748054355536192e-01
2.646507292710595372e-01
3.706978607734631725e-01
4.798945557727792854e-01
4.213270892934610767e-01
3.558122865823870606e-01
4.363859923239968852e-01
5.330138153789157895e-01
6.358303234363246181e-01
5.122835122678994768e-01
3.127518338011331944e-01
3.815054784561618950e-01
6.423100649112508664e-01
3.883868132916541427e-01
4.790366898927709838e-01
5.132951112670069982e-01
6.128984867202769138e-01
5.876900591670876084e-01
3.281904519597059200e-01
5.347793499745673307e-01
5.583152829508858384e-01
5.431970839752487956e-01
3.514625264254110926e-01
1.566323242198454924e-01
4.797195900935367630e-01
5.350211428496716159e-01
2.979768325652050742e-01
4.818043817241933757e-01
1.572614652305511507e-01
4.153252701114103496e-01
4.874498803845990214e-01
5.431970839752487956e-01
6.404071170545652114e-01
6.333164429043930399e-01
6.134831359976602450e-01
3.782803932213616438e-01
5.631282982852038321e-01
2.443327764308704797e-01
5.386202903570082023e-01
6.423100649112508664e-01
4.601434548514316547e-01
5.498989966200351631e-01
3.855231093944134213e-01
3.516826880283193124e-01
3.259962486903156820e-01
5.035694712892175851e-01
5.386202903570082023e-01
4.473518236472904808e-01
3.741086687017067813e-01
6.306330680702929570e-01
4.768681663404293336e-01
1.649764241285175681e-01
4.097810885906426059e-01
3.797868082215772323e-01
4.502083813897444498e-01
5.607614933373342714e-01
6.241533265953668197e-01
4.512529173720492559e-01
2.914721251260107837e-01
3.198398080179680192e-01
4.239996212593050706e-01
6.468868585294914597e-01
3.122302554487894066e-01
5.468967734411780413e-01
6.468868585294914597e-01
3.042751001869621885e-01
2.508645302880471162e-01
3.847183661787585418e-01
5.269583064384136817e-01
2.827258484441679265e-01
5.973455743633568904e-01
6.408619065647351842e-01
4.099735638198571674e-01
5.429649275422283594e-01
3.776916715930329072e-01
2.871500438590819382e-01
3.447350475655472923e-01
3.334116873195853703e-01
5.669230138465310986e-01
6.468868585294914597e-01
5.545764658631092692e-01
2.352137650961601822e-01
5.431970839752487956e-01
3.925337230790629794e-01
4.363859923239968852e-01
2.898824994608735772e-01
5.223540203976501095e-01
3.721305299466702854e-01
5.125121420325284838e-01
5.051191701414298185e-01
4.960629019064686784e-01
5.573292961081298680e-01
5.706547624223529125e-01
4.766122023492481707e-01
5.303611899126393636e-01
4.160231994491068730e-01
3.957332770224692986e-01
3.062702049921470770e-01
4.396258030883488654e-01
5.354221234866842760e-01
3.243161987487124809e-01
4.948758048498251294e-01
2.885261419660133386e-01
5.028948104792579921e-01
5.431970839752487956e-01
2.948685994806857780e-01
3.644521298049663294e-01
2.939480329082582721e-01
1.558621648053659936e-01
1.137269322812991118e-01
4.844485253087305598e-01
5.367173425003225473e-01
5.367173425003225473e-01
4.721196390427586098e-01
5.401227213548823736e-01
5.925645574382435443e-01
5.102752807310761973e-01
4.476990551763777026e-01
3.036393592237213723e-01
5.236798115622063321e-01
5.367173425003225473e-01
5.840151087654235074e-01
6.109705167719746699e-01
6.151291910594881562e-01
5.431970839752487956e-01
5.068153697920807499e-01
5.794801888515207500e-01
5.350211428496716159e-01
3.246380795293763999e-01
3.853209327609061763e-01
3.241973660306095018e-01
4.315253974206780807e-01
4.412809320715022632e-01
5.695701228259757443e-01
5.525425465019536686e-01
5.939332712649154633e-01
5.578988783106525462e-01
4.725035854452884765e-01
5.187632537428257251e-01
4.070304383734097975e-01
4.062373088415957012e-01
2.128116687922491090e-01
4.316018414140518344e-01
2.883977625056444172e-01
4.490971351435536496e-01
3.844214718384508789e-01
5.321405488820819540e-01
3.133662306771106132e-01
4.751427964752962252e-01
6.387109174039142800e-01
2.757733821727679779e-01
4.154209748280263681e-01
1.692297973097758035e-01
2.895534172295907149e-01
3.806668023086940966e-01
4.118293676141898674e-01
3.269958194947204522e-01
3.183060171114471260e-01
6.174502582469009182e-01
3.950833739858910509e-01
4.307968140277108060e-01
3.544069854160807331e-01
3.637959476771946421e-01
3.253817311405391988e-01
3.080068009505983473e-01
4.511430052644589961e-01
5.324987507092939776e-01
4.133369632635731095e-01
4.538503619633184050e-01
5.431970839752487956e-01
3.059718648529203833e-01
5.350211428496716159e-01
4.237521944456953404e-01
4.175817250544325288e-01
5.027800545815004352e-01
5.068153697920807499e-01
5.176628570170210830e-01
5.522392351426907986e-01
5.164103048703051480e-01
5.820434992840389787e-01
4.970148219432917736e-01
3.522537833825791775e-01
4.013744564755361011e-01
1.767232335166351864e-01
5.472698211599221763e-01
2.508645302880471162e-01
2.077261291965426526e-01
4.506017135322019640e-01
5.431970839752487956e-01
4.205615038421184337e-01
5.923191657607110860e-01
4.062579676555109209e-01
4.806069735539502119e-01
6.127027731509384623e-01
3.064800646281346519e-01
5.107598472547284496e-01
4.079654324807447385e-01
5.243897722127915939e-01
4.054858017922655100e-01
3.789335706650820423e-01
4.468082785059345752e-01
5.614428064853541622e-01
2.467128019677777284e-01
2.914721251260107837e-01
5.366822978312529857e-01
5.703941352879147164e-01
2.696436610285679047e-01
3.221816968925458879e-01
3.631184200070060042e-01
3.066247592692895041e-01
5.431970839752487956e-01
3.478740375015365593e-01
5.431970839752487956e-01
1.670161943499861856e-01
3.269958194947204522e-01
1.647261083155580064e-01
5.766987139103022519e-01
5.873942270888182771e-01
3.614232407307612083e-01
5.671684055240635569e-01
5.367173425003225473e-01
6.241533265953668197e-01
6.241533265953668197e-01
4.332885009745669480e-01
3.415311337744443287e-01
5.321405488820819540e-01
6.241533265953668197e-01
5.124971252644023867e-01
5.090026451797058371e-01
4.621888547498848032e-01
5.176454262532158568e-01
4.129357206989346385e-01
4.194103054217563908e-01
2.737953893488372925e-01
4.143388427729089440e-01
5.695701228259757443e-01
6.287050981219908241e-01
2.650204600713919612e-01
3.894486273505886054e-01
5.600191323433661994e-01
5.961033104635431457e-01
5.276206116441382044e-01
4.792137298932951373e-01
6.127027731509384623e-01
4.112597530864720574e-01
5.296266683501503758e-01
5.558558983324319858e-01
5.431970839752487956e-01
6.287050981219908241e-01
4.943282477463931679e-01
4.476942721908377942e-01
4.051561171274430939e-01
5.942221136173968521e-01
5.068153697920807499e-01
4.405495329565566331e-01
4.665453102758883031e-01
3.328984096823729977e-01
4.404890869205108084e-01
4.588587033803918080e-01
5.973422951749961518e-01
5.349050298134174763e-01
4.830691979044147710e-01
2.761806036512254869e-01
3.945142444400392967e-01
4.353992244795818478e-01
5.794801888515207500e-01
2.498002743776384094e-01
2.467128019677777284e-01
2.819528913931890202e-01
4.492810811985408770e-01
6.104541730224464224e-01
6.127027731509384623e-01
5.035694712892175851e-01
5.881252389250599677e-01
3.480679901272886179e-01
4.469619754540758438e-01
2.577911669615902124e-01
4.990503847963602690e-01
3.439216959737401713e-01
5.805346067810890354e-01
4.820680431654500997e-01
5.304443492314311337e-01
5.146576645974938469e-01
5.852284916105389145e-01
5.255091733469474669e-01
5.158742789227238612e-01
5.813703895637465369e-01
2.701921372692998036e-01
3.830671195450822131e-01
2.980674455958650104e-01
5.223540203976501095e-01
2.106325860226400115e-01
6.287050981219908241e-01
5.532668653597770936e-01
5.209085501353649672e-01
6.044590004617816925e-01
5.664412210532854264e-01
3.871628662401735976e-01
4.171132647931027337e-01
4.196895339909722522e-01
4.191639631132452748e-01
5.805346067810890354e-01
4.076742400553978185e-01
5.388214316488164624e-01
4.491756940985668911e-01
6.468868585294914597e-01
4.195090638818838036e-01
4.341267731090657778e-01
6.026638473604374324e-01
5.766987139103022519e-01
4.570255642251030426e-01
4.903481799321219858e-01
2.617866305075288169e-01
1.976569758146792810e-01
3.932916457961344037e-01
5.338957325552923239e-01
5.616306268864743600e-01
5.558556503327036769e-01
6.306330680702929570e-01
4.803253342111808433e-01
4.886824289522225806e-01
3.328984096823729977e-01
5.609556928194797676e-01
5.656421788171355214e-01
6.387109174039142800e-01
3.594251204318135162e-01
5.518355414759595901e-01
3.345225495091977419e-01
6.127027731509384623e-01
4.213270892934610767e-01
4.480263995386506992e-01
3.059327445068403817e-01
3.331977489923408919e-01
2.855037369517628987e-01
5.654438740352123460e-01
5.228650815242982253e-01
6.468868585294914597e-01
4.102626006432067429e-01
2.522742138569289971e-01
4.117212853620970670e-01
4.898809058287551532e-01
3.062702049921470770e-01
5.115524828658766232e-01
5.695701228259757443e-01
5.319422441001588897e-01
3.405721212156340161e-01
4.449334844390273047e-01
4.569447693228326224e-01
6.134831359976602450e-01
5.496948410817384945e-01
6.306330680702929570e-01
5.051554649952153531e-01
5.593999225472630066e-01
2.727825709311159641e-01
6.387109174039142800e-01
5.102962251708311747e-01
2.721442389631695269e-01
5.122337664950689096e-01
5.102962251708311747e-01
3.862637759660969006e-01
1.887185890432050983e-01
4.421556385466413053e-01
5.726121508966842688e-01
3.710546677321277520e-01
6.134831359976602450e-01
5.099450263736675648e-01
4.679267918270479387e-01
3.612664083426347927e-01
6.306330680702929570e-01
4.663526365221636327e-01
6.306330680702929570e-01
5.437227957949839485e-01
3.911283396965851700e-01
5.939332712649154633e-01
2.722127899962040742e-01
2.871982989311147594e-01
2.154049894785639852e-01
3.167044073219696942e-01
6.193180323416157540e-01
4.335263985077524307e-01
4.259508319834886536e-01
3.301376088341811954e-01
5.431970839752487956e-01
1.350737391226486950e-01
4.013147154613499468e-01
5.068153697920807499e-01
6.306330680702929570e-01
5.446705927583690432e-01
2.740568092301020053e-01
3.744217281341131187e-01
4.587812811081232733e-01
2.973034113381289867e-01
5.601310382190992643e-01
4.080854196552527458e-01
3.379778188204197176e-01
5.114233999427409971e-01
6.299045168985812904e-01
5.763423476552621549e-01
5.595965335305387311e-01
5.415648600432816373e-01
2.939915494808718055e-01
3.146742445434549396e-01
3.431101163431100609e-01
3.893953242472040222e-01
5.323955464434753093e-01
3.379657613147684092e-01
3.239000269330355453e-01
2.095915428244385093e-01
4.165240261695314916e-01
5.691551737549778167e-01
5.766987139103022519e-01
5.549630650104279139e-01
1.766199974453190324e-01
4.110022340559214560e-01
5.256506539698293512e-01
6.101870617241139660e-01
5.923191657607110860e-01
4.688352004882342383e-01
3.751939080291956663e-01
6.241533265953668197e-01
4.099589239364815896e-01
5.747384395548071900e-01
6.234247754236550421e-01
3.449237744233442093e-01
3.817537936409694521e-01
5.350211428496716159e-01
6.127027731509384623e-01
5.051191701414298185e-01
5.367173425003225473e-01
5.290851899424902083e-01
4.143388427729089440e-01
5.724764518064461294e-01
6.306330680702929570e-01
6.306330680702929570e-01
6.404071170545652114e-01
5.234982121500800778e-01
6.182980980155120543e-01
4.551053651081874984e-01
4.499788542111781697e-01
6.404071170545652114e-01
4.024774304860278540e-01
6.360853209977179734e-01
1.873821741149307163e-01
5.660779688041124302e-01
4.319511353113743013e-01
4.869616677660307258e-01
5.181308594247032717e-01
3.334829059607621882e-01
3.561203283337855408e-01
2.668051461498354149e-01
4.601434548514316547e-01
5.431970839752487956e-01
5.599614795783592891e-01
4.446459371731406596e-01
5.818165656047271650e-01
4.230480774835953528e-01
3.387442407771326658e-01
4.528816815726848799e-01
4.757485405929403055e-01
4.814935252902119434e-01
2.396709413567550129e-01
5.043659781283126309e-01
5.633357730285819542e-01
5.748906480888202886e-01
3.697185149393583670e-01
3.546787696279865010e-01
2.853886538523520144e-01
4.644628380559347458e-01
6.468868585294914597e-01
6.468868585294914597e-01
6.296070666896453893e-01
1.973915045782550781e-01
3.613680563218096831e-01
5.685227727847251833e-01
5.355276493459362186e-01
5.794801888515207500e-01
3.909273913165521308e-01
5.296266683501503758e-01
5.131247580085289695e-01
3.816156677704896083e-01
2.039308172301687871e-01
6.404071170545652114e-01
5.734027553214573469e-01
5.720985410687209338e-01
6.468868585294914597e-01
3.756762972274879098e-01
5.408877992694801629e-01
5.695701228259757443e-01
6.272914909396368754e-01
5.987989072356373343e-01
5.987989072356373343e-01
3.647080761264266946e-01
5.688259617032168647e-01
3.083729601806606269e-01
4.867754332743215451e-01
3.946964102186867884e-01
1.962381296640493822e-01
2.773471077916184191e-01
6.216089325344144045e-01
5.695701228259757443e-01
3.559639874757158373e-01
5.925645574382435443e-01
3.269252229316551572e-01
3.757609519243565455e-01
5.832950302248325336e-01
4.326154514352647529e-01
4.803621756829760669e-01
3.589708040544026257e-01
4.456223259275008397e-01
4.122598180194218531e-01
1.742883789400434535e-01
4.978370196209656595e-01
1.357303197545940698e-01
5.314430929889631949e-01
1.668638740809738341e-01
4.298601232114214743e-01
2.934344645521690387e-01
2.508645302880471162e-01
3.168150373399218900e-01
5.857337903294174142e-01
2.882208978511142106e-01
3.814054770870859423e-01
6.131438783978092610e-01
4.048922169370765545e-01
4.661634295676587714e-01
2.668051461498354149e-01
3.853920516201302382e-01
3.555897462193018943e-01
5.740548653061627871e-01
4.683824947578434927e-01
5.431970839752487956e-01
5.766987139103022519e-01
2.814423090120349302e-01
4.477980038458524437e-01
5.691551737549778167e-01
6.243987182728991669e-01
4.015578586149415319e-01
3.125625587662335114e-01
5.816489751630046223e-01
4.226816080979633461e-01
5.345333088828260193e-01
5.973455743633568904e-01
1.726943409377448835e-01
5.766987139103022519e-01
3.207923688420187824e-01
3.744027543879244746e-01
4.227177789518846707e-01
5.431970839752487956e-01
3.280337992830339444e-01
2.951049501857250235e-01
3.637959476771946421e-01
5.069567030287033260e-01
6.313829815186866590e-01
4.023157813320129561e-01
5.766792616264986293e-01
2.092863082719765289e-01
5.669230138465310986e-01
4.260921947389389453e-01
4.354615313451064007e-01
3.321020132270631198e-01
6.265488230122245872e-01
5.207911269412837107e-01
6.468868585294914597e-01
5.064563725156144836e-01
4.804718730514889180e-01
4.641377482460955495e-01
5.711164158914747713e-01
5.706547624223529125e-01
5.748906480888202886e-01
5.574170855174068739e-01
5.165558110713421858e-01
4.344117343593444369e-01
5.554231404695433305e-01
5.144723123445500423e-01
5.187632537428257251e-01
6.081259795326978690e-01
5.635990815951203992e-01
4.197137468093763979e-01
1.341423432980441699e-01
4.086736880032733610e-01
5.016970545273338189e-01
5.374222163501097826e-01
5.350211428496716159e-01
5.404170319662517930e-01
5.957443686907880620e-01
4.097842656064413780e-01
5.866615223893850706e-01
3.597974470180701489e-01
4.339339823194257595e-01
3.273607509910061997e-01
3.991991761259023885e-01
3.877842265452369208e-01
6.468868585294914597e-01
5.498310233868705099e-01
6.404071170545652114e-01
6.306330680702929570e-01
5.505216463989582865e-01
4.770614040700659197e-01
1.745353281514940846e-01
6.468868585294914597e-01
3.425241311308951375e-01
3.084727718600868696e-01
6.340519159293770413e-01
3.741086687017067813e-01
4.318344234794643244e-01
4.167102716788312344e-01
5.695701228259757443e-01
5.386202903570082023e-01
5.637606992554564656e-01
6.468868585294914597e-01
3.812614470353120621e-01
6.468868585294914597e-01
5.026519451560410578e-01
4.785022180491033117e-01
5.050878337231178294e-01
5.664412210532854264e-01
5.845260914177233813e-01
6.291522771794753055e-01
2.822709432492964132e-01
5.431970839752487956e-01
6.468868585294914597e-01
2.965009987586468831e-01
3.107997321072634711e-01
3.166323869951664927e-01
4.349613971737973928e-01
4.851343791592364618e-01
2.737953893488372925e-01
5.026519451560410578e-01
5.064972871698713019e-01
4.146490430366117086e-01
3.115745647471348523e-01
5.228650815242982253e-01
6.306330680702929570e-01
5.955528410783056392e-01
5.524201907533430322e-01
3.721706761759516202e-01
2.906697125465286247e-01
6.243987182728991669e-01
5.321405488820819540e-01
5.831602031872854530e-01
3.311339324636017323e-01
3.615042545296904830e-01
4.170797512573097832e-01
5.196674428746864693e-01
5.124971252644023867e-01
5.412590914494935790e-01
3.976933728098448473e-01
5.687951461259100894e-01
1.847864292468624492e-01
6.387109174039142800e-01
3.767730495214089981e-01
3.582876575169410271e-01
1.868795007008040576e-01
5.347793499745673307e-01
5.925645574382435443e-01
4.178376739743812629e-01
4.439463926150845063e-01
6.468868585294914597e-01
3.782006113137903469e-01
5.879877638200029510e-01
4.539504935686305420e-01
2.883977625056444172e-01
5.051191701414298185e-01
4.843876447014927034e-01
3.048599453903673151e-01
5.431970839752487956e-01
4.647191473342481283e-01
6.387109174039142800e-01
1.134603762279577099e-01
3.984179137864526377e-01
4.918759201026058347e-01
5.333263578160796214e-01
4.628597696829755415e-01
3.100865811366191327e-01
6.468868585294914597e-01
5.066983730619077919e-01
3.436913519343755552e-01
5.267020489219883528e-01
5.519494063000915940e-01
2.668051461498354149e-01
4.695846177292921642e-01
4.232128698730604488e-01
6.088631715096964880e-01
4.326532285707457293e-01
4.880206517593311810e-01
5.304443492314311337e-01
4.237266194996970881e-01
5.616306268864743600e-01
2.986145076352961225e-01
5.064972871698713019e-01
6.014479332758485564e-01
3.066788483634308449e-01
4.085274027754284831e-01
5.856499233902776602e-01
5.503216301486668627e-01
5.931469475898535348e-01
4.028106331922603478e-01
3.157140331914800591e-01
6.019875807886159169e-01
5.166287801582124528e-01
1.768358568869720093e-01
5.386202903570082023e-01
2.522742138569289971e-01
5.773311148805548854e-01
3.685171134122157133e-01
5.770721815447640290e-01
3.645849724289287885e-01
6.134831359976602450e-01
2.737953893488372925e-01
3.122255177808863635e-01
6.343821650898090470e-01
2.997194105556613697e-01
5.367173425003225473e-01
5.702189724353760036e-01
5.773311148805548854e-01
5.251646306296674505e-01
5.407527897141111151e-01
6.422278570549541099e-01
5.813097175631536384e-01
4.267174547513814531e-01
5.165558110713421858e-01
4.215639146903524814e-01
5.114233999427409971e-01
2.461124245600969651e-01
5.599614795783592891e-01
2.680325534523451125e-01
3.295140306673396968e-01
3.780360474873606935e-01
5.727164269869784441e-01
5.571193401201941509e-01
3.481573572347534395e-01
5.794383151471830251e-01
4.997507574406844788e-01
3.404412546900935643e-01
5.051191701414298185e-01
3.062702049921470770e-01
5.598219371159693925e-01
5.025497299788286298e-01
5.386202903570082023e-01
6.357481155800278616e-01
4.297733119770996701e-01
3.490310955131324944e-01
5.206560726919150506e-01
3.541359291966716949e-01
2.020224450810179373e-01
6.326859654391581156e-01
5.635990815951203992e-01
6.392357022908845554e-01
5.333846843171464736e-01
5.690475576716953476e-01
3.851537478912455681e-01
5.794383151471830251e-01
5.924617318241474084e-01
5.472698211599221763e-01
5.184986397996786955e-01
5.308167419232314721e-01
5.337498594477000369e-01
5.472698211599221763e-01
5.721036680941186114e-01
5.503216301486668627e-01
3.355349243129875925e-01
4.815812038999456313e-01
5.109823339850141366e-01
4.117212853620970670e-01
5.164103048703051480e-01
4.974814439300218050e-01
6.326927566404360048e-01
6.112637228179154114e-01
6.404071170545652114e-01
3.728047221972101699e-01
4.512822543055441393e-01
4.608658413693769718e-01
2.497802710064251086e-01
3.571358225708722856e-01
5.836977624508734586e-01
5.614428064853541622e-01
2.622283525315948771e-01
6.306330680702929570e-01
5.049086137987452982e-01
3.548599877899017430e-01
2.721442389631695269e-01
6.343821650898090470e-01
4.381326331029614662e-01
5.687489332578429257e-01
1.909531731334051241e-01
5.764346392054580104e-01
6.306330680702929570e-01
4.956772814538028538e-01
4.466556368558828871e-01
3.083729601806606269e-01
4.290155370620457043e-01
5.946305181356312808e-01
6.251169619688949908e-01
5.702189724353760036e-01
5.585135877328090137e-01
6.064684233535445612e-01
4.487985139518267386e-01
4.607364824867783981e-01
2.738850823067415230e-01
5.431970839752487956e-01
1.902424980024626233e-01
3.614361037678016642e-01
4.571014077597884140e-01
2.899421572194929575e-01
5.630903813510494960e-01
3.254189667510476447e-01
5.051191701414298185e-01
5.319422441001588897e-01
4.811312053786596099e-01
3.771745290681851603e-01
5.164103048703051480e-01
2.919533289978563650e-01
2.539303906545254397e-01
4.585687740282630154e-01
6.043089087603196186e-01
2.461168311805839171e-01
5.582652799277083577e-01
6.014479332758485564e-01
5.110128834771135997e-01
5.122835122678994768e-01
4.143388427729089440e-01
4.647191473342481283e-01
4.398494336732070575e-01
5.687951461259100894e-01
5.616306268864743600e-01
4.606189726071256985e-01
2.299806760560557939e-01
3.605005941203776598e-01
5.254625026252326414e-01
6.260562744520524747e-01
6.468868585294914597e-01
5.367173425003225473e-01
5.103913425251400682e-01
3.495609773869751136e-01
4.093713143572280111e-01
4.197169638418957738e-01
4.718780606988526305e-01
3.280337992830339444e-01
6.306330680702929570e-01
3.300847800068906213e-01
4.947431898534423445e-01
2.462517122666887937e-01
4.814935252902119434e-01
3.852119037235974264e-01
4.213604233256786347e-01
5.509373440424806256e-01
5.721219202920617697e-01
5.908658328884306421e-01
4.851343791592364618e-01
4.830691979044147710e-01
4.469732113177102284e-01
5.365392483450436290e-01
3.178760191550069614e-01
5.367173425003225473e-01
3.042815219871359833e-01
6.241533265953668197e-01
5.658971763785287656e-01
6.404071170545652114e-01
3.483422275200777629e-01
4.559861109899544518e-01
4.483387009400349732e-01
2.882853873429149782e-01
6.468868585294914597e-01
3.125625587662335114e-01
4.494005393208204135e-01
3.298122454554883176e-01
5.144723123445500423e-01
4.365934022091056965e-01
2.522742138569289971e-01
6.360853209977179734e-01
5.062482384837716509e-01
5.431970839752487956e-01
3.122259974618361578e-01
3.053828947051656639e-01
5.010735077502316281e-01
2.782962612698628435e-01
5.092546136312572358e-01
5.587589794103413610e-01
3.100865811366191327e-01
2.004379304345901835e-01
5.350211428496716159e-01
5.389352575995626227e-01
6.306330680702929570e-01
6.423100649112508664e-01
2.120976682198531527e-01
4.486377122168332399e-01
4.447012612768260209e-01
5.818165656047271650e-01
2.804392435526152361e-01
3.824461404902299577e-01
4.803253342111808433e-01
4.792137298932951373e-01
3.280337992830339444e-01
6.167808070942686349e-01
5.367173425003225473e-01
2.369398239764647085e-01
3.298122454554883176e-01
6.287050981219908241e-01
5.745271883763372056e-01
5.941435372005418047e-01
5.582652799277083577e-01
3.995575091248063648e-01
1.584821506594521479e-01
2.971526991176484667e-01
2.737578505467079260e-01
3.001405786408021248e-01
2.288676094128651028e-01
1.589878292773277413e-01
5.987989072356373343e-01
5.925645574382435443e-01
2.853886538523520144e-01
5.434095188171327306e-01
6.341341237856737978e-01
4.531389798356650345e-01
2.508645302880471162e-01
5.431970839752487956e-01
4.887069792622938391e-01
4.679267918270479387e-01
4.297359256542668260e-01
6.404071170545652114e-01
3.805666378584891540e-01
3.571949013862868449e-01
6.306330680702929570e-01
5.537575378113589464e-01
4.052216647237008029e-01
4.723633845259501696e-01
4.770301486206509622e-01
4.344163257843229875e-01
6.044363008990543129e-01
3.855492882291047252e-01
6.247778394904383026e-01
3.105296107200239408e-01
4.229453962415121171e-01
5.635990815951203992e-01
3.275252196088225820e-01
4.471757451913960790e-01
4.700944533048939111e-01
4.159402904167131543e-01
4.425947371368670891e-01
4.328930620816930364e-01
4.135663834883587797e-01
3.252277128113585380e-01
4.017048204891532914e-01
5.537460586252753725e-01
3.600730114068910193e-01
3.100865811366191327e-01
5.685227727847251833e-01
5.158742789227238612e-01
6.244932757049379557e-01
6.468868585294914597e-01
5.304443492314311337e-01
4.068569968634950795e-01
5.458645002451043560e-01
4.276470316341395295e-01
2.603955059660946203e-01
5.633668584329191154e-01
4.996280845725553088e-01
4.943751597117665986e-01
3.136005716073188565e-01
5.635990815951203992e-01
5.695701228259757443e-01
5.511588202726159791e-01
5.431970839752487956e-01
5.955528410783056392e-01
6.014479332758485564e-01
4.969811249542211984e-01
3.013853396879222490e-01
5.431970839752487956e-01
3.743526976280078244e-01
6.306330680702929570e-01
3.294437969571878400e-01
6.387109174039142800e-01
4.219598562348131909e-01
2.063868585295693669e-01
4.217582217499157293e-01
5.632133006598140090e-01
3.534914462949772518e-01
5.773311148805548854e-01
5.987989072356373343e-01
4.830691979044147710e-01
5.633357730285819542e-01
1.772633729752173259e-01
6.333164429043930399e-01
5.132951112670069982e-01
1.712363972037930226e-01
2.802688447686212392e-01
2.228652078576049134e-01
3.566887778032658551e-01
4.920545941365453424e-01
2.872506853917483061e-01
5.955528410783056392e-01
5.631282982852038321e-01
5.505216463989582865e-01
4.163916506498352432e-01
5.764346392054580104e-01
6.358303234363246181e-01
5.206560726919150506e-01
3.458535194802684343e-01
6.306330680702929570e-01
6.468868585294914597e-01
4.170797512573097832e-01
5.438830694132047450e-01
5.367173425003225473e-01
6.306330680702929570e-01
4.184980543238741024e-01
3.172719142677549176e-01
5.727543212623142921e-01
4.349124954939230236e-01
4.573628364759135256e-01
3.676968385119828708e-01
2.312852023352735542e-01
3.865616274855739332e-01
4.117212853620970670e-01
4.178376739743812629e-01
3.724722738841160230e-01
6.306330680702929570e-01
3.747653943293022261e-01
2.526634077507765586e-01
5.504589249186322419e-01
5.931112668108354802e-01
3.083729601806606269e-01
5.165558110713421858e-01
6.341341237856737978e-01
5.582652799277083577e-01
2.868562651063084612e-01
4.574675914156411949e-01
6.387109174039142800e-01
3.082099315411493956e-01
4.664583097676749390e-01
3.977330103590464017e-01
5.955528410783056392e-01
5.123526078401531292e-01
5.708513734056286371e-01
4.117212853620970670e-01
5.765005716898103927e-01
5.514801280346285361e-01
5.559997072008773245e-01
5.132951112670069982e-01
5.660779688041124302e-01
5.330831503239165103e-01
6.356320186544015538e-01
5.947224441304856946e-01
3.751156897879751040e-01
5.341729484393702432e-01
3.547235611229250796e-01
3.499038379468354942e-01
2.326519176125842192e-01
3.119262462394947200e-01
5.717263979357419812e-01
3.897814012023034791e-01
3.667987812929354163e-01
3.229218860699493154e-01
4.221723742283244873e-01
4.371938842838972716e-01
5.328703260205982506e-01
4.882812461528162062e-01
3.707030649219951735e-01
4.164736570713149511e-01
6.113143496861764836e-01
5.235955822898507028e-01
5.503216301486668627e-01
5.872011699021524311e-01
5.367173425003225473e-01
5.118335112520646657e-01
5.006333771443718383e-01
5.269452925851093594e-01
1.506606370047858523e-01
5.438418886737407254e-01
4.341484378497918462e-01
6.306330680702929570e-01
3.506111145668320828e-01
4.979802535998480439e-01
4.061577676579853358e-01
5.367173425003225473e-01
6.357481155800278616e-01
6.387109174039142800e-01
5.431970839752487956e-01
3.972832470529260029e-01
4.193546607685479377e-01
6.216089325344144045e-01
3.269786524255132165e-01
5.896276699229341389e-01
4.128708585839042100e-01
5.987989072356373343e-01
1.507970853951251522e-01
4.477994357168739725e-01
5.583684438649878512e-01
4.353992244795818478e-01
5.499204960969020783e-01
4.477756238971923319e-01
5.388810783898452250e-01
4.348585377793527385e-01
2.703103045665055104e-01
6.151131744969836612e-01
6.083675945672594176e-01
5.695701228259757443e-01
6.074163766419889976e-01
2.931752443432641408e-01
2.855037369517628987e-01
2.906697125465286247e-01
2.566958165001653192e-01
4.385340733605937458e-01
6.081259795326978690e-01
4.081047312049271847e-01
4.248019956929782182e-01
4.797195900935367630e-01
3.447798283547138798e-01
4.558012220994535069e-01
3.189678091676918514e-01
5.192509451046306568e-01
5.840151087654235074e-01
5.296266683501503758e-01
5.619396085630795623e-01
1.443790391015654095e-01
5.260241916595370659e-01
4.796506734012213058e-01
2.981826941670141506e-01
5.431970839752487956e-01
3.521167738226954058e-01
5.350211428496716159e-01
5.431970839752487956e-01
6.024097375466047621e-01
3.311339324636017323e-01
4.653942061286837073e-01
3.328984096823729977e-01
5.635990815951203992e-01
6.468868585294914597e-01
5.217895160571255353e-01
5.662366855120521958e-01
3.334829059607621882e-01
3.186413320768912705e-01
5.184557655733857962e-01
2.078645061849368758e-01
2.979768325652050742e-01
5.386202903570082023e-01
3.460434929888371869e-01
2.855037369517628987e-01
5.396544419483418897e-01
5.512486346318959951e-01
3.035013077739479037e-01
5.955528410783056392e-01
3.911283396965851700e-01
1.789261531553536233e-01
6.468868585294914597e-01
5.342662930009858258e-01
5.046375111183645235e-01
2.489265377622918995e-01
4.972527608444118341e-01
6.193782281952030511e-01
5.092546136312572358e-01
5.575223168120192474e-01
4.797195900935367630e-01
4.815624693186248972e-01
2.066667297569244610e-01
6.468868585294914597e-01
2.419273849703680035e-01
4.001752396534604128e-01
5.040740622838084661e-01
2.508645302880471162e-01
5.987989072356373343e-01
6.313829815186866590e-01
5.341729484393702432e-01
5.875440673605474284e-01
5.420073908208624669e-01
5.691551737549778167e-01
5.380925406987677739e-01
5.669230138465310986e-01
5.551863811781955205e-01
4.635053057000292909e-01
3.315726131129609899e-01
6.306330680702929570e-01
6.243987182728991669e-01
1.749769344908587154e-01
5.923191657607110860e-01
5.468967734411780413e-01
4.238020026861860079e-01
5.431970839752487956e-01
4.219386582865346513e-01
5.975560870514371459e-01
6.134831359976602450e-01
6.468868585294914597e-01
5.805346067810890354e-01
3.282851037688417351e-01
2.701640038516700537e-01
2.508645302880471162e-01
6.306330680702929570e-01
1.508503236402405079e-01
4.401442593049678664e-01
4.203210157199854247e-01
3.495762519251457423e-01
4.656318942237079872e-01
5.925645574382435443e-01
5.923191657607110860e-01
4.447012612768260209e-01
5.496264291198005303e-01
3.827803736530033252e-01
5.129813072117784811e-01
6.179035605902173378e-01
3.707030649219951735e-01
3.970867367870588027e-01
4.170797512573097832e-01
3.591352923167909772e-01
5.649933292077351510e-01
6.011629261882354136e-01
4.316739181800220426e-01
3.838075454967442846e-01
5.804271725919912805e-01
4.792137298932951373e-01
5.367173425003225473e-01
5.636212787141401392e-01
3.973576214022970787e-01
2.991605711276233426e-01
4.297734597791171840e-01
2.213058490729740146e-01
5.211688818736472939e-01
3.280337992830339444e-01
5.386202903570082023e-01
2.094494796204680598e-01
5.026165946968622622e-01
5.923191657607110860e-01
6.081259795326978690e-01
2.757659933191691226e-01
4.987393459484965041e-01
4.304826949317545060e-01
1.759329234486225746e-01
5.058279388134382382e-01
5.925645574382435443e-01
5.431970839752487956e-01
3.001684060604435378e-01
3.925337230790629794e-01
2.463394921135286797e-01
3.076082514592879402e-01
5.816489751630046223e-01
3.387467804357084389e-01
5.278187528252347160e-01
4.547163119484690652e-01
5.675803998019866015e-01
5.948193146329160408e-01
6.127027731509384623e-01
4.419603972785456913e-01
2.887942576320636778e-01
3.707030649219951735e-01
5.064972871698713019e-01
6.140751274597916476e-01
4.198578449415450997e-01
6.306330680702929570e-01
3.585419264622003999e-01
5.987989072356373343e-01
6.134831359976602450e-01
5.329700376062531664e-01
4.243929496599394002e-01
4.442897764065594779e-01
6.151346824968924043e-01
4.878393659327792120e-01
3.297278970684265897e-01
3.889182205820989058e-01
5.702189724353760036e-01
6.134831359976602450e-01
4.934168551890624199e-01
6.071598455567098762e-01
4.259043523026375122e-01
3.136005716073188565e-01
5.449335468910964098e-01
5.321405488820819540e-01
5.643786197855787945e-01
5.364851860673021111e-01
5.571150012682833941e-01
9.663980525637776153e-02
3.793174983584958193e-01
5.743002569836951343e-01
5.339407920063498070e-01
5.792954467236419713e-01
3.855251676050673315e-01
4.531389798356650345e-01
5.065832133590603137e-01
5.794801888515207500e-01
1.836856245583865510e-01
3.817537936409694521e-01
3.930111168394076482e-01
6.404071170545652114e-01
2.104987277015505365e-01
5.773311148805548854e-01
4.499849454836335472e-01
3.775920829678467983e-01
6.077583752312932797e-01
6.128984867202769138e-01
6.031177377936376427e-01
3.074127409877990824e-01
2.760968124840060267e-01
5.637606992554564656e-01
5.695701228259757443e-01
4.792137298932951373e-01
5.708513734056286371e-01
5.431970839752487956e-01
4.147356760146325150e-01
5.706547624223529125e-01
5.160797709155497959e-01
6.170626524451945372e-01
5.429546416859355462e-01
4.267573265802928062e-01
4.818043817241933757e-01
5.702189724353760036e-01
1.537380696871704089e-01
5.987989072356373343e-01
5.987989072356373343e-01
4.379101905469777734e-01
5.431970839752487956e-01
5.630903813510494960e-01
6.098137719301949256e-01
5.484147548327463761e-01
5.031185827337011363e-01
5.214271874146523267e-01
3.720455503348181203e-01
5.852284916105389145e-01
3.900643448822860848e-01
3.587289594174103424e-01
4.418904987733913159e-01
2.123976464461370395e-01
3.692135380172773540e-01
3.201644704284430931e-01
5.202223074470621045e-01
3.528049614275600154e-01
5.202223074470621045e-01
3.539650986478531380e-01
5.508463468513027372e-01
6.168748054355536192e-01
5.641750209474266642e-01
4.447012612768260209e-01
4.425149078328682872e-01
1.870722722616303124e-01
4.025519823641231509e-01
6.408619065647351842e-01
5.599614795783592891e-01
3.269034892790179669e-01
5.635990815951203992e-01
6.378627229936129073e-01
3.357243414332303777e-01
3.569659131342047820e-01
3.251938361108335229e-01
2.361796589718244965e-01
5.599614795783592891e-01
5.228316473983093404e-01
1.907708452090844664e-01
2.853886538523520144e-01
5.367173425003225473e-01
6.287050981219908241e-01
3.853201328422518612e-01
2.461867336354406355e-01
4.069123353108361485e-01
4.267573265802928062e-01
4.196008647335391917e-01
2.619559712910053406e-01
2.953348861584788598e-01
5.237663029745817100e-01
4.023157813320129561e-01
4.490170227082639909e-01
4.798920164260221388e-01
3.959971876067892027e-01
4.925706433214340207e-01
5.664412210532854264e-01
2.567208373445074021e-01
5.612272287198385445e-01
4.976742375260292950e-01
3.862733816420786948e-01
6.095155020540932167e-01
5.773311148805548854e-01
5.400538165116738343e-01
3.031913012535366603e-01
6.151131744969836612e-01
1.907708452090844664e-01
3.073051968306743098e-01
3.702492068139900394e-01
4.830691979044147710e-01
5.635990815951203992e-01
3.607633176112788331e-01
4.251966661608766462e-01
5.614428064853541622e-01
4.501957543993859168e-01
4.830691979044147710e-01
3.229218860699493154e-01
6.408619065647351842e-01
5.318470824676083675e-01
5.026519451560410578e-01
5.528708054281870066e-01
4.743378340511639757e-01
5.350211428496716159e-01
3.590117161101711307e-01
6.358303234363246181e-01
6.287050981219908241e-01
5.323955464434753093e-01
5.553846859601186958e-01
6.468868585294914597e-01
4.146490430366117086e-01
3.328984096823729977e-01
4.699883659642787870e-01
1.894965468330477576e-01
6.241533265953668197e-01
5.164103048703051480e-01
4.082203364965573678e-01
5.105873126172486565e-01
3.994894170887542950e-01
5.927020325433004500e-01
2.194872184214897992e-01
4.091289469043792870e-01
4.299415250166314650e-01
3.925337230790629794e-01
3.841423960603501664e-01
4.584912040579165460e-01
5.677613183062251156e-01
5.536884863094678755e-01
3.207496674671710957e-01
4.230216814152777949e-01
3.500851088060945582e-01
6.357481155800278616e-01
4.281322361386519781e-01
3.891359865866255707e-01
1.995447199160169938e-01
5.105873126172486565e-01
3.062702049921470770e-01
5.489171850283632859e-01
4.734990904469385531e-01
6.287050981219908241e-01
2.278111628954101742e-01
5.589965243806273021e-01
4.071329376173688508e-01
4.955305801560030421e-01
3.245986787544334895e-01
4.385340733605937458e-01
4.125196800549497111e-01
3.357243414332303777e-01
5.986181394437232184e-01
5.695701228259757443e-01
5.090848530360025936e-01
3.194792940558203731e-01
3.557584197109696089e-01
5.549630650104279139e-01
1.603196549633537360e-01
3.221816968925458879e-01
3.868547530823152059e-01
3.996198660891863153e-01
3.328984096823729977e-01
5.923191657607110860e-01
5.472698211599221763e-01
4.348585377793527385e-01
6.468868585294914597e-01
3.896814113705158178e-01
4.157778601570996657e-01
5.766987139103022519e-01
5.266271139227703957e-01
3.176324197068607358e-01
3.253817311405391988e-01
5.007884998311020741e-01
5.296266683501503758e-01
5.324987507092939776e-01
5.779901568006673429e-01
5.708513734056286371e-01
2.668051461498354149e-01
5.559997072008773245e-01
2.023137872832334594e-01
3.506200838210467019e-01
5.549630650104279139e-01
3.619700867838405167e-01
2.782856389612981540e-01
5.706547624223529125e-01
6.468868585294914597e-01
6.241533265953668197e-01
3.393150670319388107e-01
4.140229645003382641e-01
3.328984096823729977e-01
5.493759088577774286e-01
4.019676268198631441e-01
2.991328456726648488e-01
5.164103048703051480e-01
5.736837952449337363e-01
3.062702049921470770e-01
5.554458298461963928e-01
3.095692332272520497e-01
6.306330680702929570e-01
4.578502585303855787e-01
2.841327542290014163e-01
4.377475362976683271e-01
3.454435997315061790e-01
5.339549656169754188e-01
4.497324200201189282e-01
5.527525750396841131e-01
4.412926857618953980e-01
4.520104083242961202e-01
6.340519159293770413e-01
2.948192242522941209e-01
5.367173425003225473e-01
6.170626524451945372e-01
5.877423721424706038e-01
5.238461904847196982e-01
5.098844341986367157e-01
6.306330680702929570e-01
4.792137298932951373e-01
3.328984096823729977e-01
1.477272035041335974e-01
6.216089325344144045e-01
4.351595006248429875e-01
6.126696666423609994e-01
5.939332712649154633e-01
3.935033950528516455e-01
5.341729484393702432e-01
5.773311148805548854e-01
2.139069121959538966e-01
4.469732113177102284e-01
5.611552180594120420e-01
4.830691979044147710e-01
3.752875341630091399e-01
3.757655017735214709e-01
6.114184499107789827e-01
5.685227727847251833e-01
2.817764305437487349e-01
5.336079352108866747e-01
4.630694682126852979e-01
2.853886538523520144e-01
3.888925140486504950e-01
3.029254270435388641e-01
2.697565266819587082e-01
5.897239098242111899e-01
5.879524718787818571e-01
4.013744564755361011e-01
4.060154707979422573e-01
4.734231607463794678e-01
5.664412210532854264e-01
3.328984096823729977e-01
3.259962486903156820e-01
4.434367296830489247e-01
5.431970839752487956e-01
5.176454262532158568e-01
5.043659781283126309e-01
5.764346392054580104e-01
4.222576526663371355e-01
6.151291910594881562e-01
5.165946334227778935e-01
6.306330680702929570e-01
5.078724853683165286e-01
5.671684055240635569e-01
3.865915731929199239e-01
4.738925033504141071e-01
5.259970073137930635e-01
4.316447553452467667e-01
5.019075122314005100e-01
3.812622095357340868e-01
6.333164429043930399e-01
5.775626082832874264e-01
4.515432834781002436e-01
5.512486346318959951e-01
5.321405488820819540e-01
5.770721815447640290e-01
6.343821650898090470e-01
4.638435084175488443e-01
5.367173425003225473e-01
6.052430150161544065e-01
3.083729601806606269e-01
4.800931777781604626e-01
3.113286215664345935e-01
3.083729601806606269e-01
2.737953893488372925e-01
3.172719142677549176e-01
5.098825714982464508e-01
5.766987139103022519e-01
5.488209149846213775e-01
2.872506853917483061e-01
5.064972871698713019e-01
5.122800111686334201e-01
3.686691217586863245e-01
3.822900906628556306e-01
4.229926095275948206e-01
3.540202726628512431e-01
4.792137298932951373e-01
5.603487732496447160e-01
4.201484203818177110e-01
3.355349243129875925e-01
5.461080397201393266e-01
4.482432724947005287e-01
2.447213399314438487e-01
5.073786212454615141e-01
1.775388557715039117e-01
5.429546416859355462e-01
4.013658609878860695e-01
4.013744564755361011e-01
5.132951112670069982e-01
6.423100649112508664e-01
4.203373583408083758e-01
3.467710725337843081e-01
6.422278570549541099e-01
1.837461442875620854e-01
5.367173425003225473e-01
5.607887041876594703e-01
6.243987182728991669e-01
3.086131564405818484e-01
1.809798754923007957e-01
4.486028485064926241e-01
5.925645574382435443e-01
5.164103048703051480e-01
5.162454962662728075e-01
5.400538165116738343e-01
4.177331910444142538e-01
3.723760198470623672e-01
5.304443492314311337e-01
5.255428551608460896e-01
4.401244676585854831e-01
5.676745783744236995e-01
3.905957305533077628e-01
2.266467740284753840e-01
2.906697125465286247e-01
3.584679690143005026e-01
1.786412143560143495e-01
4.073994260060735395e-01
6.134831359976602450e-01
3.749933988976337229e-01
2.737953893488372925e-01
5.494871875623618118e-01
4.865522965061897520e-01
2.522742138569289971e-01
5.729811457011758646e-01
5.530749748943812882e-01
3.535629564865471752e-01
3.671571909992155658e-01
2.313894241691309417e-01
5.717263979357419812e-01
5.635990815951203992e-01
4.124662633456543381e-01
6.134788076436423765e-01
3.646133440759706246e-01
5.766753346869615271e-01
5.144593651164869330e-01
3.176520257172352757e-01
3.846673798875886452e-01
4.214042604478152598e-01
3.280337992830339444e-01
5.040740622838084661e-01
5.734027553214573469e-01
4.212646001179937150e-01
3.140891930200747084e-01
3.013853396879222490e-01
5.704054264473811253e-01
5.603487732496447160e-01
1.905904647998139245e-01
4.851677354345143023e-01
2.844945152576789926e-01
4.401916557325096235e-01
6.267239800441493092e-01
4.774091716153304188e-01
4.533666732090315121e-01
5.630903813510494960e-01
3.814933700201389444e-01
4.036465947509165209e-01
3.606702326906193190e-01
5.554231404695433305e-01
5.489970145402411905e-01
3.551852579348325767e-01
5.359271574715693820e-01
6.343821650898090470e-01
4.796506734012213058e-01
1.802364737517778981e-01
3.510895256873364234e-01
3.854739832051454207e-01
5.352167138139692915e-01
3.760450558813581146e-01
2.944911103217107695e-01
4.587851526478887720e-01
4.579090477702582040e-01
5.914941552713658401e-01
4.613356128279292312e-01
2.242231960598153606e-01
3.897668771075689098e-01
4.559299134823642241e-01
5.528708054281870066e-01
6.306330680702929570e-01
3.048056816778086930e-01
5.231118822061546769e-01
5.952135834784547663e-01
2.506323738550266800e-01
5.259970073137930635e-01
5.296266683501503758e-01
4.165884135927097609e-01
4.743378340511639757e-01
5.300792337621701433e-01
3.694251756429349776e-01
3.892233564959430292e-01
2.983418427437180553e-01
5.587900648146786331e-01
3.977389877137724183e-01
3.544965124864885575e-01
5.431970839752487956e-01
4.799032484438937041e-01
3.131040038093032551e-01
1.617934380429044972e-01
5.813703895637465369e-01
2.183368948601861481e-01
2.508645302880471162e-01
5.135068649931241458e-01
1.790851999752536838e-01
3.176702338448159080e-01
6.077583752312932797e-01
5.114233999427409971e-01
3.857134678950163709e-01
5.587189766176170469e-01
5.787261294629916231e-01
3.856773266638622855e-01
5.664412210532854264e-01
1.591612358635589863e-01
6.241533265953668197e-01
5.343042847716047428e-01
4.163916506498352432e-01
5.630903813510494960e-01
5.536884863094678755e-01
5.434664445250987352e-01
4.337982372879135573e-01
4.851188158770400882e-01
4.705655929195333154e-01
4.313098030248370129e-01
5.027800545815004352e-01
3.218251812763953112e-01
5.664412210532854264e-01
3.217547600593240187e-01
5.064972871698713019e-01
4.838647980789540504e-01
3.227747472906505322e-01
6.124858588269540549e-01
5.187632537428257251e-01
4.538503619633184050e-01
3.545217295686710068e-01
4.125345506840909504e-01
5.645783801367372234e-01
1.313876025404475401e-01
5.679017178540129995e-01
5.431970839752487956e-01
1.287701278655048465e-01
2.567705142054269585e-01
4.260431610558562676e-01
2.979768325652050742e-01
4.739456251832512845e-01
3.582898506411101858e-01
3.961547333319380138e-01
5.340985600581620307e-01
5.671684055240635569e-01
4.923051162694800920e-01
5.684754410075736342e-01
5.046778200130167535e-01
6.306330680702929570e-01
4.247437493292921529e-01
5.987989072356373343e-01
6.045505878216340667e-01
4.288146596727144821e-01
3.976129432550367104e-01
5.584805504479611882e-01
5.321405488820819540e-01
6.299045168985812904e-01
1.344074867091778480e-01
4.109266155503273898e-01
5.923191657607110860e-01
6.404071170545652114e-01
5.764346392054580104e-01
3.977450589258977320e-01
6.468868585294914597e-01
3.280337992830339444e-01
1.978014772322402304e-01
4.237266194996970881e-01
3.996202058675232260e-01
3.973576214022970787e-01
5.773311148805548854e-01
5.925645574382435443e-01
5.634982359252090900e-01
3.098454175114541131e-01
5.067865841538746752e-01
4.939560073260103046e-01
5.434876425773168540e-01
4.615414706879151230e-01
5.759578131628484421e-01
4.979802535998480439e-01
4.171132647931027337e-01
6.387109174039142800e-01
6.468868585294914597e-01
4.989050413646337057e-01
4.092530406259393683e-01
4.275221898597526549e-01
5.367173425003225473e-01
6.243987182728991669e-01
5.620991104302598407e-01
4.477756238971923319e-01
5.300042515744036731e-01
5.296691224528464748e-01
3.000583855439191705e-01
4.145986905687206181e-01
1.859247075673798322e-01
4.267932757311879155e-01
4.100124595526039584e-01
4.869616677660307258e-01
3.201479691958911689e-01
5.740548653061627871e-01
5.599614795783592891e-01
3.253775125466694118e-01
5.794690473649833917e-01
6.216089325344144045e-01
3.083729601806606269e-01
1.733871274512345517e-01
6.243987182728991669e-01
2.508645302880471162e-01
6.313829815186866590e-01
5.614428064853541622e-01
2.872506853917483061e-01
5.051191701414298185e-01
5.773311148805548854e-01
3.328984096823729977e-01
5.585135877328090137e-01
4.624600715558740416e-01
2.129081099204641336e-01
6.159538456598687706e-01
4.620810800548734165e-01
4.442430898860355026e-01
6.241533265953668197e-01
4.316739181800220426e-01
5.115253832308529480e-01
5.611948368994974512e-01
5.268992847897429055e-01
5.399794648211211356e-01
5.350211428496716159e-01
6.043055991176753405e-01
3.068159294337141074e-01
2.784474287455026564e-01
5.386202903570082023e-01
3.083729601806606269e-01
4.238631465722636493e-01
3.047785163529994068e-01
5.400538165116738343e-01
5.571193401201941509e-01
6.178302665883634859e-01
5.412590914494935790e-01
6.299045168985812904e-01
6.134831359976602450e-01
6.201000794245478120e-01
3.426723644974273286e-01
3.918924406835020413e-01
2.740748215356004214e-01
1.777773092772572117e-01
5.057894036469351429e-01
4.208342502222912063e-01
5.158742789227238612e-01
6.306330680702929570e-01
4.442897764065594779e-01
4.799930807847131442e-01
3.639991723330240347e-01
6.201000794245478120e-01
5.367173425003225473e-01
1.948008242679245272e-01
3.391394856148964299e-01
3.788394493633282512e-01
5.618644274350449441e-01
3.703305042639077893e-01
3.304400776595807776e-01
2.078537312931361680e-01
5.231349599009070817e-01
2.402688414695804409e-01
5.955528410783056392e-01
5.397385541847821155e-01
5.412590914494935790e-01
4.240155030122338964e-01
5.579502257917033914e-01
5.156282577873730899e-01
5.321744209053279606e-01
5.800718198513480361e-01
5.664412210532854264e-01
5.431970839752487956e-01
1.643368306464459416e-01
6.110759438886692596e-01
3.004247077511709163e-01
4.864608220246713355e-01
5.124971252644023867e-01
1.973403607147515004e-01
5.234126971456878330e-01
2.930919555158129075e-01
2.370013068093630437e-01
6.195765329771262264e-01
3.253817311405391988e-01
4.830691979044147710e-01
5.979188976615298357e-01
5.311325534666211379e-01
5.540925283815172353e-01
4.650049768953944951e-01
3.083729601806606269e-01
4.898230995450563729e-01
4.130962595708464469e-01
3.560259252519548667e-01
5.319321975126735103e-01
5.190038026695861229e-01
5.662745797873881548e-01
6.387109174039142800e-01
1.730194807425000092e-01
5.503862713921874317e-01
3.540622936495088635e-01
3.347222901118446781e-01
1.920948157687616953e-01
5.043659781283126309e-01
5.695701228259757443e-01
2.708750239579261754e-01
6.081259795326978690e-01
5.607694719438495179e-01
6.229407196588733209e-01
3.083729601806606269e-01
6.025830519384693940e-01
5.582417401177873773e-01
3.080937311956866154e-01
6.134831359976602450e-01
6.296867818680357276e-01
5.613941817003986756e-01
2.959129917146149369e-01
5.290851899424902083e-01
3.048033090500641973e-01
3.741086687017067813e-01
2.462877366698065507e-01
4.025425200207588539e-01
4.155153889274477153e-01
4.215785891855928780e-01
3.371679847503250005e-01
5.987989072356373343e-01
3.052261653211175152e-01
5.238488922889685817e-01
1.997849534902309820e-01
3.585970662810917808e-01
3.335075489848978725e-01
1.663373135949428594e-01
2.979768325652050742e-01
5.387358908674197977e-01
3.707030649219951735e-01
2.363143599307167830e-01
5.348177531378621730e-01
4.922890027313902572e-01
3.100865811366191327e-01
6.404071170545652114e-01
5.575773272261907998e-01
5.986181394437232184e-01
3.387467804357084389e-01
3.062702049921470770e-01
2.161918404388822879e-01
4.334165257932455773e-01
4.299415250166314650e-01
5.365392483450436290e-01
5.672258479154534960e-01
3.251804127357648677e-01
5.002540750720433360e-01
4.071338798292453154e-01
4.025830964557717828e-01
5.319422441001588897e-01
6.468868585294914597e-01
4.551053651081874984e-01
5.511588202726159791e-01
6.195765329771262264e-01
6.021832883294613303e-01
5.421456890230897940e-01
1.705797200120204860e-01
4.068569968634950795e-01
6.254835754147212157e-01
2.125104811255466575e-01
2.017646004079070854e-01
2.928818086948926647e-01
5.630903813510494960e-01
5.782231188690164503e-01
5.234982121500800778e-01
3.668317251361420395e-01
3.373747055163228148e-01
3.801195673138782483e-01
6.208456077679380680e-01
3.414742320765106753e-01
5.367173425003225473e-01
5.925645574382435443e-01
5.987989072356373343e-01
6.205291569964137555e-01
6.274560775288243741e-01
3.136005716073188565e-01
5.244388034013254263e-01
2.951049501857250235e-01
2.281397904951709688e-01
2.278479104058665494e-01
4.553453452778174482e-01
5.161781484372848228e-01
4.243206934943333786e-01
4.960835844185976784e-01
3.280337992830339444e-01
3.315726131129609899e-01
4.700196459434238250e-01
2.507890049122755705e-01
5.064681905445791443e-01
2.525440881798959869e-01
4.345183186348719473e-01
5.132951112670069982e-01
4.854799691712618492e-01
5.644967834449008404e-01
4.606921744146128539e-01
4.725293566291270952e-01
2.737953893488372925e-01
5.102603701891539334e-01
5.043659781283126309e-01
4.132476272340289136e-01
2.088306867258361565e-01
2.058922326338690767e-01
3.719614694881171468e-01
6.208456077679380680e-01
5.702189724353760036e-01
2.477461159104062394e-01
5.158742789227238612e-01
4.999825010258755476e-01
5.630903813510494960e-01
4.792137298932951373e-01
5.337557050070969034e-01
5.690483091545267547e-01
3.225163950807947710e-01
5.923191657607110860e-01
4.496821381271715046e-01
3.062702049921470770e-01
6.287050981219908241e-01
3.797229873727991922e-01
4.898042425229644503e-01
5.054352295806083806e-01
5.734027553214573469e-01
3.219613155614626243e-01
5.392040850435423360e-01
3.180358092465152553e-01
6.101870617241139660e-01
3.516703065431402986e-01
4.535866016755647490e-01
5.064681905445791443e-01
6.468868585294914597e-01
5.773311148805548854e-01
4.286250002694177441e-01
4.241219260775440647e-01
6.151291910594881562e-01
3.570837935582965028e-01
5.503216301486668627e-01
6.422278570549541099e-01
6.306330680702929570e-01
4.686913557606496306e-01
3.280337992830339444e-01
6.404071170545652114e-01
6.404071170545652114e-01
5.350211428496716159e-01
2.033923527571784018e-01
5.400538165116738343e-01
4.647191473342481283e-01
3.831459422986329688e-01
3.618358750683351444e-01
6.132012211111860234e-01
5.027800545815004352e-01
5.987989072356373343e-01
2.612732611956473661e-01
5.288678814797925787e-01
2.576381716053040005e-01
5.319422441001588897e-01
4.510138865861236801e-01
5.677613183062251156e-01
5.178777687380022865e-01
6.127027731509384623e-01
5.367173425003225473e-01
6.306330680702929570e-01
4.731824472833365824e-01
3.741606977142826196e-01
3.820824938944645810e-01
5.660762750054649795e-01
3.172719142677549176e-01
2.574237302107145187e-01
6.357481155800278616e-01
5.766987139103022519e-01
2.853886538523520144e-01
5.043659781283126309e-01
3.301376088341811954e-01
4.276170368673334332e-01
4.738105480671851444e-01
3.614936584138884190e-01
5.632192208477962980e-01
5.114233999427409971e-01
6.404071170545652114e-01
3.375435734788588271e-01
5.431970839752487956e-01
3.221837390965115455e-01
3.889258819651561505e-01
6.127027731509384623e-01
4.955672412927065729e-01
1.895197467606922481e-01
2.801877247434881868e-01
5.664412210532854264e-01
5.296999719144412921e-01
5.367173425003225473e-01
2.899421572194929575e-01
6.404071170545652114e-01
6.210539418833839198e-01
4.438129387227221501e-01
5.367173425003225473e-01
5.691551737549778167e-01
3.167452579494735021e-01
5.923191657607110860e-01
4.580695674133561934e-01
3.028359473695585447e-01
6.173998234588988776e-01
2.909200494592136255e-01
4.457838176131215802e-01
3.480696799762337257e-01
4.649292649481593376e-01
3.500658566058940657e-01
3.280337992830339444e-01
5.792236556874510445e-01
5.528708054281870066e-01
5.925645574382435443e-01
5.599614795783592891e-01
5.304443492314311337e-01
4.117212853620970670e-01
4.792137298932951373e-01
3.414921237082100269e-01
2.048884512389385903e-01
6.387109174039142800e-01
2.785708899949978501e-01
4.768113879147831136e-01
3.819556889101579644e-01
3.776020653207001199e-01
5.630903813510494960e-01
3.741086687017067813e-01
6.260562744520524747e-01
5.367173425003225473e-01
3.328984096823729977e-01
5.367173425003225473e-01
4.181183274506698466e-01
3.282851037688417351e-01
5.925645574382435443e-01
5.645783801367372234e-01
2.839568601618405186e-01
4.772557932418610704e-01
6.241533265953668197e-01
3.220277474752763491e-01
3.551852579348325767e-01
4.574324132882099381e-01
6.404071170545652114e-01
5.571891168082147017e-01
5.255373379464374217e-01
5.695701228259757443e-01
3.886396303055618673e-01
4.571014077597884140e-01
5.607887041876594703e-01
5.897747716997587819e-01
5.341729484393702432e-01
5.599614795783592891e-01
3.396375827792164626e-01
6.387109174039142800e-01
6.468868585294914597e-01
2.233687894953803876e-01
4.968828702890155102e-01
3.775797248690629382e-01
3.083729601806606269e-01
6.468868585294914597e-01
4.773502845683562645e-01
3.983193169523007171e-01
4.799899467998814395e-01
3.912494762344610466e-01
6.343821650898090470e-01
5.472698211599221763e-01
4.015578586149415319e-01
5.545764658631092692e-01
4.309299715884614690e-01
5.344861059906966805e-01
5.541041627493252797e-01
2.962853816000478591e-01
5.068153697920807499e-01
5.857033971623771818e-01
5.343042847716047428e-01
2.685289581692316685e-01
4.980751515378005201e-01
5.599614795783592891e-01
4.803621756829760669e-01
6.241533265953668197e-01
5.240187423761621943e-01
5.108250321020122442e-01
5.897747716997587819e-01
5.979188976615298357e-01
5.431970839752487956e-01
4.526077893630883753e-01
3.328984096823729977e-01
5.214271874146523267e-01
5.104380571093382057e-01
5.276262385147553191e-01
4.982978062343731973e-01
5.708513734056286371e-01
5.372532927799229530e-01
5.431970839752487956e-01
4.236967691049038365e-01
3.447350475655472923e-01
4.358186522011638919e-01
4.507503419729032568e-01
5.064027418987578910e-01
3.386136786904875295e-01
3.101447688784079726e-01
4.165357828741711455e-01
5.250498747319097825e-01
5.708513734056286371e-01
2.731240121966385104e-01
5.717263979357419812e-01
5.275003361413627134e-01
6.140751274597916476e-01
6.127027731509384623e-01
6.227970760542871353e-01
3.156088136420350243e-01
6.243987182728991669e-01
5.321827996790494675e-01
2.816050205320276834e-01
4.598315007120307718e-01
5.666607817817471693e-01
6.287050981219908241e-01
3.436913519343755552e-01
3.819045188538917612e-01
4.361191028326301677e-01
4.856270700126307238e-01
6.404071170545652114e-01
4.770614040700659197e-01
5.901831762179932106e-01
2.029979781011939932e-01
6.113143496861764836e-01
5.223540203976501095e-01
4.911827969289652707e-01
1.870722722616303124e-01
5.695701228259757443e-01
5.939332712649154633e-01
4.209751367267962618e-01
2.193432723528594419e-01
5.484571106086432168e-01
6.306330680702929570e-01
2.293407671174982343e-01
4.019676268198631441e-01
4.083491903369598219e-01
3.672501843491454698e-01
5.330445124651537192e-01
5.652466564608157329e-01
5.445722821736940222e-01
5.620713171027855726e-01
3.680863456795862021e-01
5.319422441001588897e-01
6.306330680702929570e-01
3.875182225147610349e-01
5.092546136312572358e-01
3.117003475900633203e-01
4.803455448378251558e-01
5.568660128671136800e-01
3.280337992830339444e-01
5.092546136312572358e-01
5.766987139103022519e-01
3.263274898496609788e-01
6.241533265953668197e-01
5.757172302478604786e-01
5.928194962738000395e-01
1.630346573504007635e-01
