2.768265565697504149e-01
2.338396551446367544e-01
2.779154824246341526e-01
5.654438740352123460e-01
4.210086767671704089e-01
3.735364868674971306e-01
2.150454366452879962e-01
3.946964102186867884e-01
5.376784270937448040e-01
1.981905848562745265e-01
3.210409694447869389e-01
5.051191701414298185e-01
2.155906880580354124e-01
2.815651444415954163e-01
1.186549671040331572e-01
3.889258819651561505e-01
2.440202955259108686e-01
3.996901849258165940e-01
1.634718474029017710e-01
3.898759838916491249e-01
3.873928412941922694e-01
7.403653304879358188e-02
2.496402239175972426e-01
3.167163010189152361e-01
3.672202602612225641e-01
3.022510480136562094e-01
3.676703856926797354e-01
2.043426616272837060e-01
2.249533041418081414e-01
3.410660098682190555e-01
2.498002743776384094e-01
1.804802811829318010e-01
3.282353006213882818e-01
4.255599184100496979e-01
3.279919447035704039e-01
5.132951112670069982e-01
2.762644758912815579e-01
2.911894340190960273e-01
4.352915835547507828e-01
6.119635002524977108e-02
4.382578283757037063e-01
6.306330680702929570e-01
2.083076274430107622e-01
1.646839745545058964e-01
2.159274504854311882e-01
4.279795086345450916e-01
1.717083460916447868e-01
4.363981140642802514e-01
6.090882225322274968e-01
2.347474025425072275e-01
3.073225064009827978e-01
2.067331113640036577e-01
3.704984707588646620e-01
3.912612253515146965e-01
3.561091278095928070e-01
1.684894100236203618e-01
2.565707172675525394e-01
3.708762355654840470e-01
3.378993812667822616e-01
3.083729601806606269e-01
4.075096100194849913e-01
3.316944040541434657e-01
3.774307593524526827e-01
2.948286003258451249e-01
4.719328541912164998e-01
4.980284115923560018e-01
3.227896351737544189e-01
3.782059177388238380e-01
1.824339754383427492e-01
3.068159294337141074e-01
5.051191701414298185e-01
2.437458045206584989e-01
2.190924339319224867e-01
4.611072934267489987e-01
2.506529528433797394e-01
2.791996434151808870e-01
6.002783860457465426e-02
1.634216642525117003e-01
5.051191701414298185e-01
2.962853816000478591e-01
4.029590721511909779e-01
2.664888988919187907e-01
2.257609918605240351e-01
1.175720536314984743e-01
2.668051461498354149e-01
1.566482602292110782e-01
4.028666065022755705e-01
1.708322588837350164e-01
1.562534464286951807e-01
5.132951112670069982e-01
4.967224179987356214e-01
6.009254957593160862e-01
2.463946705979267737e-01
5.132951112670069982e-01
3.977389877137724183e-01
2.760968124840060267e-01
1.998419247237129270e-01
1.589343417852096541e-01
