3.546228130522363076e-01
4.026581931849047558e-01
2.460212807102364618e-01
4.429912417217839460e-01
6.243987182728991669e-01
4.748766367433983060e-01
4.805050920226422440e-01
6.306330680702929570e-01
5.173135749688054785e-01
3.847809076358115199e-01
5.068153697920807499e-01
5.051191701414298185e-01
6.306330680702929570e-01
5.148685765173245388e-01
8.749575416033018860e-02
4.732065985695365629e-01
3.055352923051913305e-01
1.922408934293570182e-01
3.408404029770597532e-01
5.503216301486668627e-01
5.536884863094678755e-01
2.484768180068362697e-01
5.051191701414298185e-01
4.242729670587709334e-01
5.654204948118716212e-01
4.319695818762461226e-01
4.851162126074694547e-01
5.276932069644439949e-01
4.801293076799053039e-01
2.701725703401900991e-01
6.387109174039142800e-01
2.767405690562362852e-01
4.587085281115443336e-01
5.710476843154694837e-01
6.243987182728991669e-01
1.348860477104903144e-01
5.599614795783592891e-01
5.162854042661420007e-01
4.562584438986606039e-01
5.198482814494231885e-01
2.459128747904345824e-01
2.568940985193304827e-01
5.502514044418591599e-01
1.725369736767760898e-01
2.558127945504810596e-01
3.153398174002519649e-01
3.431354987930911871e-01
2.075051689222545681e-01
2.403366525570718726e-01
4.803253342111808433e-01
5.420073908208624669e-01
3.208829747008508648e-01
1.815946528909124502e-01
3.065247085289348750e-01
1.525624504653965707e-01
4.114239213190349354e-01
2.926113038747119033e-01
5.952800531223192415e-01
4.171618301246448057e-01
5.321405488820819540e-01
2.051463181551097525e-01
5.223540203976501095e-01
5.455981574756868513e-01
3.694251756429349776e-01
4.953394665346849690e-01
3.684811398355301582e-01
5.051191701414298185e-01
5.068153697920807499e-01
5.205085652390888384e-01
4.919606155437717954e-01
5.431970839752487956e-01
3.718158028044395991e-01
2.580110720417282955e-01
3.639818947760920520e-01
4.374526068303130066e-01
1.049249197912764248e-01
3.037065373194502427e-01
2.686314164610142941e-01
3.280337992830339444e-01
2.616168375870789875e-01
2.239971956535800612e-01
3.119652191993153578e-01
5.641750209474266642e-01
3.942328884364398323e-01
4.662904154067546991e-01
1.825696335764044054e-01
5.283996020732519838e-01
3.320625516474927652e-01
3.969810649967009941e-01
5.547901810321740346e-01
4.179372252852746605e-01
4.015578586149415319e-01
4.242219295254107125e-01
3.772013590840574970e-01
3.320168505776914247e-01
5.114233999427409971e-01
4.862501438648528795e-01
2.370848527832216113e-01
4.439762147383244928e-01
5.026519451560410578e-01
4.327085009125430926e-01
2.008630208859286115e-01
3.427066822133954527e-01
5.599614795783592891e-01
5.584585659892282727e-01
3.773342200013779513e-01
3.413834226001313255e-01
1.722018679416140730e-01
3.153067758538833365e-01
3.761856166393633960e-01
4.646361703253991671e-01
4.015578586149415319e-01
2.902149884143255254e-01
5.460365921001689715e-01
5.024492674300400363e-01
5.122835122678994768e-01
3.808444567997437691e-01
3.892124336981853672e-01
3.836547909683585278e-01
3.456588701478194858e-01
4.414032549752201495e-01
3.694882391882676198e-01
9.828838490554907270e-02
4.843555768606793710e-01
5.543455015126051988e-01
3.894579704753073357e-01
2.890655399199593134e-01
2.492830556651121909e-01
5.633357730285819542e-01
4.866679930567308077e-01
5.359048729394015886e-01
4.440609185985927021e-01
5.518355414759595901e-01
5.502514044418591599e-01
8.340030639533878298e-02
5.367173425003225473e-01
3.356662072203016045e-01
5.717263979357419812e-01
2.920918480715936072e-01
3.339275003538526576e-01
1.625626227124333523e-01
7.825121733697783244e-02
4.414999944098980111e-01
4.218863195341472361e-01
3.031247090649614173e-01
3.603562360354342076e-01
5.105873126172486565e-01
5.805346067810890354e-01
3.319923425710105125e-01
3.265091119206056658e-01
5.705095748999274852e-01
1.989393991440952525e-01
5.293448229992244736e-01
5.051191701414298185e-01
5.706547624223529125e-01
3.776951078340296530e-01
5.473615045599040663e-01
4.665536672223076220e-01
3.821113458460934087e-01
5.064972871698713019e-01
5.367173425003225473e-01
1.050132231815494865e-01
5.583152829508858384e-01
4.015578586149415319e-01
4.036859306675901760e-01
2.435943875901368794e-01
4.233252355772922915e-01
3.327104466762120238e-01
4.370972206211398148e-01
3.989339860459178988e-01
3.553353221962576858e-01
1.436103539654373373e-01
6.313829815186866590e-01
6.450482667582145557e-02
3.536782950693328487e-01
5.169948007329362438e-01
1.070159380236617719e-01
4.574477551791987229e-01
4.728046735379172749e-01
4.344687990344675010e-01
2.947886896235480392e-01
3.431464253326721447e-01
2.946272621725593566e-01
5.388810783898452250e-01
4.178064834871750843e-01
5.690194094946517955e-01
3.564371263672932999e-01
5.378759130400184718e-01
3.405721212156340161e-01
5.209270889985430086e-01
5.279219570910533843e-01
3.896953799084407755e-01
3.407331852940115313e-01
3.894486273505886054e-01
4.112311644136830147e-01
3.969810649967009941e-01
4.051838255363179320e-01
2.850504746251671384e-01
4.213270892934610767e-01
4.458284122465825949e-01
2.864501897690933108e-01
3.626006122691401434e-01
2.659855121407697087e-01
3.675895606479444022e-01
4.911805969447868847e-01
4.121334780605906967e-01
2.780800750423146894e-01
2.215117357242108176e-01
5.017505684200935789e-01
5.942221136173968521e-01
5.558529032108178169e-01
2.350172405905768258e-01
2.118705470336218477e-01
2.412748615141959985e-01
1.223160302484879863e-01
5.205085652390888384e-01
5.719914491525088795e-01
2.956669039540228416e-01
3.444803198311845449e-01
4.297359256542668260e-01
3.783339321635491026e-01
5.132951112670069982e-01
2.336074987116163459e-01
3.855014994298217590e-01
2.798678761885946553e-01
1.666029071681986717e-01
3.399995621848551641e-01
3.702334502042602948e-01
4.276963266212108761e-01
3.377661990723619945e-01
3.774932954046498756e-01
3.109455872333163340e-01
1.578538937584234025e-01
5.404170319662517930e-01
2.693328485610094192e-01
4.316739181800220426e-01
3.387467804357084389e-01
3.144325571669777664e-01
1.520714912446401168e-01
5.051191701414298185e-01
4.349587072186553161e-01
4.058949403314895954e-01
5.104380571093382057e-01
4.549066666033093065e-01
2.858931277070880239e-01
3.328984096823729977e-01
3.683218691298736913e-01
3.637618398151458154e-01
6.356320186544015538e-01
2.720256136044370554e-01
5.637606992554564656e-01
4.984940753605213160e-01
2.562198115798750564e-01
5.840151087654235074e-01
3.417136697857122152e-01
3.611318953064201476e-01
4.404890869205108084e-01
4.316739181800220426e-01
5.406313180751773917e-01
5.802782266160133595e-01
3.158541296515866015e-01
1.405108377699438860e-01
4.122906723661747819e-01
4.401633742010438444e-01
1.053929849784372014e-01
5.502782651198940833e-01
2.003896399191762434e-01
1.579649199938795157e-01
2.467512488896163592e-01
4.672162239617045909e-01
4.106001103958525911e-01
2.769730901091422282e-01
6.243987182728991669e-01
5.127653805212469829e-01
2.968136650917352903e-01
3.846673798875886452e-01
3.395238958995668854e-01
4.071993310735549376e-01
3.314468502264231176e-01
4.050920392361972988e-01
5.386202903570082023e-01
2.610696670347742998e-01
4.514093173717139140e-01
2.717629858418467714e-01
5.662745797873881548e-01
4.184980543238741024e-01
3.140661059707642311e-01
5.941185656235388191e-01
5.602258619442244125e-01
2.903926969539329384e-01
3.900025384856181110e-01
5.524201907533430322e-01
5.470718758009078808e-01
4.767387596456451049e-01
3.814916025283618395e-01
3.403469808051036716e-01
1.825395010897156722e-01
3.387467804357084389e-01
4.260353530141164358e-01
5.254625026252326414e-01
2.676010857908930340e-01
2.382384915999043451e-01
4.478362507880275234e-01
1.433890691919238458e-01
3.062702049921470770e-01
4.749609486476835118e-01
5.816489751630046223e-01
2.778576442314983908e-01
9.356211095818593726e-02
5.132951112670069982e-01
5.313077969762383113e-01
3.062702049921470770e-01
4.160972063722249703e-01
5.740548653061627871e-01
3.229218860699493154e-01
1.566323242198454924e-01
3.017090249628374132e-01
2.427263002963468419e-01
2.208041722311001598e-01
3.005561536356743391e-01
3.987920821812531713e-01
2.269683148229233449e-01
3.064037675013225881e-01
3.495609773869751136e-01
3.270916218105590079e-01
4.869804745853276717e-01
5.108250321020122442e-01
3.443107175358402494e-01
1.767902769067278834e-01
4.021144256129459138e-01
1.412850597650525397e-01
5.051554649952153531e-01
2.887885058261265847e-01
2.876736735620704088e-01
4.350594885499950437e-01
1.606495005265748954e-01
6.357481155800278616e-01
3.608993185419238636e-01
5.944879062348603638e-01
5.113571187412517816e-01
3.853058120532459330e-01
4.730473127926476118e-01
2.752383970756809850e-01
3.213844839921957686e-01
5.424402925360662930e-01
3.443037947471121463e-01
2.842131687125771244e-01
2.443948410133410798e-01
5.214271874146523267e-01
5.438679833174093758e-01
3.856605836679540822e-01
3.888971884173772486e-01
2.618327993052335101e-01
2.339066200603812373e-01
1.133902867858791741e-01
4.316739181800220426e-01
6.387109174039142800e-01
4.212881221542543186e-01
3.015502622096840057e-01
2.485094139644223321e-01
5.187632537428257251e-01
2.943787795411624275e-01
3.432478521285184936e-01
3.977828897981178780e-01
4.146959921083987477e-01
3.997448503646744422e-01
3.682316088699924550e-01
5.465326664972162130e-01
2.150597795734146833e-01
3.266898281585108310e-01
5.635990815951203992e-01
4.979831406243467318e-01
3.345209880255772261e-01
5.068153697920807499e-01
3.269105435512566493e-01
2.844945152576789926e-01
6.018916297353040790e-01
4.839110283049234407e-01
5.431970839752487956e-01
2.936022437480855229e-01
5.140288237641627012e-01
6.069711079931409126e-01
2.720800057862597932e-01
4.127110505108564920e-01
4.273618567881183328e-01
4.450347598989120579e-01
4.982978062343731973e-01
1.142631174642466108e-01
4.229343220038532802e-01
3.083729601806606269e-01
2.254767718030629142e-01
1.881937225637005939e-01
4.851188158770400882e-01
5.132951112670069982e-01
1.687295036952214944e-01
4.194491875384242507e-01
1.061033681432284603e-01
2.795661446063103517e-01
2.801877247434881868e-01
4.263233632266879014e-01
2.525168958308078304e-01
5.582652799277083577e-01
1.963575911123939810e-01
3.439181829214276731e-01
1.236003327007406533e-01
4.580331167542091575e-01
3.614377375933379155e-01
6.134831359976602450e-01
5.695701228259757443e-01
5.122835122678994768e-01
2.979768325652050742e-01
9.474865827863369894e-02
6.309730171798642040e-01
2.311020832232194566e-01
3.392020121046564474e-01
2.620211288021916385e-01
2.612756889113449499e-01
3.576470413737936060e-01
3.540852713544294650e-01
4.979997737561673854e-01
5.051191701414298185e-01
4.631171042208531152e-01
3.775901528106988536e-01
4.205901488501349039e-01
3.834623300827996739e-01
2.614748495313917176e-01
4.152792729178764186e-01
3.133662306771106132e-01
2.719962498545424046e-01
3.264617189230685224e-01
4.395894842245310352e-01
7.179670073969909860e-02
4.391989331921869466e-01
1.340471563042474057e-01
3.188412941746853191e-01
2.308992645552102041e-01
5.466861270868570433e-01
2.833387698984590197e-01
4.960629019064686784e-01
4.341267731090657778e-01
1.936650997417595499e-01
6.214311255640682097e-01
3.612748090475980112e-01
2.768817368211206054e-01
4.650132870690235065e-01
2.727032171504855662e-01
4.067961827775590788e-01
3.333463156929588611e-01
9.343363919951075403e-02
5.384958998880783332e-01
5.604479960076708123e-01
4.015578586149415319e-01
1.359525515212026137e-01
6.468868585294914597e-01
3.150853044049666263e-01
5.794295619832597888e-01
5.611948368994974512e-01
4.131879028501681539e-01
5.010404551862722711e-01
2.872506853917483061e-01
3.318627878663297226e-01
1.607307908046647915e-01
2.994387186217452035e-01
5.000442201133348252e-01
5.635990815951203992e-01
5.254625026252326414e-01
3.259267214571769933e-01
5.119537196099012144e-01
5.537271486979605806e-01
2.185565849933677474e-01
3.599816066687999694e-01
2.987805593561561612e-01
1.577962048224586245e-01
3.582778115327564517e-01
1.785038978626863893e-01
4.248019956929782182e-01
4.556137855470326903e-01
4.559573971739663834e-01
5.049086137987452982e-01
2.946288310358867735e-01
3.633456699743200513e-01
4.634468201714753155e-01
5.130054082951834848e-01
4.765066203626477925e-01
3.536781897785848394e-01
5.843650765027454952e-01
3.155607036695917689e-01
4.688463671281389300e-01
1.112505540687203504e-01
2.951049501857250235e-01
2.541511744394846506e-01
8.624135116233086484e-02
5.276886758243951592e-01
3.053262031729699344e-01
3.273629567957984654e-01
2.997818796707986122e-01
3.806610330409153087e-01
4.023157813320129561e-01
6.468868585294914597e-01
5.773311148805548854e-01
5.102207486466405761e-01
3.154913550045726489e-01
1.872585786794970508e-01
5.676745783744236995e-01
5.420073908208624669e-01
1.721328761010154362e-01
3.807433392240113235e-01
2.906697125465286247e-01
4.379874395520430008e-01
3.977389877137724183e-01
5.472698211599221763e-01
4.316739181800220426e-01
5.582652799277083577e-01
3.454370753430122676e-01
4.107794455891684016e-01
5.068153697920807499e-01
3.612397560633657800e-01
5.132951112670069982e-01
5.367173425003225473e-01
3.927544428372691798e-01
6.109705167719746699e-01
3.881315473583838993e-01
2.799006526891513746e-01
5.987989072356373343e-01
1.461383442891207307e-01
3.779330152414708821e-01
1.730194807425000092e-01
2.129618974860170988e-01
3.747108054938810273e-01
3.793482860800074241e-01
3.598337073639302774e-01
5.896706558842261803e-01
3.023656787682147962e-01
3.352238555305380174e-01
2.842174640138231401e-01
3.834988922690668045e-01
4.209831247918091601e-01
4.204210460881914191e-01
4.641569962887146517e-01
4.060154707979422573e-01
1.850542491009987689e-01
2.629278486538281778e-01
5.766987139103022519e-01
2.878643263154943566e-01
1.773630232365471515e-01
2.566772314878341121e-01
2.508645302880471162e-01
3.963285026671432565e-01
5.810643258856211801e-01
2.987952839502520108e-01
4.232994346667469099e-01
3.674873051421927994e-01
2.594832723300540822e-01
5.661007760481970852e-01
2.467512488896163592e-01
2.494313610617415189e-01
2.808118602341114767e-01
1.374276723025570079e-01
2.041873153666156071e-01
3.105098643912784229e-01
3.431269257563805408e-01
3.418292168712032675e-01
5.923191657607110860e-01
3.775217655863700172e-01
5.694368051983424994e-01
4.845590862068925864e-01
2.671508184819718634e-01
5.165881152706560675e-01
2.421680872079411684e-01
5.358402383480113107e-01
4.408294935719110352e-01
5.690475576716953476e-01
2.151923812655371082e-01
5.178133749745124081e-01
4.087995314429501703e-01
3.155607036695917689e-01
3.377600066667399425e-01
3.316312778332717870e-01
4.601423537160075905e-01
4.782567847957572837e-01
5.365167018852499137e-01
8.028786375968911815e-02
2.118705470336218477e-01
3.393605977448437838e-01
4.780451458188857417e-01
3.269105435512566493e-01
6.243987182728991669e-01
4.015578586149415319e-01
4.278291998033962873e-01
5.223540203976501095e-01
1.369096803838367460e-01
5.695701228259757443e-01
2.098110899368212101e-01
2.707540010259610330e-01
3.875002554229599050e-01
3.816254680212792239e-01
4.286250002694177441e-01
4.079174985818722621e-01
6.170626524451945372e-01
2.467128019677777284e-01
5.656421788171355214e-01
1.780236337081684550e-01
5.991323575258400425e-01
6.090882225322274968e-01
2.933655857977834902e-01
3.194101367434835081e-01
8.241632880771616876e-02
5.124971252644023867e-01
4.743378340511639757e-01
5.185261077964111731e-01
6.109705167719746699e-01
3.644124379993279872e-01
2.523684234033472529e-01
3.354676548544082704e-01
3.001455213814058776e-01
5.383778480676949529e-01
1.700141613088620995e-01
2.058403327141945793e-01
5.716595408052943528e-01
4.709294301404041705e-01
1.188533390308953025e-01
3.083553918009122596e-01
6.185626898715081839e-02
1.687295036952214944e-01
5.920053013166133304e-01
4.740860798189922565e-01
3.342603549665855156e-01
5.334195412714174411e-01
4.239870990399969286e-01
5.024935737352335119e-01
6.387109174039142800e-01
5.435288720644223526e-01
3.381062310217418654e-01
5.211688818736472939e-01
5.987365887288850219e-01
4.983072919641327037e-01
5.386202903570082023e-01
5.219131799887121170e-01
4.365516707979900657e-01
5.068153697920807499e-01
5.114233999427409971e-01
5.218283104488266044e-01
5.431970839752487956e-01
4.684994454428028088e-01
4.765066203626477925e-01
2.490419195839237709e-01
5.132951112670069982e-01
2.079715205622564567e-01
6.274560775288243741e-01
3.501397663455477760e-01
8.349241002285698321e-02
3.931333306066147615e-01
3.492178813001304283e-01
5.302025563563268484e-01
3.040428002134452079e-01
4.117212853620970670e-01
3.624423979009686048e-01
1.385362547863683291e-01
5.068153697920807499e-01
3.678630136090698666e-01
4.152120775681849008e-01
3.983121569735558754e-01
4.979076943465606253e-01
5.593999225472630066e-01
3.695594118881703749e-01
4.966515983814301372e-01
4.244441486113960660e-01
2.303449428590210457e-01
3.600278930221177398e-01
1.909786144131625785e-01
4.570255642251030426e-01
5.187632537428257251e-01
3.821115200487525398e-01
2.121332614817835471e-01
9.916697383410469357e-02
4.137034130046331470e-01
4.314854475331766359e-01
1.783029851339135996e-01
5.350211428496716159e-01
4.888478763686314177e-01
2.424168253227128866e-01
1.942075058097614548e-01
5.310169922453534808e-01
3.110120403507949383e-01
3.612397560633657800e-01
4.952201451968322732e-01
5.618644274350449441e-01
6.239120820013047686e-01
3.562537635170318073e-01
3.615779378890389695e-01
2.510745214075452703e-01
2.191764715397772623e-01
1.726681498381885671e-01
1.495613474428982848e-01
4.814580153877878743e-01
4.305899590757744644e-01
3.848364209094488619e-01
3.530093746319616366e-01
4.097513749802761951e-01
3.241068298112652624e-01
2.591390167977067338e-01
4.601434548514316547e-01
4.097089923879795315e-01
4.021093949394963230e-01
4.048635338871905964e-01
2.880129008115774325e-01
4.522504658249393850e-01
3.835797025543883354e-01
4.429838079663063199e-01
5.319422441001588897e-01
2.232483249265923286e-01
2.560067070555729352e-01
5.440889425523021128e-01
2.508645302880471162e-01
3.544841576098302638e-01
1.475827985424602584e-01
3.116625941527960686e-01
3.504396063322513521e-01
2.589683751070215867e-01
1.688268705089270572e-01
6.239926761443650993e-02
8.535857367843076304e-02
5.158742789227238612e-01
5.623462202282906164e-01
4.320420011229811341e-01
4.288752715962567685e-01
3.614936584138884190e-01
4.073268130160470069e-01
4.765066203626477925e-01
3.567090640978909377e-01
4.469732113177102284e-01
5.125698456239675682e-01
4.526077893630883753e-01
4.018055534886096347e-01
5.367173425003225473e-01
4.575803606131443879e-01
3.874678132958843113e-01
3.534306776306176401e-01
5.420073908208624669e-01
2.612268585339909688e-01
3.884370283514811395e-01
4.037323481925999547e-01
2.138013024574979271e-01
4.477756238971923319e-01
5.463534313976717849e-01
2.648664555661693343e-01
4.492810811985408770e-01
4.479867414094214073e-01
3.985092589671906382e-01
4.007714497094616579e-01
3.742374485371610104e-01
5.431970839752487956e-01
5.520809331534920483e-01
1.670318406798702582e-01
3.734839321287579117e-01
4.052265440611887981e-01
3.298122454554883176e-01
3.538329724790991171e-01
3.207178860837136547e-01
3.056851848585060982e-01
4.892379254769654295e-01
3.984768235961847482e-01
3.337463355129183795e-01
4.329393159019366277e-01
4.353374217207975905e-01
3.829252911405192639e-01
5.367173425003225473e-01
2.576170100358624593e-01
4.187243242453212999e-01
3.969304854209279032e-01
4.662602908194705686e-01
9.666416878710630545e-02
4.427921509491040686e-01
1.522730200230314190e-01
4.005998494883932226e-01
3.696921700092916097e-01
1.576681537070778738e-01
4.262781835175895040e-01
4.252028651146892990e-01
3.540493184617111710e-01
3.296835613483449778e-01
4.850236752402755092e-01
3.280337992830339444e-01
2.088306867258361565e-01
3.451117936607931425e-01
3.050650574841961560e-01
5.406313180751773917e-01
3.766405335794021925e-01
6.208456077679380680e-01
1.842379175627494592e-01
4.255366568462614629e-01
3.776048918523899345e-01
1.125868386568189827e-01
3.494242786062982109e-01
7.403653304879358188e-02
3.625539849941505910e-01
3.333504857470662719e-01
3.524288145437281528e-01
3.306794612162850533e-01
2.784457823432828216e-01
7.966098384960791645e-02
3.961371633930966807e-01
3.844630295666051079e-01
4.174377207796631239e-01
3.740088284389087026e-01
2.878604120565803060e-01
4.426768227602718153e-01
4.970809597082240239e-01
5.503216301486668627e-01
6.000595098110865777e-01
4.316739181800220426e-01
2.884745874374106123e-01
4.259691332408918063e-01
5.412590914494935790e-01
5.223540203976501095e-01
3.790426707970320774e-01
2.816553654123327699e-01
7.751343623070000577e-02
3.020617238153568973e-01
1.540651214596549523e-01
2.958998645672184513e-01
3.907841998489392510e-01
5.357058755044233900e-01
3.262562279696379908e-01
2.493388226551522535e-01
1.785071785062006533e-01
2.985439106564726774e-01
2.987790534801863518e-01
2.212423018969892630e-01
5.132951112670069982e-01
5.132951112670069982e-01
1.093993706984962566e-01
2.832726694478194807e-01
5.449886753805786022e-01
3.996901849258165940e-01
5.114233999427409971e-01
4.343839290788237828e-01
5.533421956410431441e-01
5.032062190400444779e-01
5.068466063245005149e-01
5.367173425003225473e-01
4.896330025563211952e-01
3.975446915678602644e-01
5.319422441001588897e-01
4.336086914905276091e-01
4.272054997674510496e-02
2.821591134573023241e-01
4.543723184476871624e-01
5.248836693884184612e-01
1.313885815469190699e-01
4.297359256542668260e-01
4.260295372853659113e-01
5.571193401201941509e-01
3.487731216431808057e-01
3.689803143331209512e-01
3.364893345331682606e-01
3.987920821812531713e-01
2.784474287455026564e-01
5.496948410817384945e-01
4.348147264342205887e-01
5.731944484381694682e-01
2.100114563594028538e-01
5.734690600132813509e-01
5.813097175631536384e-01
2.956923287073943696e-01
4.150230688263715217e-01
3.930713146678461167e-01
1.445006624922189342e-01
2.620726725210828501e-01
4.210074037157569560e-01
2.454258453155827302e-01
3.380150718927698583e-01
2.594968543168517106e-01
4.532426520372662138e-01
4.897302284280184992e-01
3.310761839702839326e-01
4.795741141389042728e-01
4.979504465478404862e-01
3.422665345614521182e-01
1.875373434705118192e-01
4.358649837681790040e-01
4.099061064386002040e-01
2.648671536240802538e-01
7.905870819421619011e-02
4.062809216622177422e-01
2.967535796219331612e-01
1.770374689209301411e-01
5.614428064853541622e-01
3.783880816465597374e-01
2.107034249726988107e-01
3.772217694824862577e-01
3.845625072883083195e-01
5.105873126172486565e-01
4.307507487537819979e-01
5.480952045843155984e-01
3.248801535609203706e-01
2.461661823989431952e-01
5.957245446152710233e-01
4.903883741814681341e-01
2.903771729608804475e-01
3.547649502611550099e-01
3.901823398477443083e-01
2.622283525315948771e-01
3.615855315035200190e-01
1.659609621581079608e-01
2.996301247289121505e-01
4.958072659484570877e-01
3.825212037508329277e-01
3.763348721472737357e-01
3.899504863984657455e-01
2.338396551446367544e-01
3.101835023615420739e-01
4.524487706068625048e-01
3.626428927928143642e-01
3.969810649967009941e-01
3.812436987362302077e-01
1.922328445597167312e-01
5.073786212454615141e-01
3.793804135821133294e-01
3.987567988670134289e-01
4.963804629600961360e-01
2.551193638197591929e-01
5.322328027022269481e-01
3.958009951880172572e-01
2.696416666367879578e-01
3.551715307445058034e-01
5.350211428496716159e-01
4.877993565918642971e-01
5.326131434423194699e-01
3.172719142677549176e-01
3.838184522878137495e-01
2.162247822032982436e-01
4.672647406495447076e-01
4.105655950908301821e-01
3.218416218082593705e-01
4.093713143572280111e-01
5.164103048703051480e-01
3.788553738354055178e-01
1.024080526607724501e-01
4.326154514352647529e-01
2.761311639803227247e-01
5.587589794103413610e-01
3.734113722518332956e-01
3.179881433037615723e-01
5.068153697920807499e-01
2.138013024574979271e-01
3.544511468295636902e-01
4.344608956801749300e-01
4.242560569280919291e-01
1.685646184877524767e-01
6.423100649112508664e-01
3.381295592107714243e-01
3.989294399385761580e-01
4.357959671380014915e-02
7.706864840613661394e-02
4.015578586149415319e-01
5.702189724353760036e-01
4.133369632635731095e-01
2.645267127765732473e-01
1.730194807425000092e-01
3.400541665072669417e-01
6.159952435290194650e-01
5.214271874146523267e-01
2.877904447434543322e-01
4.091391579242076304e-01
3.623123451180405019e-01
1.819462141252314313e-01
3.831241043946431168e-01
2.942586747071018194e-01
2.992716281291815106e-01
3.818411571060358334e-01
2.833096631910321239e-01
4.345183186348719473e-01
4.078924839739022090e-01
4.752615100786931612e-01
4.758512596690139262e-01
3.555435147460581091e-01
1.160774169553456109e-01
5.221218639646296733e-01
5.438418886737407254e-01
3.425336299570359011e-01
3.061359606396280020e-01
3.854121174590035559e-01
4.334829408688546937e-01
6.241533265953668197e-01
5.431970839752487956e-01
1.177799121196363569e-01
2.476642431551673296e-01
5.875440673605474284e-01
5.664412210532854264e-01
3.969810649967009941e-01
6.182980980155120543e-01
4.021202266862221597e-01
6.208456077679380680e-01
2.716354938172198530e-01
1.887956312085974919e-01
5.395416640199178770e-01
4.314649513846322004e-01
3.659562523148182089e-01
5.782257989499027806e-01
3.453786589342484059e-01
4.100560205073985331e-01
5.583152829508858384e-01
6.103010656193424976e-01
4.494115030707545588e-01
5.624788212967758438e-01
6.205291569964137555e-01
3.719140375132547471e-01
1.717282444839286770e-01
3.485154546027336986e-01
3.881941172948691898e-01
2.567705142054269585e-01
4.134059921066458587e-01
3.563470795992150775e-01
5.540112240715903136e-01
2.640257444905032558e-01
1.701714372069804693e-01
5.237663029745817100e-01
4.167847090155599732e-01
5.293945119171299396e-01
3.389472987139494076e-01
3.670453617269190949e-01
5.672684456625857186e-01
2.467051984790409602e-01
4.676212990887833043e-01
4.388892476370569451e-01
1.776640231884510646e-01
2.502697745540067298e-01
4.235142795546076866e-01
5.431970839752487956e-01
5.350776483301014075e-01
5.566390947787319687e-01
3.465218459032023968e-01
4.798059765269827581e-01
4.747185449199374241e-01
5.048249310404598900e-01
4.647734767365923059e-01
1.265137542031982698e-01
3.309868669616744530e-01
2.745063141425406750e-01
5.435288720644223526e-01
3.609971077658959415e-01
3.031393015519094347e-01
5.223540203976501095e-01
3.963731072787995413e-01
3.231112676428714581e-01
5.065528016907829834e-01
2.225483323891442600e-01
3.396696958337271366e-01
3.086870562020403441e-01
3.141865831162358735e-01
3.804595408492399966e-01
2.258314036190977592e-01
3.196357820922703930e-01
7.902779013252883566e-02
5.635990815951203992e-01
5.266976537348501131e-01
4.306513067872784761e-01
1.832104405525364355e-01
2.661960127718639990e-01
6.243987182728991669e-01
3.755159333897515328e-01
3.957727206205002290e-01
4.372472169061095704e-01
4.102626006432067429e-01
5.132951112670069982e-01
3.547934766741631107e-01
4.647191473342481283e-01
5.498116988447543374e-01
4.891178360259558766e-01
4.015578586149415319e-01
4.658957809019351193e-01
3.007128844748759300e-01
3.951415666128380022e-01
4.431988302789517942e-01
1.222576645622168029e-01
2.435526038974355767e-01
4.141658776178789303e-01
2.762644758912815579e-01
3.648156001192818798e-01
3.359082022577996596e-01
5.603436200314844129e-01
2.960677899021198489e-01
5.068153697920807499e-01
5.721219202920617697e-01
2.313248529808563936e-01
6.016462380577716207e-01
3.780360474873606935e-01
5.431970839752487956e-01
2.780413272155248805e-01
3.358268649990403532e-01
3.714637916158775588e-01
5.895252593393977003e-01
3.536781897785848394e-01
4.657540568526643554e-01
4.713869381890881671e-01
3.629297944902548090e-01
4.115998815956790624e-01
5.304443492314311337e-01
3.522514519148901568e-01
2.926869068933153906e-01
3.451125559533360643e-01
3.838052997791708831e-01
2.324101609084377740e-01
4.982978062343731973e-01
3.894826719134611981e-01
2.602704067334818405e-01
5.048773772663255333e-01
3.485828050302100523e-01
1.727259876155661511e-01
5.170841827037544469e-01
4.606357195527361892e-01
5.188648089039966660e-01
3.794442455524214552e-01
3.134646541401196473e-01
1.605463851290578337e-01
3.281827285247468362e-01
4.130273037972661543e-01
4.236041695818685282e-01
3.434750695627583617e-01
1.704389559482865357e-01
4.793356436910068963e-01
8.241453106953466889e-02
1.248974893551733217e-01
2.835088797305482244e-01
5.132951112670069982e-01
1.914274080673695200e-01
5.664412210532854264e-01
3.930264860664938742e-01
4.219598562348131909e-01
2.548528486146546812e-01
3.715049337937745277e-01
4.356148621142690858e-01
5.132951112670069982e-01
3.954837279714526477e-01
3.717273688661116848e-01
5.330831503239165103e-01
4.724030731094630009e-01
9.108992348368186165e-02
2.937971093787049015e-01
4.075933451632955951e-01
4.216914857090253155e-01
2.121332614817835471e-01
4.843555768606793710e-01
5.727543212623142921e-01
3.226105371704554026e-01
2.402431126930717198e-01
4.236708521978383990e-01
2.277106133492314832e-01
5.068153697920807499e-01
2.085663955149424098e-01
5.300595068701174917e-01
3.070421459302407619e-01
3.614936584138884190e-01
4.084947707508240766e-01
4.622993306255079871e-01
1.269844820094036542e-01
2.538757950630345372e-01
4.166169782554663970e-01
6.128984867202769138e-01
2.567656253055018434e-01
1.147961885148134492e-01
2.225047369264243902e-01
4.006073102681496634e-01
1.090766053923972745e-01
5.074096320212132527e-01
4.765066203626477925e-01
4.023252464817446694e-01
3.489877378640666161e-01
5.119790174531015925e-01
3.110455660475133777e-01
5.583152829508858384e-01
2.145666556039818873e-01
3.632583982878623274e-01
4.268843672994627747e-01
3.062702049921470770e-01
3.083729601806606269e-01
4.028311214414001529e-01
4.278468028989490524e-01
2.564583172632744490e-01
5.288170039093752495e-01
5.158742789227238612e-01
4.325923376734939763e-01
5.132951112670069982e-01
4.081632344032020132e-01
4.679267918270479387e-01
4.236036979042628325e-01
2.981835651803097509e-01
3.936720910993982692e-01
3.952013155264287869e-01
9.440837988861849883e-02
3.987920821812531713e-01
2.270292452171980280e-01
3.783339321635491026e-01
3.655355915585433157e-01
5.033161395667370419e-01
6.129443881854998999e-01
2.331502557087442584e-01
2.866456783093404570e-01
2.513682084856497245e-01
4.590123329757149762e-01
4.970148219432917736e-01
3.927584176929315718e-01
4.527653524461394130e-01
2.508645302880471162e-01
2.412748615141959985e-01
1.681000271676998392e-01
5.461080397201393266e-01
2.941961958216483541e-01
1.860579833073807698e-01
5.164103048703051480e-01
4.192738440389753296e-01
3.062702049921470770e-01
2.416829750017350231e-01
1.475252325669642872e-01
2.938701381268677970e-01
3.083729601806606269e-01
4.300531455783434542e-01
2.765604136760569931e-01
1.545219364395256922e-01
3.253817311405391988e-01
2.554618888628035767e-01
4.015578586149415319e-01
2.943357514843590872e-01
4.729214256983664821e-01
4.557285187859718700e-01
4.308224308613413100e-01
4.997334504688643597e-01
3.903106513316579318e-01
3.908234320339578627e-01
3.549946422878222929e-01
3.796789661737477450e-01
1.669905035114074010e-01
2.219064836270621122e-01
3.577861573722750932e-01
3.387467804357084389e-01
6.537210459245958172e-02
4.755375153790175613e-01
3.583499854821909913e-01
5.736243512899359409e-01
3.699731348884243154e-01
5.159692389125782874e-01
5.367173425003225473e-01
2.813947161387737594e-01
4.169733615565900386e-01
4.590042761027305351e-01
3.952013155264287869e-01
3.639735406360401493e-01
4.273618567881183328e-01
2.763348153079395186e-01
4.205615038421184337e-01
1.443790391015654095e-01
3.794998295049419879e-01
4.385340733605937458e-01
2.921148804487092021e-01
4.267620935591444620e-01
5.541421829993765646e-01
5.695701228259757443e-01
4.075903471313744864e-01
4.526077893630883753e-01
1.562098743523704647e-01
4.684647502184469126e-01
2.646127527795521517e-01
5.431970839752487956e-01
4.037863701418022977e-01
4.165125213103829105e-01
4.587019764908924491e-01
4.165136606955555099e-01
4.709926521935263177e-01
3.709036718606587013e-01
4.995069592601490971e-01
3.043055171561557248e-01
5.664412210532854264e-01
2.382666725179011513e-01
5.104380571093382057e-01
3.083729601806606269e-01
3.310069807166729494e-01
3.563051032026176013e-01
2.336853952599788897e-01
4.200297937758108446e-01
5.244388034013254263e-01
4.392376912050510729e-01
3.932945730452327981e-01
1.451426995927368457e-01
3.741362055064109127e-01
3.070364460940707141e-01
5.708513734056286371e-01
3.751265862890306724e-01
2.088306867258361565e-01
1.624263354283718985e-01
3.564146841588523018e-01
3.614068384486457397e-01
4.106024853102668293e-01
5.068153697920807499e-01
5.431970839752487956e-01
3.868739903152227932e-01
4.832733607184788172e-01
5.100799933138275843e-01
2.760968124840060267e-01
3.702851121024017256e-01
2.701921372692998036e-01
4.815512880232459270e-01
3.933891018938997508e-01
1.550592328400320630e-01
4.385340733605937458e-01
5.350211428496716159e-01
2.770997215144269665e-01
6.182980980155120543e-01
3.882002696837706379e-01
4.135101798483360458e-01
4.979376560605948687e-01
4.313180687123454038e-01
3.177818472347000434e-01
1.283808244193883341e-01
4.484041852371163928e-01
6.201401136589812513e-02
3.074645645119160609e-01
4.927143939837403397e-01
4.240155030122338964e-01
2.504659257087836766e-01
3.932916457961344037e-01
4.588997466078522658e-01
4.396258030883488654e-01
5.265053009464066847e-01
3.354676548544082704e-01
1.922641051021688752e-01
5.360908887423310176e-01
4.315382020437003585e-01
1.577877865517141875e-01
2.974451162625254552e-01
3.766511983992362755e-01
2.549751408562100363e-01
4.455063684887292652e-01
5.114233999427409971e-01
3.652360211909911891e-01
5.749109810522962105e-01
4.237172982022805456e-01
2.891292383279661649e-01
5.229135090320180534e-01
3.110632423164981231e-01
3.486503288288292923e-01
3.757937616855642204e-01
5.118335112520646657e-01
2.352493387135186353e-01
3.572164230022745190e-01
3.665155566643922280e-01
2.883977625056444172e-01
3.858424385634551257e-01
3.498743806513601728e-01
1.042918450849638773e-01
3.560971021094389566e-01
3.938798193512998980e-01
2.915004642399784407e-01
2.958998645672184513e-01
4.970148219432917736e-01
2.699220158820602733e-01
2.386303520624988295e-01
3.818784489478321831e-01
3.779909005192155780e-01
4.438129387227221501e-01
3.422436972788420739e-01
5.505430354920399783e-01
5.424950821826672875e-01
3.174001453024691832e-01
1.767902769067278834e-01
2.167975911047170245e-01
3.741086687017067813e-01
5.401954347504989151e-01
4.601434548514316547e-01
1.860579833073807698e-01
4.110680470098097006e-01
4.558663886533792509e-01
4.248019956929782182e-01
4.687180735218251515e-01
4.195454823197752314e-01
1.645770784603761139e-01
5.871964688209654337e-01
4.475940835227214531e-01
4.103991138918153259e-01
3.582778115327564517e-01
1.767232335166351864e-01
3.679100738961583739e-01
5.165558110713421858e-01
9.795957561948270831e-02
5.905606476033078422e-01
5.932957479465441608e-01
3.546787696279865010e-01
6.358303234363246181e-01
2.410701432472618366e-01
6.275175132771138031e-01
3.775645739149983138e-01
1.464682503451507356e-01
6.205056171864927750e-01
2.987805593561561612e-01
2.843018037739034609e-01
5.685227727847251833e-01
1.247196012080510202e-01
3.280337992830339444e-01
4.094319182774261434e-01
3.583358586443556870e-01
2.623704376668070104e-01
3.925974129640280030e-01
1.989393991440952525e-01
4.385340733605937458e-01
2.041078214754932785e-01
5.441683005944534246e-01
4.577195246316906330e-01
3.593731843411811511e-01
3.062702049921470770e-01
2.381637938946427335e-01
4.302308628488717424e-01
4.135216077922293509e-01
2.970423169954850562e-01
3.918185042313880317e-01
2.870146421398508951e-01
3.553189335302211482e-01
4.429667961827630229e-01
1.137394802776117292e-01
4.025635232902900484e-01
1.177638071045883639e-01
5.521298348333664174e-01
3.013049138749372968e-01
2.623913564334969806e-01
5.132951112670069982e-01
5.468967734411780413e-01
5.747883563081713776e-01
1.269579099714549242e-01
4.062373088415957012e-01
3.248156023290363903e-01
3.979398314266945902e-01
3.762872628515661622e-01
6.234247754236550421e-01
4.316739181800220426e-01
6.296867818680357276e-01
2.478461093800775894e-01
3.891443072581475260e-01
3.335964735178266194e-01
5.623695114148460350e-01
1.959712263487246031e-01
3.328984096823729977e-01
3.802003237585210860e-01
6.378627229936129073e-01
5.961033104635431457e-01
5.583152829508858384e-01
4.187389468747341748e-01
4.425947371368670891e-01
3.005779006965114131e-01
1.539210536778301830e-01
5.190038026695861229e-01
4.803253342111808433e-01
3.004691512565493827e-01
3.369870595939563063e-01
4.528718478533653169e-01
4.749524233192189970e-01
3.124912067706344665e-01
1.618952620956501109e-01
5.583763581329315162e-01
4.584663942108286872e-01
5.296266683501503758e-01
5.122835122678994768e-01
1.079503599438615957e-01
4.152491360657272201e-01
3.861473879058355818e-01
2.966609167997216190e-01
5.316998018108456403e-01
5.570843467972544927e-01
3.158427292516697849e-01
3.682501647792540966e-01
1.971346417179831723e-01
5.109264960042723125e-01
3.059062955333000100e-01
3.664034529917257754e-01
5.105873126172486565e-01
5.187632537428257251e-01
2.439521188830780507e-01
5.611736870752231932e-01
6.216089325344144045e-01
4.560481881491086353e-01
4.962893678578771395e-01
4.136501836983176861e-01
3.280337992830339444e-01
2.917567774679941106e-01
1.188113720927954226e-01
2.296197947715947207e-01
2.766340666850615748e-01
5.516822908441777473e-01
7.924972567146523761e-02
4.606921744146128539e-01
4.073941220755888382e-01
4.122793443081737008e-01
3.242996975161605566e-01
4.784924042861742333e-01
1.214189836335304029e-01
3.047017680246698612e-01
4.729428382817829069e-01
2.929969285888985864e-01
2.865524612815331662e-01
3.184402369342361205e-01
2.447907504404857604e-01
4.645772359859369760e-01
2.143019904186445057e-01
2.928479778317021887e-01
4.733877639301684592e-01
5.068153697920807499e-01
3.317754493467515720e-01
2.979768325652050742e-01
2.536902426225480234e-01
4.015578586149415319e-01
4.752198383288700478e-01
3.951821198693348247e-01
4.629158976550175053e-01
6.093357528696131675e-01
2.566958165001653192e-01
5.431970839752487956e-01
3.711745890089711564e-01
3.775111556466099194e-01
4.553781979660526669e-01
3.530233184322774664e-01
5.132951112670069982e-01
2.474977783785988761e-01
5.229145342915823003e-01
2.915070665831229202e-01
3.318720587530722410e-01
4.274396047029471735e-01
2.781596168495622523e-01
2.927056498937384288e-01
3.057364131209113767e-01
4.765347925497237513e-01
6.422278570549541099e-01
4.014270119418520966e-01
2.983149422568416309e-01
3.996131113706848925e-01
5.162633924713116995e-01
5.297414242479079327e-01
3.594528631407346575e-01
1.567270892191338916e-01
5.416357577191772688e-01
4.029330568133868140e-01
5.214466663069766694e-01
2.079406512482105951e-01
1.528833529671657088e-01
5.431970839752487956e-01
3.653259347085867081e-01
3.296835613483449778e-01
3.790464413075704808e-01
5.431970839752487956e-01
4.877136833915011738e-01
3.846670508150237255e-01
3.565351692037285747e-01
2.540879883494412961e-01
3.056327471556822828e-01
2.798827053458617931e-01
3.343653427308695414e-01
5.691551737549778167e-01
3.930369975755151901e-01
4.905803363651424220e-01
3.537044801403961825e-01
6.306330680702929570e-01
5.685227727847251833e-01
2.632439696252109051e-01
3.377501045552069314e-01
5.341729484393702432e-01
4.807328895434218596e-01
5.122800111686334201e-01
9.746518286015735943e-02
3.756452040276856419e-01
5.586085295332448020e-01
3.252389744519973425e-01
3.062702049921470770e-01
2.382098056397114472e-01
2.020267746823101451e-01
4.869616677660307258e-01
2.521096590732387899e-01
4.516250127967820771e-01
1.774230209813825176e-01
3.229439162620772463e-01
5.011348871632934632e-01
3.062702049921470770e-01
1.489252559955485111e-01
2.503054435878574457e-01
3.847183661787585418e-01
5.132951112670069982e-01
5.613706418904776951e-01
4.606395399542509428e-01
5.030797118425029968e-01
6.333164429043930399e-01
2.895077848638213935e-01
2.167572649561021747e-01
2.987805593561561612e-01
5.187632537428257251e-01
5.630903813510494960e-01
3.349683484575486925e-01
3.456531562798123569e-01
2.662030701622886686e-01
4.212730590290960087e-01
3.369141315632019906e-01
3.952013155264287869e-01
4.456449130276524118e-01
3.695435974880596497e-01
5.043659781283126309e-01
3.174812567006208841e-01
4.316739181800220426e-01
1.537380696871704089e-01
2.453298330418853535e-01
3.010635191921881004e-01
4.092002346653462741e-01
1.688601461271264648e-01
2.609471472695788496e-01
2.308096192016125814e-01
6.009254957593160862e-01
4.269998629348844554e-01
6.306330680702929570e-01
3.628813656313210068e-01
4.104247075469297235e-01
5.508690362279559105e-01
3.949649669001801811e-01
4.944260849904300037e-01
2.772958478276552619e-01
7.883826169304507248e-02
3.906899707618885498e-01
2.307249302046976980e-01
3.788553738354055178e-01
2.904670174626253765e-01
2.388459717156466711e-01
3.265420945332584979e-01
8.148109615915050119e-02
1.612005544677520275e-01
4.558098439877452113e-01
2.849267796156598198e-01
3.308706584049885269e-01
2.865222957420725525e-01
1.839213611886584554e-01
3.035152458575893775e-01
1.954407024403800042e-01
3.139909208930272699e-01
5.076970528966264773e-01
3.352459366530376461e-01
5.176923114021895200e-01
4.201793153689284965e-01
4.307507487537819979e-01
5.962077380976780194e-01
8.461213981381961180e-02
1.940235394865650609e-01
1.937190562090554402e-01
3.276516213077369510e-01
5.139362863969687556e-01
5.104567680963847387e-01
1.132280852971801755e-01
3.894486273505886054e-01
2.024174122962861533e-01
2.273215466773736149e-01
3.062702049921470770e-01
4.284972563992997530e-01
3.158624493876527328e-01
4.734317313924808479e-01
3.561340178980010318e-01
3.253800461767522023e-01
3.806350026318786606e-01
3.068614194023217001e-01
5.304443492314311337e-01
5.159352207503473675e-01
5.367173425003225473e-01
2.559460903508121166e-01
5.254625026252326414e-01
2.561181453073421710e-01
5.703964044958227397e-01
3.745009218478610458e-01
4.241755216667775774e-01
4.018123465607991718e-01
3.242498053964659177e-01
4.064442786467171720e-01
3.646742244753294337e-01
2.811841447248568104e-01
4.561876213710481798e-01
5.791039819945777989e-01
6.102049271630506366e-01
4.248019956929782182e-01
3.406924010838699446e-01
4.290209422296366037e-01
6.557414776760506214e-02
5.051191701414298185e-01
2.284529801638134905e-01
4.851188158770400882e-01
2.011003240928582181e-01
2.718943523165461840e-01
3.829688858756624126e-01
2.676131871590276545e-01
4.089879453388099995e-01
4.267599288104681476e-01
3.408358567657785443e-01
3.164991908728486680e-01
8.822970603023286285e-02
2.815240978880698686e-01
5.367512145235685539e-01
4.825687665699778250e-01
3.856842342774183807e-01
6.404071170545652114e-01
2.058922326338690767e-01
2.987144882164652904e-01
4.978661007592671828e-01
4.238653592370652534e-01
3.498633287607011422e-01
4.308847377268658629e-01
3.031054706887189587e-01
2.633129999234371521e-01
5.051191701414298185e-01
2.315318034532245495e-01
2.471589572208515162e-01
4.081395106203057344e-01
2.865034465154456811e-01
2.780800750423146894e-01
4.576535718271593223e-02
4.611308662894417765e-01
4.418836811714717538e-01
5.068153697920807499e-01
5.624552814868548634e-01
4.186817013448217994e-01
6.100986170800140052e-01
4.571014077597884140e-01
4.057703347077241673e-01
1.416130250621021602e-01
3.873928412941922694e-01
4.819747628384665750e-01
2.380189268178008744e-01
4.679267918270479387e-01
3.023833643917575587e-01
4.954057923262343288e-01
1.392740082447300742e-01
4.186386637255813392e-01
3.566302476846517355e-01
5.132951112670069982e-01
1.982221094051432320e-01
3.123769773266170113e-01
6.126696666423609994e-01
3.956022691391624657e-01
4.353736076459513438e-01
5.207071948320559640e-01
2.816375392625399265e-01
5.051554649952153531e-01
2.699953859676530454e-01
3.791056682368210695e-01
2.062692166467084143e-01
3.942585721031907631e-01
2.600838590719564691e-01
4.955305801560030421e-01
2.623662674048205523e-01
4.360749882958770973e-01
2.425490674879869357e-01
6.306330680702929570e-01
3.969810649967009941e-01
3.387467804357084389e-01
1.746875217182143614e-01
3.786470898188151191e-01
5.504589249186322419e-01
3.309542582195257321e-01
5.652326167243100219e-01
1.810096133205786328e-01
3.805666378584891540e-01
5.042476401623919857e-01
3.638965384873683595e-01
2.898824568456646045e-01
5.639529831319888276e-01
2.101239474147127972e-01
5.343042847716047428e-01
2.877030876186995600e-01
3.230093266581499645e-01
6.263137502437569060e-01
2.698710065163137939e-01
4.005655052678439021e-01
4.317530897546492108e-01
3.267191608304848005e-01
1.730194807425000092e-01
3.021001191831866328e-01
4.023157813320129561e-01
5.766792616264986293e-01
5.315408337771123648e-01
3.525834278228018870e-01
1.036238664437109797e-01
3.389494497426072117e-01
3.387375522681144169e-01
5.068153697920807499e-01
4.118579578460718760e-01
2.578914103019015469e-01
4.692652909508597259e-01
3.379508077418790224e-01
2.409424338850691405e-01
3.503031091942705455e-01
6.066447146776048349e-01
1.937519701176762255e-01
3.853974108464470749e-01
5.523442417200304932e-01
6.151291910594881562e-01
1.709296256974405792e-01
4.587706270980007051e-01
3.704159264502960847e-01
5.378759130400184718e-01
2.423381694960538568e-01
6.006801040817836279e-01
5.551863811781955205e-01
2.509043100265312409e-01
3.203894898533557467e-01
4.579090477702582040e-01
4.982305675418959856e-01
2.505407654993883626e-01
3.589389665435968046e-01
3.553353221962576858e-01
3.323187408756442807e-01
2.782962612698628435e-01
5.791039819945777989e-01
1.626491403175713557e-01
3.887257366219635246e-01
1.162866072207336954e-01
6.356320186544015538e-01
4.385315226844273551e-01
4.028196989023625774e-01
3.879915582678160613e-01
3.272760201064590646e-01
4.055985968707126466e-01
3.257580916201135990e-01
3.801672622557619174e-01
1.840340026444742261e-01
4.954023526552329693e-01
4.588997466078522658e-01
4.845758388691774887e-01
3.145855727914730893e-01
2.586320215777528908e-01
5.933840547668218779e-01
3.469227770649967457e-01
6.468868585294914597e-01
1.278399407537421650e-01
4.485420575990726744e-01
3.311871724756891844e-01
3.634005624171203208e-01
3.100865811366191327e-01
5.801956422907241784e-01
3.865077476217146368e-01
3.901865086545773242e-01
3.871784001074818349e-01
5.571193401201941509e-01
3.495660727108149124e-01
4.070376070830755144e-01
3.252004590340057955e-01
4.890406091600114635e-01
2.942368771316511977e-01
2.637925669555000185e-01
5.587189766176170469e-01
5.595965335305387311e-01
3.368019343449549230e-01
3.178020769862185957e-01
2.410701432472618366e-01
2.976985408030098923e-01
4.635891265939555139e-01
5.766987139103022519e-01
8.815472072428043315e-02
4.245596233549713827e-01
2.695522830029371542e-01
5.925645574382435443e-01
6.112637228179154114e-01
4.647681563836612018e-01
4.750040282584957474e-01
4.157778601570996657e-01
6.468868585294914597e-01
3.251804127357648677e-01
5.132951112670069982e-01
3.783339321635491026e-01
4.056081270865926625e-01
4.255599184100496979e-01
3.447921133840052277e-01
4.452410052454809919e-01
4.152677804275323736e-01
3.194654165689272962e-01
4.358174112670664679e-01
5.669230138465310986e-01
5.449250298777945645e-01
1.947830750333868766e-01
3.393061753166166095e-01
2.509090264907693490e-01
1.427966687277257840e-01
1.806125974570936266e-01
5.514684168555047394e-01
4.839529350620330739e-01
3.468543262296730489e-01
1.821397434052611231e-01
4.109368028719418975e-01
4.969811249542211984e-01
3.645160403535622762e-01
4.728569957639187638e-01
2.871692849377522894e-01
4.353992244795818478e-01
1.587760153702203192e-01
3.171096060331544120e-01
4.611410164007030965e-01
5.099935085535822754e-01
5.471515593816799194e-01
3.116344384921060362e-01
2.194257493086099464e-01
4.558012220994535069e-01
5.801956422907241784e-01
2.908709851139684166e-01
6.214311255640682097e-01
4.111980627902636631e-01
2.157943655784148040e-01
3.560727289123337136e-01
5.416357577191772688e-01
3.378307758733713473e-01
3.594313526462771247e-01
2.103114328187146442e-01
4.100081548967999256e-01
2.855037369517628987e-01
5.900099134840771642e-01
2.498684436407642984e-01
4.480846844639039261e-01
2.638592236905258903e-01
2.432835062106672441e-01
3.723306404701189898e-01
4.023359919586572686e-01
3.036528387261384077e-01
1.726589491106315655e-01
3.657250018187768181e-01
2.782055447154269667e-01
1.040899844276402392e-01
3.860511718067118903e-01
3.809806633227872941e-01
5.030708689787618537e-01
4.905803363651424220e-01
5.633668584329191154e-01
1.910398658766580549e-01
2.509567079205135554e-01
5.231349599009070817e-01
3.840697392078402661e-01
1.363301628091301287e-01
6.062230316760122140e-01
2.834685412131288107e-01
3.643136945064935350e-01
3.328984096823729977e-01
2.844020269499451525e-01
1.543520859365739850e-01
3.763991265278484044e-01
3.297474070386716138e-01
3.025096248368451257e-01
2.683637787089416804e-01
5.401829958906970708e-01
2.316915283746449339e-01
3.873928412941922694e-01
3.957418129527662809e-01
6.112637228179154114e-01
3.009362363978432819e-01
3.592920871827455787e-01
4.082352705288143646e-01
1.118973351774528724e-01
4.928536988403552921e-01
2.599555907229494922e-01
1.895956994318883926e-01
2.548473145620415159e-01
2.933874653815265465e-01
3.518161839122534440e-01
2.213268267733798367e-01
2.641607807583324918e-01
3.738683847168187691e-01
2.680548235369176746e-01
2.785031600842825528e-01
8.988380757109185049e-02
2.490112208346533240e-01
3.083729601806606269e-01
4.358174112670664679e-01
2.375529021715732103e-01
3.012429341071265476e-01
4.999712296149205204e-01
4.158622512633098345e-01
5.372729608421993319e-01
2.508058046591693513e-01
2.834022213461328543e-01
5.695701228259757443e-01
4.248874387712128775e-01
3.530979618811022624e-01
2.994387186217452035e-01
2.888106717632860088e-01
5.024979542668973620e-01
3.879912851147204744e-01
5.051554649952153531e-01
3.328984096823729977e-01
5.098955187263094491e-01
2.140126825209900663e-01
1.072142525759011145e-01
1.751222359310135313e-01
4.148160874839617596e-01
2.861046197134584079e-01
1.964511160091012287e-01
5.184986397996786955e-01
1.132726860630737242e-01
2.698802554718146007e-01
3.101363771122447321e-01
2.342217652474180012e-01
4.668047087410941431e-01
3.951133913075760562e-01
4.367392057811496642e-01
1.903695154391769062e-01
5.187632537428257251e-01
4.559861109899544518e-01
3.126643001870495486e-01
2.821591134573023241e-01
5.702189724353760036e-01
3.520636827559602833e-01
4.073630754406978305e-01
4.540665679393779963e-01
4.116125524485209630e-01
4.221412541081828729e-01
6.205291569964137555e-01
4.913905872327687940e-01
2.887942576320636778e-01
2.029979781011939932e-01
4.852825876842200015e-01
3.834369744492183152e-01
2.601580067292037501e-01
2.558127945504810596e-01
4.034776738831576948e-01
2.842935631358227688e-01
4.478550448227617831e-01
3.950430724709457775e-01
1.767232335166351864e-01
1.225064355218812850e-01
2.342480540501363506e-01
5.664412210532854264e-01
1.975354380702018242e-01
3.752326865181480064e-01
5.600269242225084515e-02
2.881598835776355561e-01
3.170647028032166914e-01
2.774977228286345521e-01
6.222253566470645758e-01
2.982108123055323690e-01
5.060400340848644207e-01
2.876896136250777780e-01
4.814935252902119434e-01
2.703995893538594375e-01
3.987821180178183211e-01
4.789683797915764152e-01
4.421567606778512571e-01
4.095227517638379000e-01
4.195554114555871128e-01
4.222188801019381987e-01
3.964616187560198735e-01
3.075705819012247155e-01
3.529579414007951721e-01
3.083729601806606269e-01
5.027800545815004352e-01
4.269164294236017509e-01
4.313180687123454038e-01
1.736746060130891500e-01
5.664412210532854264e-01
3.308490512467643363e-01
3.298122454554883176e-01
1.258399524534879188e-01
1.776428171328888750e-01
4.224361909552450944e-01
4.733339935146386179e-01
1.058842078937916181e-01
5.073166211055021302e-01
4.624761453890617879e-01
3.767581540507191074e-01
2.018476140034720645e-01
6.208456077679380680e-01
2.013972649980771135e-01
3.542993855473656750e-01
3.154400936893955731e-01
4.298515461210689614e-01
1.780200023726662140e-01
1.003494421514769114e-01
8.542157808216854775e-02
3.480696799762337257e-01
3.192288664039221735e-01
2.665632938213176040e-01
1.606391480450407305e-01
5.660779688041124302e-01
2.303848067885278239e-01
3.190386049828440318e-01
3.097644625423011666e-01
1.878702651242441513e-01
4.434496059204101615e-01
3.383814312064352681e-01
2.284285299475135311e-01
4.049565650711109410e-01
5.816489751630046223e-01
3.309217765954272084e-01
4.418128982448217834e-01
5.330831503239165103e-01
3.087706650593170510e-01
4.980284115923560018e-01
2.513165446126571223e-01
5.160797709155497959e-01
4.968716722593715662e-01
3.961815730141870495e-01
2.445400758282545439e-01
3.802041140175709821e-01
1.907708452090844664e-01
2.549751408562100363e-01
4.087995314429501703e-01
3.164297016815794672e-01
5.122835122678994768e-01
4.712117808453448187e-01
4.050608193341029839e-01
3.280337992830339444e-01
6.126696666423609994e-01
3.748200586248252031e-01
3.427216390084104614e-01
5.919013602234375337e-01
5.237663029745817100e-01
4.517065960804185765e-01
3.992263858328927162e-01
6.423100649112508664e-01
4.143545087473649580e-01
2.528356299460169376e-01
4.219598562348131909e-01
3.487332268436323934e-01
1.272215675669488844e-01
5.488848658617564436e-01
4.220145143979036617e-01
2.988712950354662778e-01
3.382107879566571551e-01
2.539303906545254397e-01
3.888721167466029915e-01
1.616707384623150834e-01
4.264572029426007549e-01
2.297965841739022241e-01
3.298122454554883176e-01
1.475322863195052958e-01
5.564454427461125174e-01
2.740568092301020053e-01
3.613999592105824887e-01
5.140288237641627012e-01
1.708322588837350164e-01
3.626006122691401434e-01
5.001685600676512022e-01
4.446231670354696131e-01
3.977450589258977320e-01
5.695701228259757443e-01
1.067946864068596569e-01
2.556804553056822304e-01
3.074127409877990824e-01
3.126643001870495486e-01
4.855494569073776079e-01
5.177908120922724011e-01
3.056047508342980001e-01
3.153067758538833365e-01
2.699220158820602733e-01
5.223540203976501095e-01
3.884085160742496989e-01
2.113999318978714292e-01
3.172719142677549176e-01
5.721219202920617697e-01
1.896727659191317639e-01
3.516068230820899032e-01
3.721946141782276340e-01
4.955741175165233603e-01
5.706547624223529125e-01
2.040214654963307672e-01
2.153275647117466052e-01
3.625539849941505910e-01
4.132837095314671472e-01
4.316739181800220426e-01
3.339731047598872848e-01
1.561139535454630634e-01
1.214816128155501440e-01
3.246339582229104681e-01
4.370797771767114259e-01
1.780517870821887172e-01
5.064027418987578910e-01
4.396258030883488654e-01
4.170575629731505529e-01
5.375688954048493118e-01
4.606462209796227114e-01
1.563825074205890675e-01
2.612863669314998694e-01
4.013401193228751107e-01
2.819190802785100369e-01
3.664199269921197821e-01
5.223684989668687662e-01
4.178124704043382764e-01
2.653798886969246928e-01
5.140288237641627012e-01
3.083729601806606269e-01
2.018336536767703360e-01
2.031721421987496556e-01
2.088306867258361565e-01
4.750051674357892995e-01
1.797312129708293349e-01
3.163292651176742853e-01
5.350211428496716159e-01
2.965009987586468831e-01
5.662195588753237141e-01
6.306330680702929570e-01
1.574645037306749984e-01
1.183491977826683361e-01
4.391372615011551739e-01
4.024546082746502385e-01
9.525777157841305853e-02
1.918432645305000184e-01
3.083729601806606269e-01
1.216428056750104014e-01
3.787827637556859806e-01
3.908454426854534036e-01
5.388810783898452250e-01
3.421099446642587028e-01
1.699506254622865642e-01
1.354698262863966440e-01
4.499435392993200722e-01
2.353921822955109822e-01
3.006707931211537455e-01
1.845264762642422618e-01
1.862400972202007676e-01
4.334947617041868817e-01
3.797698556835683026e-01
3.100865811366191327e-01
4.969811249542211984e-01
4.029527132344353224e-01
4.491756940985668911e-01
5.000442201133348252e-01
4.191716130629537518e-01
2.707686858112153261e-01
2.866665338807937169e-01
4.177778217448936404e-01
5.496264291198005303e-01
5.633357730285819542e-01
3.100865811366191327e-01
4.463966205763438277e-01
6.097608937316256750e-01
2.977193396234775746e-01
2.732378703686402233e-01
5.579617696281773398e-01
4.421807416071548147e-01
5.540840369373408736e-01
4.426849732827764505e-01
4.820730033678956028e-01
2.696931820841259042e-01
4.471134268925228139e-01
1.731136170115467332e-01
2.821399671714870383e-01
3.156494198037547161e-01
4.982978062343731973e-01
1.405861996488282917e-01
4.276496837552912211e-01
3.926392280464686135e-01
4.276219329390864021e-01
3.996901849258165940e-01
9.240005064863320017e-02
5.403964281363501376e-01
2.983831484185021088e-01
2.254858773220067281e-01
3.761390357214060010e-01
1.530573725887690029e-01
3.714282294318678734e-01
4.447012612768260209e-01
4.068039680565408989e-01
3.919838583100953011e-01
1.038198604419123816e-01
3.667987812929354163e-01
3.017090249628374132e-01
2.909485213039663121e-01
4.710184778416808271e-01
5.024835604083990326e-01
2.681472963576609359e-01
5.072438775674207312e-01
3.763471840969044857e-01
2.992268975428098998e-01
1.766323952490048976e-01
3.140936106581522780e-01
4.248377304166144897e-01
1.558621648053659936e-01
3.655248429634447294e-01
6.151346824968924043e-01
4.330556504333378798e-01
3.754101990277941558e-01
3.638965384873683595e-01
4.331460616134226171e-01
5.386202903570082023e-01
1.401803025679140835e-01
4.677860021941885882e-01
2.554106000036499569e-01
3.501656248385950354e-01
5.791039819945777989e-01
1.878631657422477064e-01
1.953792169050537764e-01
5.121868104593330084e-01
2.549987204749725178e-01
1.025162635900083996e-01
6.030079429298418336e-01
4.176730531890869846e-01
5.187632537428257251e-01
3.062702049921470770e-01
5.132951112670069982e-01
5.337557050070969034e-01
5.319422441001588897e-01
2.074613692183502056e-01
4.559573971739663834e-01
3.638644957999222496e-01
3.522514519148901568e-01
3.236455049989502286e-01
5.132951112670069982e-01
2.420369209207844374e-01
1.903581979830082926e-01
5.773311148805548854e-01
4.684726818442927487e-01
3.507811111048291797e-01
2.457686719911550410e-01
6.222253566470645758e-01
4.571014077597884140e-01
4.611308662894417765e-01
4.091104661434007972e-01
3.119684036987606102e-01
5.336079352108866747e-01
5.505430354920399783e-01
4.283787963044265457e-01
4.800903212079452587e-01
3.745009218478610458e-01
4.219598562348131909e-01
2.737953893488372925e-01
4.901166016107901813e-01
4.869616677660307258e-01
5.589965243806273021e-01
3.916665423458892126e-01
3.408877340266345812e-01
1.782549568579441246e-01
2.605700141035081074e-01
3.405721212156340161e-01
4.264926964225784212e-01
5.035694712892175851e-01
4.751427964752962252e-01
4.086127627020358366e-01
3.298122454554883176e-01
4.496821381271715046e-01
2.844744690633776441e-01
2.038334995798628535e-01
5.367173425003225473e-01
6.272914909396368754e-01
2.210038614876172758e-01
2.317497502086009742e-01
1.964635304431125717e-01
4.121752980281894185e-01
4.602247645662144726e-01
3.669618008897071459e-01
1.812836976104341136e-01
4.748227562559018677e-01
3.139799741891767249e-01
4.723998415254088146e-01
4.296689619857967934e-01
2.489159469474060693e-01
3.280337992830339444e-01
1.905248824877518177e-01
3.805666378584891540e-01
1.749956090990683055e-01
2.879896976618073756e-01
4.244387434438051665e-01
2.015562443612195498e-01
2.096578767232715468e-01
3.583259966534828589e-01
5.935210929620473447e-02
4.976017878250107995e-01
5.773311148805548854e-01
3.749927200685366224e-01
4.057334091488459249e-01
2.171888153534233812e-01
4.205607959099517679e-01
3.660234435069283920e-01
3.387467804357084389e-01
4.329799654064420134e-01
3.946004606205284482e-01
4.928282154650865388e-01
5.695701228259757443e-01
3.273722296573921553e-01
4.204922019498896213e-01
4.663463185575844050e-01
5.099450263736675648e-01
5.824226024160992221e-01
3.253193783337405831e-01
5.860497656815129019e-01
3.733297090386951123e-01
3.073379522315056178e-01
3.783339321635491026e-01
4.350594885499950437e-01
4.471634858351696273e-01
3.664537526583335758e-01
8.074317483844119236e-02
2.591796154757799453e-01
4.116393302867472070e-01
3.445645436986843890e-01
3.215766053072967590e-01
3.149325952981572585e-01
3.108493777863227669e-01
4.922886047988840608e-02
2.452513289669460694e-01
4.590123329757149762e-01
3.108822436748788220e-01
4.915606833448395441e-01
4.547216253374514183e-01
4.019485738717494816e-01
4.015578586149415319e-01
5.773311148805548854e-01
3.245937176165321625e-01
3.817124279930742548e-01
5.685534650897444697e-01
2.508645302880471162e-01
7.776639574570896885e-02
3.136341989569015887e-01
2.668051461498354149e-01
4.234334972290208499e-01
3.900025384856181110e-01
2.717693824886533438e-01
5.260537098635794662e-01
3.852958845804665966e-01
3.501772623245891225e-01
3.133750412156566245e-01
3.102619897022163564e-01
5.080375211841704486e-01
6.092743171213238496e-01
5.616598918938117135e-01
1.194904325592931610e-01
4.774091716153304188e-01
3.838020746393678295e-01
4.888185053429693894e-01
4.006212221590285116e-01
2.884321663874863106e-01
5.500286659700219793e-01
3.839119130538284907e-01
3.933920961839976194e-01
5.064797440474296808e-01
5.202223074470621045e-01
5.406313180751773917e-01
3.577970207166193406e-01
5.423199798229375590e-01
5.845260914177233813e-01
2.798502642581814914e-01
2.958998645672184513e-01
4.279115041155807098e-01
4.986571380921997476e-01
3.155607036695917689e-01
4.457475273326756415e-01
6.387109174039142800e-01
4.887229703596124852e-01
3.910585799507087512e-01
1.400180270742668043e-01
5.530124079721424613e-01
5.572501528050559649e-01
1.263941080543015960e-01
6.306330680702929570e-01
1.991085951398008091e-01
5.431970839752487956e-01
3.793881890907789822e-01
4.969811249542211984e-01
3.508960624089108582e-01
3.757330285685251958e-01
2.566219044738418109e-01
5.319422441001588897e-01
3.694882391882676198e-01
2.936131830722291669e-01
3.170672298851088255e-01
4.743309288282172020e-01
3.409297284047714816e-01
1.830202240333370367e-01
2.615540942794508661e-01
1.815725480701990691e-01
4.236967691049038365e-01
5.818564269357455743e-01
5.276932069644439949e-01
3.959916925315013492e-01
4.070892200256964188e-01
4.289156543919176445e-01
4.908721467110194747e-01
5.563667114593516816e-01
3.626533908936357964e-01
1.604651175097863702e-01
3.826351333292946078e-01
3.204279695161476038e-01
1.645512785892260799e-01
4.540047641411984469e-01
4.118036523498205814e-01
3.328984096823729977e-01
5.706547624223529125e-01
1.138893697127404681e-01
4.345453043521663727e-01
3.725629293221058846e-01
4.633375064437827429e-01
4.784924042861742333e-01
6.236341949276855146e-02
1.648039317944280935e-01
3.064943358379828564e-01
1.537380696871704089e-01
5.955528410783056392e-01
5.442427298238985411e-01
2.908182622010630491e-01
6.040672937257580699e-01
2.338396551446367544e-01
4.098683803374304491e-01
3.062702049921470770e-01
2.479706657365038647e-01
4.661619002013542845e-01
5.308908491479998881e-01
3.919254738107684211e-01
2.490794879048807975e-01
1.995909765426280014e-01
4.851946754184137123e-01
5.007884998311020741e-01
3.082728383456646570e-01
3.873928412941922694e-01
4.198035811250469540e-01
2.538721654945043649e-01
4.656318942237079872e-01
2.734627610124701347e-01
6.120251047466206407e-01
4.015578586149415319e-01
4.341446818907882532e-01
5.414347893827536895e-01
4.634794499094099240e-01
3.208764396065849067e-01
8.147069004481673204e-02
3.855146818730504354e-01
3.487647771695055465e-01
4.592146188496725179e-01
4.088135384385027105e-01
4.406656413155317642e-01
3.667535926450370964e-01
5.881252389250599677e-01
3.480696799762337257e-01
3.631184200070060042e-01
4.078810509369716897e-01
5.840571168635788624e-01
2.967874745118766477e-01
2.920793961154105056e-01
5.386202903570082023e-01
2.779961048912175658e-01
3.272063402900843299e-01
6.143658662930118197e-01
5.840571168635788624e-01
5.683069793446763329e-01
3.280337992830339444e-01
2.937255844277211758e-01
3.328984096823729977e-01
3.620740953337739931e-01
4.385340733605937458e-01
5.939332712649154633e-01
4.894210775378518563e-01
1.415269226954028181e-01
2.883432012141997069e-01
4.373954044353072779e-01
3.923150483311897974e-01
3.878618463026202168e-01
3.794972601196595074e-01
1.643017386848884265e-01
5.223540203976501095e-01
1.551742925530477935e-01
5.386202903570082023e-01
1.157873313820971389e-01
1.478814265941963968e-01
6.688587975896263804e-02
2.058018491017004070e-01
5.741510599937424963e-01
3.328984096823729977e-01
4.015578586149415319e-01
4.305899590757744644e-01
3.786072929303078149e-01
2.702258102483379720e-01
3.716171074177473943e-01
5.876900591670876084e-01
6.356320186544015538e-01
2.681280981020786602e-01
3.969810649967009941e-01
4.399117329511456065e-01
6.040672937257580699e-01
5.309646952766587935e-01
6.131438783978092610e-01
2.441702749726761268e-01
1.809264780118192140e-01
2.522193913654351416e-01
2.668051461498354149e-01
3.996309859563006439e-01
6.404071170545652114e-01
1.576322155737734099e-01
4.075163159903449350e-01
3.839336673904329422e-01
1.904930979861083618e-01
3.941557929500664192e-01
6.306330680702929570e-01
4.018753475345323012e-01
1.809656763125497281e-01
1.385386624417358215e-01
4.734231607463794678e-01
4.016050524643313691e-01
2.704321535059480142e-01
4.236036979042628325e-01
5.829143806803842587e-01
5.987989072356373343e-01
4.235913158993861449e-01
4.205563574839673580e-01
4.416819199842821897e-01
3.477778478030545406e-01
4.460236844886593666e-01
4.809990586298778514e-01
3.105313144968666617e-01
2.853886538523520144e-01
4.198578449415450997e-01
3.122164085201193928e-01
3.100865811366191327e-01
5.582652799277083577e-01
4.220585047269135304e-01
3.977389877137724183e-01
3.634850287755532205e-01
2.390983500007810569e-01
4.734074613033934509e-01
6.243987182728991669e-01
5.431970839752487956e-01
5.568660128671136800e-01
5.486900717415365003e-01
4.737623660646447799e-01
3.602738511701108481e-01
3.449267866949815020e-01
1.109746963625343474e-01
2.941966526359006684e-01
3.288746261473410315e-01
3.760165130459036109e-01
4.169302210372108353e-01
2.752218986494964770e-01
5.325870487986508195e-01
3.702338758366523486e-01
1.354245051155923973e-01
3.328984096823729977e-01
4.229343220038532802e-01
1.655598974340123097e-01
5.296266683501503758e-01
1.073235366808264618e-01
2.580694593474225917e-01
3.426990058630453029e-01
4.322019222822418572e-01
2.783112961234679439e-01
4.456315877715039120e-01
5.431970839752487956e-01
4.400274144304542334e-01
4.615623152417777098e-01
5.415427041882570069e-01
4.893055028044447363e-01
1.235613245054179715e-01
4.227590174817296709e-01
5.141780792720730409e-01
4.262781835175895040e-01
3.387467804357084389e-01
5.187632537428257251e-01
5.092546136312572358e-01
3.749525575207484085e-01
3.059327445068403817e-01
2.633070334823621739e-01
2.964552947785386028e-01
4.914020852319081478e-01
2.558987747882278674e-01
4.290461075499310550e-01
2.367675211241458688e-01
2.615590615497846438e-01
1.389178052786980422e-01
4.772557932418610704e-01
3.289652818971494641e-01
2.370612194277200158e-01
3.930930112140696431e-01
2.838209688874038794e-01
3.602102293655406462e-01
2.743878151742816796e-01
3.783339321635491026e-01
4.580540110951086263e-01
4.382867515259133984e-01
4.117212853620970670e-01
4.198853111713055641e-01
5.557496086735137786e-02
3.986736935967793993e-01
3.663476603286208166e-01
5.902751022128476244e-01
4.524779090158473349e-01
2.805323593433163287e-01
6.097608937316256750e-01
3.118493516682407374e-01
4.214834748455304481e-01
3.995689207501928464e-01
4.124515931119348555e-01
2.789035322592625654e-01
2.774996774115729981e-01
2.381080930101463489e-01
2.338396551446367544e-01
5.214271874146523267e-01
3.558929377362818891e-01
4.712117808453448187e-01
3.125523462912517259e-01
3.199829983422460833e-01
3.047470750596975031e-01
2.976134855231769571e-01
1.054150037372163645e-01
3.386116729692983385e-01
4.006980629935433802e-01
2.199429687487128859e-01
5.955528410783056392e-01
3.183060171114471260e-01
4.109526311999501802e-01
3.575085847677162976e-01
5.279219570910533843e-01
5.587189766176170469e-01
3.043669773302356552e-01
4.015578586149415319e-01
5.109823339850141366e-01
3.233519712316585970e-01
4.866060033107247329e-01
3.180800329197790988e-01
2.882863316335821380e-01
5.205085652390888384e-01
3.179545341435973116e-01
3.521575129230791190e-01
2.975710449326202656e-01
5.637606992554564656e-01
4.334106459338024631e-01
4.073855176491388841e-01
3.933662385224666047e-01
4.273402748872009438e-01
3.328984096823729977e-01
2.784474287455026564e-01
2.550277867499206597e-01
9.436096132195598285e-02
1.840211900181078220e-01
2.993488578014933954e-01
4.126480779126161513e-01
3.969886884418282746e-01
6.306330680702929570e-01
2.375134231301611332e-01
2.721882068412400102e-01
3.666649694328176778e-01
5.614428064853541622e-01
3.782006113137903469e-01
1.687626986563424691e-01
3.180358092465152553e-01
4.887069792622938391e-01
5.132951112670069982e-01
3.167452579494735021e-01
2.029979781011939932e-01
2.834856489328620999e-01
1.629350648794518908e-01
5.205085652390888384e-01
3.987265190980048835e-01
5.107598472547284496e-01
3.741933171622033871e-01
2.029979781011939932e-01
1.923027497170013145e-01
3.946964102186867884e-01
4.802208098093397881e-01
4.625695502356071964e-01
5.865287055424270868e-01
5.132951112670069982e-01
4.458609548831876657e-01
3.929383857740704200e-01
4.163921917590496791e-01
3.404621037133561678e-01
7.282436598440833464e-02
2.910385108013612832e-01
2.565707172675525394e-01
4.056355394756744892e-01
4.191182809604391268e-01
4.168113331272152999e-01
4.415999337270721248e-01
5.039642988097520204e-01
1.451032683635104514e-01
3.446950237770370906e-01
4.034528728709301792e-01
3.292454192097117871e-01
2.874597922976300790e-01
2.803536161895866519e-01
3.901635974709584676e-01
3.062702049921470770e-01
3.965025559651555453e-01
4.345192641728135019e-01
4.345053984310878192e-01
2.811252962394497623e-01
4.227177789518846707e-01
4.093079477242139719e-01
2.982367544699045525e-01
4.509211171219501546e-01
5.571193401201941509e-01
3.273629567957984654e-01
4.895686985965887472e-01
4.011912288506084279e-01
2.391116951093805454e-01
4.274513575618240635e-01
4.104578008551863499e-01
4.064855856727151440e-01
3.225189733009377058e-01
2.835667068021537895e-01
4.898597266935322825e-01
4.077478776813513450e-01
1.798494672654250837e-01
1.921635223992787800e-01
6.193782281952030511e-01
3.927665429581294054e-01
5.001685600676512022e-01
5.350211428496716159e-01
2.988017588635276667e-01
3.626552236594403067e-01
2.046501410658027875e-01
1.323768333360622329e-01
4.119797365223893393e-01
3.754753783662826416e-01
4.684647502184469126e-01
2.714777546605981473e-01
5.483940542351384284e-01
2.934596488933982616e-01
4.880955990234141506e-01
4.552034698925850331e-01
5.338789993297002878e-01
5.132951112670069982e-01
3.852827713609676685e-01
5.087418574586873854e-01
1.606736417306400544e-01
2.374387577500945978e-01
4.803253342111808433e-01
5.504589249186322419e-01
4.015578586149415319e-01
4.903891815837688739e-01
2.821591134573023241e-01
5.350211428496716159e-01
5.431970839752487956e-01
4.669399460279823333e-01
4.452410052454809919e-01
3.105296107200239408e-01
2.161918404388822879e-01
2.648671536240802538e-01
2.785611795479657204e-01
4.219598562348131909e-01
3.873928412941922694e-01
