3.422775326114325112e-01
4.081986260224362839e-01
2.621708045376383023e-01
3.030776852606493210e-01
4.253001710198279217e-01
4.635520911709897218e-01
5.370491305894962153e-01
3.704099299706957726e-01
1.573472106688904304e-01
3.497362855469823839e-01
4.356080197747403959e-01
5.420734612329766167e-01
3.907127869447732382e-01
5.407527897141111151e-01
3.306792938736351495e-01
2.960692464068109264e-01
4.129889640370871251e-01
2.901239650303850670e-01
2.254432225120702737e-01
3.749927200685366224e-01
1.004993481129915767e-01
5.140288237641627012e-01
1.902320470901896488e-01
3.956334907042893256e-01
1.870722722616303124e-01
4.743153793699788623e-01
4.111933117141607363e-01
1.399531473934551018e-01
4.734074613033934509e-01
3.321414294889966090e-01
5.505216463989582865e-01
3.226985781134049103e-01
9.504309434502074272e-02
2.547007013010270660e-01
5.715104712452104829e-01
3.570136815613390580e-01
9.557122140770940577e-02
5.540908794847485552e-01
5.857033971623771818e-01
6.313829815186866590e-01
3.280337992830339444e-01
2.253523899611143688e-01
3.532905826256645399e-01
5.132951112670069982e-01
2.580882797827985242e-01
2.703769561045547554e-01
2.523292785275372263e-01
2.825656043447747345e-01
5.056276074184795633e-01
2.220914343615858211e-01
2.502697745540067298e-01
5.664412210532854264e-01
5.470104400526184518e-01
4.873351685572038794e-01
6.340519159293770413e-01
2.355002769164082910e-01
4.531312496446362470e-01
4.095147370903042816e-01
1.879817920364359463e-01
2.362782896902644869e-01
5.223540203976501095e-01
2.413638281426360443e-01
2.861508599176230128e-01
4.072779596680560221e-01
2.004379304345901835e-01
1.685228369777813928e-01
1.974746233606285706e-01
4.395369983977028827e-01
1.027581140476145904e-01
3.431354987930911871e-01
2.211499575455101174e-01
2.929969285888985864e-01
3.737115326841204399e-01
3.827803736530033252e-01
3.905627945055661909e-01
2.951915333767090588e-01
1.958775876382275460e-01
2.944374825112217042e-01
3.436102511380562663e-01
3.387467804357084389e-01
3.127246088150313352e-01
4.129296133158514293e-01
5.360302554072448045e-01
1.946587048326661462e-01
1.716093912897375118e-01
1.907708452090844664e-01
2.039005036808116955e-01
5.403482362595539712e-01
2.801877247434881868e-01
5.132951112670069982e-01
2.508645302880471162e-01
4.784924042861742333e-01
5.262617614713716030e-01
3.780374432913639060e-01
4.092065846433020071e-01
4.063008780527616604e-01
4.084515168334131863e-01
4.145871694950047370e-01
1.353737605877787520e-01
3.172719142677549176e-01
5.277117535191475639e-01
2.236977907577661906e-01
5.156421224897035360e-01
3.631761587300076366e-01
4.665267576926916959e-01
5.726248396271260699e-01
4.392787202967349258e-01
1.070142617907956228e-01
3.062702049921470770e-01
1.878409545913909406e-01
3.919944233479766837e-01
3.795660163293343436e-01
3.664578179413905956e-01
2.352405703744234189e-01
4.470048894892102997e-01
4.477210267985781700e-02
5.401227213548823736e-01
3.317090816675699050e-01
3.690401518031947714e-01
3.900651233893963621e-01
4.090194003521304134e-01
2.363310103165001119e-01
1.365712045132216335e-01
5.431970839752487956e-01
1.127695850417038542e-01
1.895288283735431789e-01
3.117100600119466214e-01
2.120010535126162221e-01
4.015578586149415319e-01
1.952735527022819162e-01
1.776962464188678870e-01
4.955360962270767833e-01
4.308961380228431004e-01
4.531870206883181207e-01
2.756398668521409800e-01
2.545647046319028939e-01
4.363859923239968852e-01
5.386208000764833859e-01
2.489839545845564661e-01
5.105873126172486565e-01
3.996617899963190723e-01
1.848221828874939132e-01
3.306234444595446131e-01
2.006077232511004615e-01
3.120229107337684771e-01
3.992439191850180591e-01
3.761324451234289157e-01
5.412974946127883102e-01
2.279170035875109079e-01
5.171534973805459456e-01
3.022808580799102307e-01
3.598563514229465299e-01
3.859980994490929129e-01
3.499038379468354942e-01
2.866913452869745971e-01
4.086771933640602761e-01
5.433319573698280891e-01
4.494500685876015589e-01
5.110128834771135997e-01
4.062130229536990988e-01
8.829085490540819481e-02
3.637618398151458154e-01
2.643938858474804698e-01
4.212168194259944820e-01
3.083729601806606269e-01
3.016010371917811073e-01
1.767902769067278834e-01
2.741476863711180267e-01
4.038447527702175299e-01
3.355128174134835439e-01
2.754749389255234382e-01
2.670202457934942597e-01
5.429649275422283594e-01
1.249556061062603862e-01
5.662745797873881548e-01
1.685980509507088165e-01
1.803610514158086597e-01
1.433215095341653367e-01
4.410324003806452287e-01
3.987842378646159758e-01
3.699569403814374491e-01
4.091946713017844961e-01
5.405997429077555871e-01
3.176520257172352757e-01
2.853493859121336573e-01
3.738781388184552190e-01
2.872804538821887022e-01
4.063421561835691698e-01
4.015578586149415319e-01
2.845509725101649234e-01
4.992995881444865502e-01
7.492210068554658320e-02
1.915008527815477701e-01
