5.048773772663255333e-01
1.882447218473122796e-01
3.051568217491355539e-01
2.750657497677462260e-01
1.703663140630695405e-01
3.927584176929315718e-01
2.581756649712275142e-01
4.020219324200539623e-01
5.068153697920807499e-01
4.049403644316916240e-01
5.431970839752487956e-01
3.933214973342625265e-01
1.870645118241970883e-01
5.092546136312572358e-01
2.768612497153156715e-01
5.554458298461963928e-01
4.135191571058947635e-01
2.479270669477189049e-01
2.620747992278897320e-01
3.712423683949047093e-01
5.158742789227238612e-01
4.447095831956223710e-01
4.217256483472085482e-01
4.049565650711109410e-01
5.649933292077351510e-01
5.651539401097441795e-01
2.516757292921033562e-01
1.184011640157655865e-01
5.624788212967758438e-01
5.237663029745817100e-01
6.468868585294914597e-01
2.376886664318991760e-01
5.308908491479998881e-01
6.983785170703485368e-02
3.483125902013294306e-01
3.830671195450822131e-01
2.931653233147359372e-01
3.210872647369045763e-01
4.136297868120283883e-01
4.358186522011638919e-01
5.960287900791266802e-01
5.556446139972507359e-01
3.831188778991113097e-01
5.462209321899299530e-01
6.021643458690724149e-01
3.489165974893589373e-01
3.230602266795066235e-01
3.564371263672932999e-01
2.315459045140554062e-01
3.062702049921470770e-01
4.769695923047594377e-01
5.664412210532854264e-01
4.876502014895437997e-01
6.058773794042058292e-01
3.829688858756624126e-01
5.900099134840771642e-01
2.324101609084377740e-01
5.132951112670069982e-01
2.779880602830981373e-01
4.235273964119903312e-01
5.132951112670069982e-01
2.940336974816400439e-01
3.028942736627463495e-01
2.522742138569289971e-01
3.973576214022970787e-01
3.420744989964667471e-01
3.997614484688721270e-01
1.857880667849629297e-01
5.622335057029823613e-01
5.119790174531015925e-01
4.384751254050526237e-01
3.027057510461338974e-01
3.029841105769052745e-01
5.660779688041124302e-01
3.648630986154461353e-01
5.164103048703051480e-01
2.112837423621201915e-01
5.367173425003225473e-01
1.539073869803122552e-01
5.794690473649833917e-01
1.839302948955524042e-01
3.978958832971355997e-01
5.816489751630046223e-01
2.832118552579439008e-01
3.406173164117229368e-01
4.213270892934610767e-01
3.392047120379937941e-01
1.730194807425000092e-01
4.372761779942492266e-01
6.170695742984668719e-01
4.027833864827958799e-01
3.126643001870495486e-01
4.151587693717631034e-01
4.770961640487515476e-01
1.851487703620797454e-01
6.195765329771262264e-01
3.793804135821133294e-01
5.367173425003225473e-01
2.699500407868164475e-01
4.293800761865902427e-01
4.381556825261606058e-01
4.021786230346559021e-01
4.819747628384665750e-01
4.029527132344353224e-01
3.023958223764336428e-01
3.853091638953410336e-01
3.637484539622489743e-01
4.705847456495996783e-01
2.668051461498354149e-01
3.853402277841946888e-01
3.169705462659608286e-01
2.366482399069533837e-01
5.706547624223529125e-01
4.803253342111808433e-01
2.826152793347826986e-01
4.092489809556171809e-01
7.166708866039549208e-02
1.687116566535822593e-01
5.481401388921740558e-01
7.627104801920345234e-02
1.610791959150313368e-01
3.728047221972101699e-01
1.334112191031661954e-01
1.029536099675686656e-01
5.111912435097206719e-01
5.169177985842644540e-01
2.917861241718052168e-01
3.923541759530371764e-01
3.951133913075760562e-01
5.449886753805786022e-01
1.103662255990926766e-01
2.717629858418467714e-01
3.437267184002425480e-01
4.559861109899544518e-01
5.142870020831779021e-01
2.338396551446367544e-01
1.366014034172726432e-01
4.807057756686819450e-01
2.947259885153706849e-01
6.127027731509384623e-01
3.969608278654755407e-01
1.375169420186784230e-01
4.015578586149415319e-01
2.767200499370548461e-01
4.108832920973681802e-01
1.824339754383427492e-01
4.317969331131578659e-01
4.165136606955555099e-01
3.891719214978044961e-01
3.788843205798894664e-01
1.791376266604869094e-01
4.561621366445655079e-01
3.674921045501790551e-01
2.708760544144671045e-01
4.316739181800220426e-01
5.476797092071264972e-01
1.398530852197517327e-01
5.672684456625857186e-01
2.311981540148745351e-01
2.395257270179297626e-01
2.988771195990772012e-01
2.204014558038684124e-01
4.061929006756587746e-01
3.869093604189735025e-01
5.590925045370086499e-01
4.630829375290280159e-01
4.378668584670372677e-01
5.068153697920807499e-01
5.031811776156747129e-01
3.161196202207641193e-01
3.108264913403130936e-01
1.647261083155580064e-01
4.497966259648706888e-01
4.307317450730075437e-01
3.550291198627938405e-01
1.646638799243816675e-01
3.232538320432752355e-01
3.385819042709788951e-01
4.437541408558682288e-01
4.388773654773996391e-01
4.319229926431260580e-01
1.842379175627494592e-01
4.132793889729143855e-01
1.295259055824114214e-01
4.831558147718078011e-01
3.207496674671710957e-01
2.151484728408800950e-01
5.304443492314311337e-01
5.708513734056286371e-01
1.649517309015869071e-01
5.676326650691233544e-01
3.932916457961344037e-01
6.333164429043930399e-01
4.858712393612422686e-01
4.178114405714346002e-01
4.489730953666117852e-01
3.067776245972185789e-01
2.157910988627981252e-01
2.041873153666156071e-01
4.501957543993859168e-01
5.051191701414298185e-01
4.910153524183485385e-01
4.036889475125669535e-01
1.065136826543412046e-01
4.143281685985167329e-01
5.309893102371202600e-01
6.042914114232428302e-02
4.684647502184469126e-01
4.717063571618873574e-01
2.930948629124602856e-01
3.027950232568041300e-01
6.343821650898090470e-01
5.051191701414298185e-01
3.310448048328233916e-01
5.192796577772837985e-01
4.482694349069454298e-01
3.782937975754955273e-01
2.350622305060859896e-01
4.264866989035828171e-01
3.590117161101711307e-01
3.393150670319388107e-01
4.576888384591038528e-01
5.350211428496716159e-01
2.924079350547487133e-01
2.995683183322442322e-01
2.602684570357015059e-01
3.750198557705786695e-01
2.948003504959372245e-01
7.609606768448665126e-02
5.350211428496716159e-01
3.647911154989961768e-01
3.900934320490805352e-01
3.432318937721530738e-01
5.043659781283126309e-01
3.420744989964667471e-01
3.349119835033690373e-01
3.972424088981662549e-01
4.524509481401015609e-01
5.669230138465310986e-01
7.532323806337655470e-02
4.143467812587640076e-01
5.907774168277026838e-01
2.800839312444507456e-01
3.060611688690880183e-01
4.057801844337319830e-01
5.813703895637465369e-01
3.357243414332303777e-01
4.969424394911518550e-01
1.879893801421216593e-01
3.100643201987255404e-01
2.323509291979685976e-01
2.944789129134466332e-01
2.821280560126997461e-01
3.218978442613377733e-01
3.932059015011299952e-01
6.356320186544015538e-01
4.289254509008840199e-01
3.861473879058355818e-01
3.553920822246063871e-01
5.599614984953544816e-01
3.684908049649254225e-01
4.060947888233729652e-01
2.681865530724096280e-01
2.855037369517628987e-01
1.680618517359242226e-01
4.528522299938839146e-01
2.323325076825244750e-01
5.480136145446093954e-01
2.925679352080554074e-01
4.677848971090622365e-01
2.855037369517628987e-01
1.530956959265016015e-01
3.085519197365002575e-01
3.551330968151089618e-01
4.123373670979219585e-01
3.246977532946840328e-01
4.766910638722451354e-01
3.817143758199429415e-01
6.045918173087396763e-01
3.972480558291134334e-01
4.559573971739663834e-01
2.346039092344873456e-01
5.591211174277090912e-01
4.288814194118186762e-01
4.784073360138995090e-01
3.320388733901124545e-01
3.182918417338493344e-01
4.772557932418610704e-01
2.738455080567162025e-01
5.384804680893926498e-01
2.696416666367879578e-01
5.879877638200029510e-01
1.899395515749039420e-01
2.717417042222433632e-01
4.076007853630242983e-01
3.728047221972101699e-01
5.832950302248325336e-01
3.598652615355662499e-01
5.187632537428257251e-01
3.858515193447898395e-01
1.179629725058536915e-01
1.136145703188904954e-01
5.158742789227238612e-01
1.589150896889486853e-01
3.593367599787362643e-01
4.013838622757938679e-01
6.071598455567098762e-01
5.268992847897429055e-01
3.782883344096445999e-01
4.652505668895579594e-01
5.300042515744036731e-01
4.017088572927779988e-01
5.865515613262742844e-01
3.697640640495608588e-01
7.016635977633144117e-02
2.393808462210693933e-01
1.734760325474704046e-01
2.721442389631695269e-01
3.886656581161101465e-01
2.148751656029814217e-01
4.086824047883596545e-01
3.280337992830339444e-01
3.177396989221131784e-01
3.637618398151458154e-01
5.399954885554535400e-01
3.875325032870463038e-01
2.675102558384254703e-01
2.940465370283457669e-01
4.946109153629731914e-01
3.116719106689940788e-01
4.817664600088204518e-01
4.109322166439400292e-01
6.275175132771138031e-01
5.736812912376181295e-01
2.261372236629552168e-01
3.570247955038999277e-01
2.085834682070527302e-01
5.715153585860425212e-01
1.395127968515412487e-01
5.091093645766276987e-01
5.417702448744479149e-01
5.852053748345217299e-01
3.723717375382581407e-01
4.831368897732606360e-01
5.330831503239165103e-01
2.806783914783957390e-01
6.299045168985812904e-01
4.099313594838614461e-01
4.136241122331650866e-01
1.876872897605657009e-01
4.370687706036892606e-01
6.915307695677183619e-02
9.958733732331209731e-02
4.018990691346983612e-01
4.142007526576287901e-01
5.068153697920807499e-01
6.333164429043930399e-01
2.154626754002822719e-01
4.607816471246443113e-01
4.490155141298662889e-01
2.722894783514224759e-01
4.057916106106532750e-01
1.796174880493102699e-01
4.386980979487205556e-01
4.334165257932455773e-01
2.531391287082597197e-01
4.298581323535856646e-01
4.209592217132165914e-01
3.172719142677549176e-01
1.871829213005172243e-01
3.900466145647435989e-01
3.934898594230861746e-01
4.094403275054311342e-01
6.112351502037843831e-02
5.207071948320559640e-01
4.021829209343902312e-01
4.659460327563571536e-01
5.051191701414298185e-01
6.043055991176753405e-01
3.677842774371509749e-01
4.436116161603664287e-01
5.811185947951564845e-01
4.948357160991061487e-01
4.238610458503403455e-01
2.195489677553535135e-01
3.662332673877162215e-01
2.206414367010750555e-01
1.767232335166351864e-01
3.461836078462412480e-01
4.276496837552912211e-01
2.514687966973351285e-01
3.919944233479766837e-01
4.884115500536586607e-01
6.222253566470645758e-01
6.565165080089158112e-02
4.023157813320129561e-01
3.410663320807746923e-01
4.349124954939230236e-01
3.783339321635491026e-01
4.053344195775482328e-01
9.305433650354509589e-02
5.338789993297002878e-01
4.597170669228893281e-01
3.528144390500357885e-01
5.551863811781955205e-01
5.618272378697500846e-01
2.914437125267924644e-01
2.882780421439203877e-01
5.080649204768709071e-01
4.212342071588325854e-01
5.720877798969387085e-01
2.139014049597405265e-01
5.664412210532854264e-01
2.531391287082597197e-01
4.979076943465606253e-01
2.205840815149542056e-01
3.990018633428925043e-01
6.362851129464947020e-01
4.465168310129710161e-01
5.773311148805548854e-01
3.845801558054374736e-01
2.980820323661386717e-01
4.133604316670341228e-01
4.173037045744213414e-01
3.772351045089509802e-01
6.404071170545652114e-01
4.814935252902119434e-01
2.280076241018172689e-01
3.313722896174069454e-01
4.015780692415857889e-01
5.638715125188072941e-01
1.759366710924634702e-01
4.176284685338211844e-01
4.844633750460254351e-01
2.400636592165661387e-01
4.384384112591866445e-01
5.346675370207777389e-01
1.796174880493102699e-01
1.860579833073807698e-01
1.799723967602639141e-01
6.243987182728991669e-01
5.158168614768221527e-01
2.372740189934291200e-01
4.040519495792814775e-01
5.141780792720730409e-01
5.118389637121435465e-01
4.267325996769531504e-01
4.346719472947393470e-01
5.925645574382435443e-01
2.384264176035911786e-01
3.480292251504756851e-01
5.010735077502316281e-01
5.342851463851939764e-01
3.203233451244746899e-01
1.746653039152274156e-01
2.444953675888827671e-01
4.320319823912908697e-01
4.170797512573097832e-01
5.321405488820819540e-01
5.288231554667603973e-01
4.346952317252250619e-01
2.045407096785576417e-01
4.316739181800220426e-01
4.835698927255706603e-01
3.276645391209118685e-01
1.794663511318934646e-01
4.790366898927709838e-01
4.001550955481179561e-01
5.114233999427409971e-01
5.620194914998779545e-01
5.184142825777565688e-01
4.369821948963517055e-01
3.110455660475133777e-01
5.051191701414298185e-01
3.221047168829948570e-01
2.574826131001073382e-01
4.757485405929403055e-01
4.152993159939917245e-01
4.004228379673013816e-01
4.090823180702967687e-01
6.083409143282556553e-01
1.732494753371510432e-01
4.076943498606940275e-01
2.573303570657270445e-01
4.144451739556709868e-01
3.628432263705032579e-01
2.575157161786801874e-01
2.525524695521058072e-01
3.687007663577168692e-01
4.345183186348719473e-01
1.415707846590880947e-01
5.794690473649833917e-01
3.776916715930329072e-01
4.094947064869330355e-01
1.370515164799252228e-01
2.566958165001653192e-01
4.721644396843762137e-01
2.926848894269588608e-01
3.939668847177825173e-01
3.977521924000613773e-01
3.527833545811543958e-01
2.151454219037361726e-01
9.295623473339403864e-02
5.384629331262044682e-02
4.190533467113720656e-01
5.114233999427409971e-01
3.690401518031947714e-01
3.721710743683067091e-01
4.218604797502161219e-01
1.511773689684739463e-01
3.312946638315306669e-01
2.285994599664661897e-01
3.781236091651185571e-01
2.726089139545471163e-01
3.312130173526574572e-01
5.702189724353760036e-01
5.258877999162439032e-01
5.397411907150037047e-01
3.548312368675000661e-01
2.356645556366959438e-01
5.189750074689428727e-01
4.260481002625158831e-01
6.070432581404221484e-01
5.396544419483418897e-01
3.846033506400448054e-01
1.435998463021787575e-01
3.083240145343633110e-01
6.241533265953668197e-01
3.443334462016371944e-01
2.944990136760033961e-01
4.439568433194783781e-01
3.460351432142457218e-01
5.321405488820819540e-01
3.248801535609203706e-01
5.695701228259757443e-01
4.328108300074848258e-01
4.403052940723967690e-01
5.115029772973093136e-01
3.826217066281608625e-01
5.745271883763372056e-01
3.920989891177523168e-01
3.416832482431791940e-01
2.188319012785207296e-01
5.613941817003986756e-01
5.554231404695433305e-01
4.438129387227221501e-01
5.701155496886566310e-01
3.449035774127789389e-01
5.031811776156747129e-01
4.043347604245394744e-01
4.779836335710992423e-01
3.577399369166219811e-01
4.259861171686400438e-01
3.720958057231843474e-01
5.123326241135117698e-01
1.433419420717148840e-01
3.819344009502428916e-01
5.386202903570082023e-01
1.971346417179831723e-01
5.068153697920807499e-01
2.921530776038473998e-01
3.083729601806606269e-01
8.743026258748134993e-02
2.059993423237414245e-01
4.076126653399513855e-01
4.816030766236794047e-01
2.875442968018719347e-01
9.703657727771579367e-02
8.066408599968316606e-02
2.140742080730368979e-01
4.527355871778245833e-01
2.649806264922291432e-01
3.099951213105749948e-01
3.181329170429018638e-01
1.041491900492863554e-01
3.172719142677549176e-01
5.051191701414298185e-01
4.462713600295741267e-01
2.555865432342104837e-01
5.980708463467078184e-01
5.118389637121435465e-01
3.872595204444335137e-01
5.319422441001588897e-01
4.109550467547222752e-01
2.759774898988789360e-01
5.424707378807526181e-01
5.630903813510494960e-01
2.074746721274988714e-01
3.396301253255251118e-01
5.031185827337011363e-01
5.512239814216859379e-01
5.367173425003225473e-01
4.625695502356071964e-01
4.069123353108361485e-01
4.206794532820606891e-01
4.915803767683621928e-01
2.908182622010630491e-01
5.302019069421178843e-01
4.122521267017787983e-01
1.726851407298855556e-01
4.428142978653287765e-01
5.528425374088606903e-01
4.522368938163370267e-01
3.591414103017066539e-01
2.388265193279035525e-01
2.900058383735371059e-01
1.267644959603685118e-01
5.749033952332802677e-01
5.648245821268773614e-01
2.164123689483458124e-01
3.830888308507195417e-01
5.235639241786806952e-01
4.447012612768260209e-01
4.332714447049030304e-01
3.686706972741439214e-01
2.743972936282737529e-01
1.498868732790829827e-01
3.901484952645353221e-01
3.695921512823134303e-01
4.313180687123454038e-01
8.189266075103965314e-02
3.726778972565130132e-01
5.760029763455609686e-01
1.970694527131180429e-01
4.447556645801788999e-01
4.305827923409599189e-01
5.470104400526184518e-01
2.508645302880471162e-01
4.041026375639885648e-01
4.150037333706041998e-01
4.647191473342481283e-01
5.144593651164869330e-01
5.132951112670069982e-01
3.155876768102025554e-01
3.787768123858434310e-01
4.235822431213956407e-01
2.091192609143195380e-01
5.574864824103697991e-01
4.065404809218828297e-01
4.397311642034393286e-01
3.957352570705935380e-01
2.911894340190960273e-01
2.529290384304460071e-01
3.250737447889123777e-01
1.155478339076635164e-01
3.038515644631745727e-01
3.125217961755150653e-01
5.254625026252326414e-01
5.718879773463294569e-01
3.473606439717437100e-01
5.068153697920807499e-01
1.031243911451085182e-01
4.948987111482858192e-01
4.920545941365453424e-01
1.683402248827745584e-01
3.487191582119361644e-01
5.090169012143820337e-01
2.515287133693339117e-01
4.263370253508663166e-01
4.170614609135577244e-01
1.456582224278249460e-01
2.822694469357637792e-01
5.158742789227238612e-01
3.051143470664116619e-01
5.514684168555047394e-01
5.773311148805548854e-01
4.259508319834886536e-01
1.086831860446706294e-01
6.241533265953668197e-01
1.726820202571933138e-01
2.297788431505877749e-01
3.115074430905729885e-01
9.838363613397789476e-02
5.502514044418591599e-01
4.177394780350123238e-01
4.405300479317998397e-01
4.499390524375127542e-01
4.178376739743812629e-01
3.648828794521169483e-01
5.732670479160565380e-01
1.715318475121536401e-01
4.341267731090657778e-01
2.841815691193648186e-01
4.245045071303542583e-01
3.832801563008080836e-01
3.832096087972028386e-01
2.598006906747012401e-01
4.617371842572535190e-01
4.227177789518846707e-01
1.453807981449812270e-01
6.306330680702929570e-01
5.336971088868786017e-01
3.764762615112447475e-01
4.271478633729207663e-01
3.994705901051877617e-01
1.875635665834446408e-01
4.128658081619431264e-01
3.824560559060233289e-01
3.748485738123636390e-01
3.026263080853832665e-01
5.112120420183696723e-01
3.510853259065222498e-01
3.563657986935452326e-01
5.597886722035420037e-01
2.161918404388822879e-01
6.095155020540932167e-01
4.819650432447554200e-01
2.591062888369123907e-01
4.592339188620587209e-01
4.264225263234214802e-01
3.972698821958150495e-01
1.726132223677653010e-01
3.739000779595513246e-01
5.672509476499019154e-01
2.900023670009778121e-01
3.065282689776748781e-01
5.341729484393702432e-01
4.051609079084479981e-01
2.536292822936875302e-01
2.900463966191315635e-01
4.370454045806693166e-01
5.431970839752487956e-01
5.470104400526184518e-01
5.685227727847251833e-01
3.280337992830339444e-01
3.635196377300958237e-01
5.168252612170705085e-01
3.025486897831534128e-01
6.198340087688306577e-01
4.677810831517986156e-01
2.712794307538007321e-01
4.678369803780748626e-01
1.304748162579042747e-01
2.865286712891536580e-01
3.724710561285347055e-01
3.220808293953324464e-01
2.830639285130372440e-01
4.262038299561252130e-01
3.115981410398322438e-01
4.202252020747376804e-01
1.588420471168278114e-01
4.980790066551196160e-01
2.483840934445414594e-01
5.022808269708076701e-01
4.380179435186265513e-01
5.274068304734692569e-01
1.700123263603274260e-01
2.753647671769769989e-01
4.310711838394664097e-01
2.924686097577695598e-01
2.343130257174357300e-01
5.169177985842644540e-01
2.924074005976644575e-01
3.127871631605865232e-01
3.156973731393200588e-01
4.675570463712411806e-01
1.959503277463042481e-01
5.554458298461963928e-01
4.218413540444286292e-01
5.296266683501503758e-01
4.146490430366117086e-01
5.051191701414298185e-01
3.447798283547138798e-01
5.829143806803842587e-01
1.228839696866745324e-01
5.254625026252326414e-01
5.510216026257849231e-01
3.827803736530033252e-01
2.822904799320016811e-01
6.468868585294914597e-01
5.747384395548071900e-01
4.248019956929782182e-01
3.291788518626851956e-01
3.328984096823729977e-01
6.404071170545652114e-01
3.451984530394556216e-01
4.476376047726139951e-01
3.771538623548653657e-01
3.480328413108059737e-01
2.837475856014902709e-01
3.585416263887654664e-01
6.170626524451945372e-01
2.508645302880471162e-01
6.408619065647351842e-01
2.661563044398397304e-01
5.512898641190014937e-01
2.871982989311147594e-01
2.463489876136043533e-01
5.384680299571674711e-01
3.924173065393692927e-01
1.176826065263163745e-01
3.864280270384684579e-01
5.431970839752487956e-01
3.100865811366191327e-01
2.350910339179524133e-01
5.572679329096352774e-01
4.842855059198378775e-01
4.793899986624764464e-01
4.625960093952219410e-01
3.770403465596888770e-01
4.559861109899544518e-01
1.855968341528783372e-01
4.162014289336591344e-01
4.588765265159381879e-01
3.925337230790629794e-01
4.578502585303855787e-01
1.115375474408298595e-01
5.132951112670069982e-01
9.758470750373868241e-02
1.907708452090844664e-01
3.551775642265802557e-01
3.732944868409013850e-01
3.958137766325234286e-01
6.081259795326978690e-01
5.213026254454912189e-01
5.156282577873730899e-01
4.181346254814326535e-01
4.735002373157576328e-01
3.831163818951398015e-01
1.574559203000109042e-01
4.313180687123454038e-01
2.721442389631695269e-01
1.999968548104865684e-01
3.137310820360155184e-01
2.059993423237414245e-01
1.973326807265176619e-01
1.925396834188872475e-01
1.609493673296782390e-01
6.438124959091250377e-01
3.849172278687053028e-01
2.522658203237936325e-01
1.105256844353058321e-01
3.933289535406794823e-01
5.296266683501503758e-01
1.401727070825214416e-01
3.838020746393678295e-01
2.488355464956674423e-01
5.633357730285819542e-01
4.541889640165279185e-01
6.127027731509384623e-01
4.070892200256964188e-01
2.886425188008049925e-01
2.981533738638447173e-01
3.027475187321469474e-01
4.214606372511017773e-01
3.748200586248252031e-01
2.581545527730645939e-01
1.909870999327855645e-01
2.277707556739587413e-01
5.122835122678994768e-01
4.472665050886177052e-01
2.203268360532573411e-01
6.306330680702929570e-01
2.851435628718917425e-01
3.745009218478610458e-01
4.052972304280115234e-01
4.086824047883596545e-01
1.935843093088890632e-01
1.996647638415106063e-01
5.549288173497057830e-01
4.020700259700508150e-01
5.881252389250599677e-01
3.461782670172219301e-01
5.431972866573402392e-01
4.447432804965115172e-01
5.099046007549186132e-01
3.635720093273759890e-01
4.294187759933152937e-01
4.731006431281901681e-01
3.717646008387364698e-01
5.987989072356373343e-01
3.849526502540416284e-01
3.336519490614131001e-01
4.444885265693861442e-01
5.033960863224093973e-01
4.084942102049167745e-01
3.012377104179621568e-01
8.952302513312766774e-02
5.624788212967758438e-01
3.456446479974313868e-01
5.068466063245005149e-01
4.620519728277488469e-01
4.196008647335391917e-01
2.476449949046691523e-01
5.017505684200935789e-01
4.120042548190840925e-01
3.062702049921470770e-01
2.307749665924656302e-01
2.610725650768636052e-01
5.933840547668218779e-01
3.368974384582701376e-01
2.009104099337634397e-01
1.773056625416309928e-01
4.064334924255072479e-01
4.662354230780621500e-01
3.160853593597211519e-01
3.354676548544082704e-01
5.554231404695433305e-01
4.016201656883451321e-01
3.203097913052907475e-01
4.350594885499950437e-01
3.066715651123985698e-01
1.751222359310135313e-01
3.389810539091590580e-01
5.307444540560675161e-01
4.498763160938333838e-01
3.955974116289766584e-01
5.254625026252326414e-01
3.577538766632959444e-01
2.812474431735365044e-01
3.731088230811738793e-01
3.122214232908202547e-01
4.031639771974679376e-01
5.587951852918856543e-01
2.887978125720083722e-01
5.187632537428257251e-01
1.993557660542776278e-01
4.335003758941808338e-01
4.107207664212623732e-01
1.489083892076552285e-01
4.097832928363419058e-01
4.015578586149415319e-01
3.781697859661674044e-01
5.124971252644023867e-01
2.872802184591440322e-01
5.428803757454984114e-01
4.042751601444824483e-01
2.692373886219961432e-01
2.491602937208023394e-01
1.263617831710204531e-01
3.826826215354449667e-01
2.929969285888985864e-01
3.931680050430638729e-01
4.495624375139589679e-01
5.225416339590974735e-01
2.135198919895825997e-01
5.347787005603583665e-01
3.003808950548247925e-01
4.117212853620970670e-01
3.688593713306575483e-01
5.403587408046265361e-01
5.319422441001588897e-01
4.391372615011551739e-01
4.779604681513800468e-01
3.885225938704869320e-01
4.124973545706054900e-01
4.657329311423620277e-01
4.044403168420144801e-01
4.440022158364124727e-01
2.044070492583410503e-01
2.755209631433362394e-01
3.355788934383325262e-01
5.194341530849863053e-01
2.903771729608804475e-01
5.187632537428257251e-01
4.059484560951609478e-01
8.380903520491955749e-02
2.909844429108848773e-01
5.341200014328293388e-01
3.401106783280082313e-01
1.899041934241996465e-01
1.210888966187715632e-01
6.343821650898090470e-01
4.001171185369128969e-01
5.205085652390888384e-01
2.695827908152834684e-01
3.469227770649967457e-01
2.030499772831235450e-01
5.383836772046454167e-01
3.280337992830339444e-01
3.330047313026979205e-01
5.272486039443722294e-01
2.937971093787049015e-01
4.571014077597884140e-01
4.049904774228961779e-01
5.351544305427190507e-01
3.157285696550192200e-01
5.431970839752487956e-01
4.568551891393228814e-01
4.440022158364124727e-01
2.927891707142297184e-01
1.957539163269339799e-01
4.678420682182682366e-01
1.730194807425000092e-01
5.849070785577783482e-01
1.960028371674066017e-01
4.355669210435687000e-01
1.429064141163033930e-01
3.969810649967009941e-01
1.429586622334170776e-01
5.641750209474266642e-01
3.625667177949548070e-01
3.946964102186867884e-01
4.044999058966018413e-01
3.188894617296304523e-01
4.248019956929782182e-01
5.820645452727186697e-01
3.895355638320489589e-01
3.083729601806606269e-01
4.665453102758883031e-01
5.132951112670069982e-01
4.369651714715805380e-01
2.680371828152536273e-01
5.367173425003225473e-01
3.607341349240525408e-01
4.417523916120275618e-01
2.931041819232070300e-01
6.129208809086531540e-01
3.555725772791830108e-01
3.638869380083633032e-01
2.100163773766440256e-01
1.743143276526062935e-01
4.743175686483852571e-01
1.864155796868067205e-01
6.131438783978092610e-01
4.868641273733032016e-01
3.328984096823729977e-01
2.800035923249163394e-01
1.907708452090844664e-01
5.678491421194878930e-01
3.507678638033312479e-01
2.393390255258939781e-01
4.900970696053639220e-01
4.366263824311492625e-01
2.034217541331843904e-01
5.470718758009078808e-01
2.836917356677020052e-01
3.445360108414251554e-01
5.559997072008773245e-01
1.970167566166124706e-01
4.361149956619408963e-01
4.514093173717139140e-01
5.987989072356373343e-01
2.995324949481854016e-01
3.839267976108672875e-01
4.647191473342481283e-01
3.227422989272029086e-01
5.329221649797360322e-02
3.172719142677549176e-01
2.338396551446367544e-01
1.433264376192948109e-01
3.077049068068827276e-01
8.463562391215029290e-02
4.297734597791171840e-01
3.298122454554883176e-01
1.824523112036712247e-01
3.584514080165164818e-01
3.565324493140006878e-01
3.727174503028733432e-01
5.587189766176170469e-01
5.403283197817911887e-01
3.527864157043726911e-01
1.984498248136909171e-01
3.132841070118363991e-01
3.525682244832120671e-01
4.761102436233578539e-01
3.873928412941922694e-01
1.596785409498380215e-01
4.200921825456882530e-01
2.041416581592976620e-01
2.783191781701560008e-01
2.974099157880943922e-01
3.454313728044143272e-01
4.921112395195879063e-01
2.665488233593826251e-01
3.993783254753312528e-01
5.769258533898915520e-01
5.132951112670069982e-01
5.300595068701174917e-01
3.311979375971736417e-01
4.779049906329424502e-01
4.590042761027305351e-01
5.400538165116738343e-01
3.682136462475912864e-01
5.386202903570082023e-01
2.182749447151425826e-01
2.229768425550935351e-01
4.392438974346311586e-01
3.597567052152585432e-01
5.346675370207777389e-01
4.184560068326353410e-01
2.114955531510415987e-01
3.775009421322327863e-01
1.901427520128219084e-01
5.141780792720730409e-01
4.104601367922753319e-01
2.514641639044219446e-01
5.571193401201941509e-01
2.396753054659725435e-01
2.761063206647048629e-01
5.246634892842731990e-01
2.841661388797721011e-01
4.020836248989925754e-01
5.431970839752487956e-01
2.794837470603638296e-01
3.040023813507659600e-01
5.118389637121435465e-01
1.760353069039406471e-01
1.301061353508055907e-01
1.859974527684936929e-01
4.252929381794696706e-01
3.861587076486739378e-01
4.341389100245210964e-01
2.990395729332673280e-01
5.543119459852404729e-01
4.013744564755361011e-01
2.974099157880943922e-01
2.757577908268974420e-01
3.312785024812551771e-01
5.660779688041124302e-01
1.645912927113596103e-01
3.694882391882676198e-01
4.493540745033226536e-01
5.322349559136150265e-01
5.702189724353760036e-01
4.824800583352195082e-01
5.350211428496716159e-01
5.386202903570082023e-01
5.939332712649154633e-01
3.814916025283618395e-01
5.664412210532854264e-01
3.873928412941922694e-01
1.347993024777726645e-01
3.680634565311485806e-01
5.556446139972507359e-01
4.572559657430300128e-01
3.408604564471284792e-01
2.918635085061437873e-01
3.029442681628820577e-01
2.628600030584114511e-01
2.632593094374089948e-01
5.092546136312572358e-01
3.119838369525997912e-01
4.741614113475327019e-01
4.731816927862586564e-01
2.883977625056444172e-01
5.234011875053207197e-01
5.521298348333664174e-01
2.552453709642021895e-01
2.000736452343274130e-01
1.376156956975872481e-01
2.508645302880471162e-01
4.316739181800220426e-01
5.437527023171255802e-01
3.544497288864397744e-01
4.023141495332976242e-02
6.182980980155120543e-01
4.213270892934610767e-01
5.476797092071264972e-01
1.972225566862173818e-01
5.102207486466405761e-01
5.116579608090033870e-01
1.436138449825685726e-01
2.934373750670024039e-01
4.247189685852738039e-01
3.682856528543759778e-01
2.481681248663777095e-01
2.671071960989126470e-01
5.599614795783592891e-01
1.945668763330946627e-01
5.640298334250012369e-01
3.187021925198594841e-01
2.796180371462779202e-01
3.192488450375263187e-01
2.065302063222415607e-01
3.140520761085142110e-01
4.344187960112900204e-01
2.618254589913970865e-01
3.783339321635491026e-01
4.023157813320129561e-01
2.926051991940566421e-01
1.556389569425929154e-01
3.912494762344610466e-01
6.095155020540932167e-01
4.347397785465004216e-01
3.303026639827884581e-01
1.970962877180880146e-01
3.174431745026073393e-01
1.898570538312465972e-01
3.387467804357084389e-01
5.293448229992244736e-01
4.734074613033934509e-01
2.162219317655155459e-01
4.734074613033934509e-01
2.118705470336218477e-01
5.296266683501503758e-01
4.163621116578861137e-01
2.790367210018734889e-01
1.474741987754273065e-01
2.167345821276397411e-01
4.688352004882342383e-01
4.346637671494675281e-01
2.054959256380065324e-01
2.183364892881241581e-01
1.811343075008270964e-01
5.319859945367241272e-01
4.863153309988064166e-01
2.745180050534552496e-01
2.643042800948453563e-01
1.412649740737282333e-01
4.454894982708313411e-01
5.132951112670069982e-01
1.776257590962528887e-01
1.947830750333868766e-01
5.357058755044233900e-01
3.473515009306281098e-01
5.648753545104860940e-01
4.769195140293592816e-01
4.051844905414569986e-01
3.852192406074292919e-01
4.341267731090657778e-01
1.385108482224152449e-01
1.071528031075932169e-01
3.001197727524461678e-01
4.508443950903227027e-01
4.349273441918225513e-01
5.487066397032693832e-01
3.160007225404524167e-01
3.083729601806606269e-01
2.111377731104589206e-01
3.865915731929199239e-01
1.506607332527944154e-01
5.051191701414298185e-01
4.718662440211018327e-01
2.464421810471374152e-01
3.804117024707993067e-01
3.770695884924495922e-01
4.698899769052555242e-01
2.427368017232333641e-01
5.300042515744036731e-01
5.532668653597770936e-01
4.243462745727641927e-01
3.309061425304081205e-01
3.431202290361390905e-01
3.588230390394110403e-01
4.708986447055623081e-01
4.741926842587894098e-01
3.969810649967009941e-01
3.633604329221039597e-01
2.935365787001543159e-01
2.988239009985338424e-01
5.449886753805786022e-01
4.332982870895799032e-01
5.336971088868786017e-01
5.630903813510494960e-01
4.077663285077440802e-01
1.851305150459506277e-01
1.785071785062006533e-01
5.123326241135117698e-01
2.718277875680079059e-01
3.829789557456034221e-01
2.933874653815265465e-01
6.423100649112508664e-01
3.134836373448058877e-01
4.050567890786689329e-01
3.123464060072153603e-01
3.391247407525914137e-01
1.404875695540254987e-01
2.950964924179576565e-01
3.100865811366191327e-01
3.083729601806606269e-01
5.122400867463178242e-01
1.465062509506299959e-01
5.987989072356373343e-01
3.044871214534400905e-01
2.031641979962201527e-01
4.553303106320913951e-01
1.889817554204609729e-01
3.737115326841204399e-01
5.364851860673021111e-01
1.318717432238286358e-01
3.836995375614183912e-01
3.023301289530096470e-01
3.480178711075910813e-01
2.241069468627715777e-01
3.760368714745653262e-01
3.281711298081990136e-01
2.592683495914822611e-01
2.250034009184453676e-01
4.829021692558739254e-01
1.893099806702853438e-01
4.092065846433020071e-01
4.447012612768260209e-01
5.613941817003986756e-01
1.990791941795529429e-01
5.247947058781643470e-01
3.191133247232868508e-01
4.407524425716582428e-01
4.111799814689146015e-01
3.435137536746137865e-01
3.559639874757158373e-01
2.881158407591609683e-01
3.322114794340521593e-01
5.350211428496716159e-01
3.251260330266862453e-01
4.064019669411827462e-01
5.333259753185942698e-01
1.886272284794160425e-01
4.559299134823642241e-01
4.015578586149415319e-01
2.411021785550010454e-01
6.101870617241139660e-01
2.178373259120634786e-01
4.796506734012213058e-01
2.980547496935954110e-01
1.901154403411486338e-01
3.984792593152264306e-01
1.889926130481308086e-01
4.926674991683900329e-01
1.560082015137849165e-01
6.243987182728991669e-01
4.244387434438051665e-01
4.706664882725418719e-01
5.230527949716378133e-01
4.056977165207209524e-01
5.476799858941662213e-01
5.019204935516307087e-01
5.606698628425752506e-01
4.086824047883596545e-01
2.609550758811782223e-01
3.507949801726200079e-01
2.045896587548595436e-01
4.318019914345235244e-01
6.127027731509384623e-01
1.476652819424618956e-01
5.431970839752487956e-01
4.506513946546424343e-01
3.946137475229888336e-01
2.018336536767703360e-01
2.162637869686162839e-01
1.311393885927462089e-01
4.198035811250469540e-01
2.645062920881306456e-01
4.955672412927065729e-01
5.987989072356373343e-01
6.174502582469009182e-01
3.714530721238485378e-01
3.881315473583838993e-01
3.857680064237031248e-01
5.536884863094678755e-01
5.432924757299276708e-01
1.999899298390283020e-01
3.620902965968305631e-01
4.418836811714717538e-01
2.632874224828900545e-01
3.527068254613022202e-01
3.282013938823379329e-01
1.090322732062598138e-01
2.232228333401004017e-01
5.114233999427409971e-01
5.856499233902776602e-01
4.170660100351459287e-01
4.023157813320129561e-01
3.161950523627736209e-01
2.539303906545254397e-01
6.187657739491176923e-01
6.184149706418813341e-01
3.083729601806606269e-01
4.310189275111295237e-01
5.099935085535822754e-01
3.027344547799871166e-01
2.547578239744101580e-01
5.959050056816199703e-01
1.637839678455571824e-01
1.627642246642566626e-01
5.214271874146523267e-01
4.153187674462790469e-01
3.636798654070426129e-01
3.083729601806606269e-01
3.669959819251879529e-01
6.997735716695059616e-02
5.349976030397507465e-01
2.973596270351376858e-01
2.867752309352305518e-01
3.754745163957264875e-01
5.467373362243880264e-01
3.314755119687045615e-01
5.296266683501503758e-01
1.964511160091012287e-01
2.185914411161224147e-01
3.790918548806205268e-01
1.550742884815439482e-01
2.981864451369201641e-01
1.219456767464068558e-01
2.984425900868301618e-01
3.328984096823729977e-01
3.015562681477819140e-01
3.031290010401422874e-01
3.741086687017067813e-01
5.051191701414298185e-01
4.529408808540194009e-01
5.105873126172486565e-01
5.319422441001588897e-01
3.057640183178289006e-01
3.140891930200747084e-01
5.235341465415613849e-01
2.508645302880471162e-01
5.551863811781955205e-01
5.024935737352335119e-01
5.068153697920807499e-01
5.607694719438495179e-01
6.404071170545652114e-01
4.663014487961766874e-01
6.198219246546585737e-01
3.773144562107906830e-01
3.790918548806205268e-01
5.073166211055021302e-01
6.256307355016245131e-01
1.617961577247533089e-01
1.845264762642422618e-01
3.788394493633282512e-01
2.676255471287231624e-01
3.830671195450822131e-01
1.968487325391536924e-01
6.241533265953668197e-01
3.599740111834073275e-01
5.952135834784547663e-01
4.255714861526163628e-01
3.514764585844991074e-01
2.979768325652050742e-01
1.606480313412606553e-01
4.489148026458935070e-01
4.140128295642488965e-01
1.341125875921664601e-01
4.330195289506952872e-01
5.626886548439403724e-01
5.367173425003225473e-01
2.752590143137825796e-01
3.672493050206871446e-01
9.423119665941634415e-02
3.647911154989961768e-01
1.548959494447227914e-01
1.412649740737282333e-01
2.376886664318991760e-01
1.868785670119693931e-01
4.262403933896667385e-01
3.831922783350480421e-01
2.729024246472622206e-01
4.982978062343731973e-01
2.957741647719777101e-01
4.315779733630822901e-01
3.489165974893589373e-01
4.148505197412964418e-01
2.341985897455640120e-01
1.860045089116439954e-01
5.706547624223529125e-01
4.724030731094630009e-01
5.472698211599221763e-01
5.662779149991578054e-01
5.051191701414298185e-01
4.338380324094487928e-01
5.545764658631092692e-01
5.773311148805548854e-01
4.086824047883596545e-01
3.846761038445027925e-01
4.571014077597884140e-01
4.577195246316906330e-01
5.102337067883547794e-01
1.953967692781138632e-01
4.231900131537574827e-01
6.198340087688306577e-01
1.414964651897910042e-01
4.012294927349275286e-01
5.462429499093137686e-01
2.372026573314534037e-01
3.829789557456034221e-01
2.061651961437285518e-01
4.757485405929403055e-01
4.476376047726139951e-01
3.614936584138884190e-01
3.558041894848029685e-01
5.373664729543439211e-01
3.396027824719916044e-01
4.392335868407292176e-01
5.186007284824780683e-01
3.348250005609370028e-01
3.969810649967009941e-01
3.100865811366191327e-01
3.155584773887112893e-01
5.467967412020604545e-01
2.463946705979267737e-01
4.769195140293592816e-01
4.743378340511639757e-01
4.160970259331938093e-01
5.386202903570082023e-01
5.672015497626918812e-01
3.102815277361355428e-01
4.216336061479550312e-01
3.123769773266170113e-01
3.559950783888483627e-01
5.664412210532854264e-01
5.732712515426334754e-01
3.790918548806205268e-01
2.342323375610667613e-01
2.787598162088211762e-01
5.077830126582850712e-01
3.885213534560871818e-01
3.069069234027664295e-01
1.595188257987338321e-01
5.473202750727984567e-01
2.070643831855115136e-01
3.017929652832882503e-01
3.838020746393678295e-01
5.040740622838084661e-01
4.933386504599812650e-01
4.136936434160060627e-01
3.076487241626458258e-01
4.625695502356071964e-01
5.324987507092939776e-01
3.686139299700278427e-01
2.951916808669078907e-01
1.688556030340312430e-01
5.068153697920807499e-01
4.082627242858307137e-01
1.075190053686226055e-01
1.324640640703435845e-01
4.082686631829291479e-01
1.325434635843689701e-01
5.068153697920807499e-01
2.473528826144456017e-01
2.952900018455363318e-01
2.640902240041086979e-01
3.020467994494765440e-01
3.754101990277941558e-01
1.140281230661875922e-01
2.894859028894690711e-01
4.125029576390693009e-01
3.097905131156074576e-01
3.077865867542858846e-01
1.899399865618540961e-01
5.514684168555047394e-01
4.734074613033934509e-01
4.187142809839010105e-01
5.571193401201941509e-01
1.936650997417595499e-01
5.524186709494756098e-01
1.421900699152929548e-01
3.866695972750907595e-01
2.690797445700480739e-01
6.404071170545652114e-01
1.773037002671670470e-01
5.092546136312572358e-01
4.198445740457729114e-01
4.254475211081995001e-01
1.227254209450218125e-01
2.159552336268310557e-01
6.968358537812587017e-02
5.068153697920807499e-01
2.413166915639295140e-01
3.462014944888429646e-01
4.262403933896667385e-01
2.482521899142694777e-01
5.794801888515207500e-01
5.187276423954164661e-01
1.857329739467409591e-01
2.493888742180921658e-01
5.794801888515207500e-01
3.508764465242806274e-01
3.662910211819502826e-01
3.280337992830339444e-01
1.326044934487777827e-01
5.545836104588030002e-01
5.801817809144588223e-01
3.740432010349508118e-01
3.997103955524608510e-01
5.459089689038499893e-01
3.441921724184280884e-01
3.665548511091917261e-01
6.077583752312932797e-01
7.859360330892563307e-02
2.044377347033511094e-01
6.097608937316256750e-01
5.249370320491560937e-01
4.252929381794696706e-01
4.872126310183480524e-01
3.970732386794651458e-01
3.548480299622636669e-01
9.377440537775939833e-02
5.366822978312529857e-01
4.122853000434766879e-01
5.695701228259757443e-01
5.599614795783592891e-01
3.257685472096655821e-01
3.014482821436977322e-01
2.931266519874431986e-01
1.028465276137937867e-01
4.284771992913473659e-01
4.149850068965671435e-01
5.237663029745817100e-01
7.010241430405207697e-02
3.800570251292485491e-01
3.480696799762337257e-01
2.106853827326145845e-01
5.065832133590603137e-01
5.897747716997587819e-01
3.619721890648568974e-01
3.244034277160217083e-01
3.768166817787239609e-01
3.401841105694424217e-01
6.103305510824315050e-01
1.257186868227107013e-01
5.773311148805548854e-01
5.125111396396617724e-01
5.537083113204406271e-01
2.245492122827218440e-01
4.431185797080213207e-01
3.825708365413900136e-01
1.608165716863852179e-01
2.035858970045009986e-01
4.214834748455304481e-01
4.209820734434219225e-01
2.760968124840060267e-01
1.984186009618942870e-01
5.347793499745673307e-01
4.224075372163077491e-01
6.241533265953668197e-01
4.366107201985164332e-01
3.977465596048908592e-01
4.127711412815748826e-01
2.704140554503339788e-01
2.502261272254593383e-01
3.852325982927123915e-01
4.955305801560030421e-01
4.404890869205108084e-01
5.194049073064628264e-01
2.762214511605433076e-01
1.829433052441716001e-01
2.928111620329719167e-01
3.138509085200038018e-01
5.260241916595370659e-01
4.295045974114539700e-01
2.832501987599461146e-01
5.268992847897429055e-01
5.900099134840771642e-01
3.596195368357666400e-01
3.736672066304154716e-01
4.338202554230555230e-01
6.201000794245478120e-01
9.130449947996797933e-02
2.931516830178596544e-01
5.950716798216690862e-01
3.585419264622003999e-01
3.355349243129875925e-01
5.692399494374640323e-01
2.951049501857250235e-01
4.460236844886593666e-01
2.770997215144269665e-01
4.086824047883596545e-01
5.502514044418591599e-01
1.392592394763322583e-01
3.247039020457017644e-01
5.935020191740570938e-01
2.338320506165046664e-01
5.051554649952153531e-01
1.840662543543233887e-01
4.580667115707177106e-01
1.936650997417595499e-01
3.021065259121279434e-01
5.417874225454876180e-01
2.396709413567550129e-01
5.702189724353760036e-01
4.001690814439450294e-01
5.367173425003225473e-01
4.197121179729377816e-01
5.990129018981092957e-01
2.717629858418467714e-01
2.781076853322693720e-01
4.512867382570444619e-01
3.401998821464650713e-01
5.092546136312572358e-01
5.988453114563867530e-01
3.773038798435001118e-01
4.035962050726722428e-01
3.834409505521551575e-01
2.597616768666436982e-01
4.160319732969974260e-01
3.259501420484523515e-01
5.125764943241443161e-01
1.560712377230201175e-01
2.118705470336218477e-01
3.709666354161595958e-01
1.618736137773704176e-01
5.302312783835380072e-01
4.213270892934610767e-01
2.746065883528935880e-01
4.537066997535555979e-01
3.814792126240805770e-01
3.759955245357862741e-01
4.013838622757938679e-01
3.446648867170088448e-01
3.126643001870495486e-01
3.712455202573362034e-01
2.737953893488372925e-01
4.401421185663239033e-01
2.163470984548859499e-01
3.096924720461443070e-01
2.230184346872335355e-01
4.248019956929782182e-01
4.080138310932741597e-01
5.265848556421564020e-01
5.342730482391849778e-01
3.905963594914285131e-01
1.998882416352537050e-01
2.039005036808116955e-01
1.784573083177476982e-01
6.216089325344144045e-01
1.804009509965756319e-01
3.083729601806606269e-01
1.051699931020159268e-01
4.395894842245310352e-01
3.650689151074974492e-01
2.791018665600134008e-01
2.904559794998639033e-01
3.637355457115112323e-01
1.016300919606228231e-01
3.686466976357242187e-01
5.132951112670069982e-01
3.368885646205478368e-01
4.203832524263244608e-01
5.813338963933301073e-01
1.522530127021158308e-01
4.174439043504247770e-01
6.181378091181797263e-01
4.157871171159446266e-01
1.736672089482670656e-01
5.618272378697500846e-01
2.911894340190960273e-01
3.970997366085260993e-01
3.187471897111360253e-01
3.996198660891863153e-01
2.530607633925984756e-01
3.783339321635491026e-01
3.404082317489015019e-01
1.874446856373978842e-01
5.525889600772611043e-01
9.608833171130155837e-02
5.104380571093382057e-01
4.280652558398564400e-01
3.745389978095025607e-01
3.721294099981905523e-01
3.280337992830339444e-01
3.624378949285335105e-01
5.386202903570082023e-01
6.306330680702929570e-01
3.102748171919361142e-01
2.758438276077507245e-01
3.557776503956865399e-01
4.229459816289680707e-01
4.762942802096793438e-01
5.500657989922103086e-01
3.909972710086508929e-01
2.933088763879879157e-01
5.102207486466405761e-01
1.856234667875754640e-01
2.575176737758650969e-01
1.507358314370808583e-01
5.132951112670069982e-01
9.383180712879150842e-02
4.845404072332225587e-01
6.115050214605350920e-01
3.809806633227872941e-01
2.508645302880471162e-01
5.309893102371202600e-01
3.971020119488666844e-01
5.719926539156484635e-01
2.450991235511189026e-01
4.797195900935367630e-01
3.062702049921470770e-01
4.001093538379587589e-01
3.066103284083169789e-01
5.110128834771135997e-01
6.306330680702929570e-01
3.618531841189459586e-01
7.984418268328465074e-02
5.087418574586873854e-01
3.172719142677549176e-01
3.083729601806606269e-01
5.630903813510494960e-01
4.765505560194627233e-01
2.353785491704625532e-01
3.187256308847951636e-01
1.669548282411845996e-01
4.039551190935717906e-01
5.987989072356373343e-01
3.633561589284625137e-01
3.819687787432617387e-01
3.274882524741307144e-01
5.599614795783592891e-01
4.528329539915301183e-01
3.387648901325502893e-01
2.933874653815265465e-01
3.827803736530033252e-01
4.091698599995431396e-01
3.588985808376289333e-01
4.052748572354211709e-01
4.036908317284407799e-01
5.774643351168445848e-01
5.169177985842644540e-01
1.059702188976404807e-01
6.243987182728991669e-01
3.702121405209826133e-01
2.079211748504350976e-01
2.553400742234073206e-01
2.909104691444781565e-01
6.127027731509384623e-01
3.441921724184280884e-01
2.017286826467512839e-01
3.081969649803329991e-01
3.076487241626458258e-01
3.017381059971993573e-01
4.612487455701985706e-01
4.743378340511639757e-01
3.573419300936190313e-01
5.587589794103413610e-01
2.485298665623019432e-01
1.541809508449205890e-01
4.446043373494751871e-01
5.925645574382435443e-01
1.536098144345447170e-01
3.062702049921470770e-01
5.512239814216859379e-01
3.328984096823729977e-01
2.041873153666156071e-01
2.324703489665600198e-01
4.032230769047288055e-01
6.038583346218938663e-01
5.545836104588030002e-01
4.396258030883488654e-01
3.280337992830339444e-01
3.794646149986738437e-01
4.360494056583532618e-01
3.934739820356177864e-01
3.590117161101711307e-01
3.607126022904742491e-01
1.634278534360081858e-01
1.840702138269347254e-01
2.598164564311099545e-01
4.073231148474243390e-01
3.996228317959122922e-01
5.706547624223529125e-01
4.296282722566917012e-01
5.695897875621870332e-01
5.449886753805786022e-01
5.048773772663255333e-01
5.434876425773168540e-01
4.149846635842860398e-01
3.401582539473067546e-01
4.520893510240692192e-01
4.055622750965878209e-01
4.157778601570996657e-01
3.360236464431519687e-01
2.526515398308354365e-01
3.608574279993815859e-01
2.855037369517628987e-01
3.328984096823729977e-01
3.992263858328927162e-01
3.938172646939261390e-01
5.672780153754887200e-01
4.522580342860531566e-01
2.830009415711411958e-01
2.979768325652050742e-01
5.257105648212142546e-01
2.266179903651204253e-01
4.256280895440872070e-01
4.890695541375232880e-01
3.586983189782185777e-01
1.828616757074424670e-01
5.254625026252326414e-01
3.800181761692920657e-01
1.731429251537906500e-01
8.401074847598385964e-02
5.794690473649833917e-01
3.851197546745028233e-01
2.262390514575240708e-01
5.041945789263031497e-01
6.468868585294914597e-01
4.269176303409785156e-01
8.685220889717273907e-02
5.004558851108139583e-01
5.769258533898915520e-01
3.387467804357084389e-01
3.969810649967009941e-01
1.170051074394996282e-01
5.180380148122466499e-01
4.833245010480382575e-01
5.152521723318058688e-01
5.350211428496716159e-01
2.981906287031669822e-01
3.999581505031796769e-01
3.440697260345437214e-01
3.052338621475558789e-01
3.059327445068403817e-01
3.987195154443193279e-01
2.921672503829568224e-01
2.294090973829624180e-01
3.233239833293765630e-01
3.772406076915225115e-01
4.298420023930494827e-01
4.688547025590746875e-01
5.559997072008773245e-01
2.584311359771984673e-01
1.840084915173498537e-01
4.700867873484971260e-01
2.723385194142119992e-01
2.207807230564529377e-01
5.875440673605474284e-01
4.091182385338804073e-01
5.124040827510727425e-01
3.792055814651721368e-01
4.955305801560030421e-01
2.576170100358624593e-01
3.776790606093626268e-01
2.826031517738854526e-01
1.460469784244154412e-01
3.102316970447055455e-01
5.254625026252326414e-01
5.024935737352335119e-01
4.264399640511754574e-01
5.068153697920807499e-01
3.624976612000264664e-01
1.627164428289225306e-01
5.582652799277083577e-01
5.599614795783592891e-01
2.665632938213176040e-01
5.321405488820819540e-01
1.645770784603761139e-01
3.830671195450822131e-01
1.696424779004424011e-01
3.204852017417996191e-01
1.939966941915812204e-01
4.697385857517383245e-01
5.341743110866620237e-01
4.368822750158704582e-01
4.788756037792122333e-01
6.241684857086848143e-02
5.097070277073153521e-01
3.905957305533077628e-01
5.254625026252326414e-01
2.610725650768636052e-01
1.680043758760043082e-01
5.457448365304263804e-01
5.165558110713421858e-01
9.600029575744968569e-02
4.174756523692917387e-01
6.468868585294914597e-01
1.537431019197130211e-01
4.331707426794277893e-01
4.014034738989032403e-01
2.573038684912241636e-01
4.054376872464827697e-01
3.932526344826257070e-01
9.527277795258580484e-02
2.521972737601590464e-01
2.817303801331733637e-01
2.423087814243082283e-01
5.523700461645201232e-01
2.947821955853980880e-01
3.210956667930817132e-01
3.539665045339911442e-01
5.271413626670496955e-01
5.927020325433004500e-01
4.152267875068064162e-01
5.068153697920807499e-01
4.256852496357025339e-01
4.601004369807026873e-01
3.804877425551436154e-01
1.981735727609125752e-01
3.328984096823729977e-01
5.389352575995626227e-01
5.787550736089872583e-01
5.439396870443917731e-01
2.974451162625254552e-01
2.165734658716161054e-01
4.837200743347296883e-01
2.139356761107973903e-01
5.681396333687378508e-01
2.842102630829018706e-01
5.408817630849778180e-01
3.882953520104565626e-01
5.279985428579516693e-01
2.884527737513321588e-01
2.865054791569742187e-01
5.229988250961420393e-01
1.362457782511105886e-01
3.672493050206871446e-01
4.169302210372108353e-01
5.321405488820819540e-01
2.282393792242966013e-01
3.903751106809937865e-01
2.109863103426027620e-01
3.183971340409682549e-01
2.174374723953585165e-01
2.628981322370943507e-01
2.879723865324058663e-01
5.532101417102652796e-01
3.176520257172352757e-01
6.267239800441493092e-01
4.376211641175816180e-01
3.705286757953482057e-01
5.209279598039595616e-01
2.756183937759157376e-01
4.290155370620457043e-01
4.071444917438565847e-01
3.118669226464774180e-01
4.255599184100496979e-01
1.728548905154287108e-01
5.498116988447543374e-01
3.518195699504552687e-01
3.420714186444346327e-01
4.234855596061871119e-01
4.738925033504141071e-01
5.296353816012925320e-01
1.498934645006972932e-01
2.699926819806738876e-01
2.467000906824570738e-01
4.106140442179730954e-01
1.071927041435136591e-01
3.155192184912323783e-01
4.796506734012213058e-01
3.834952697684249623e-01
4.939942631030457276e-01
2.312993171161229489e-01
3.985752819828772275e-01
5.274659924405110667e-01
2.327683742729380056e-01
2.849248060117866577e-01
4.399553857884883068e-01
3.530678702426504612e-01
3.882655981754905006e-01
3.263274898496609788e-01
2.953409361669391830e-01
4.173371759107634138e-01
3.946964102186867884e-01
3.774142543780775183e-01
2.671331215290198569e-01
5.639959616096343886e-01
5.664412210532854264e-01
3.315239187924571285e-01
2.849072321232429816e-01
3.987894058421900811e-01
3.626343469882616355e-01
3.387467804357084389e-01
1.469373469243082098e-01
3.891566129714061906e-01
8.541994425663229640e-02
4.363859923239968852e-01
6.207612043448931111e-02
1.926544584415191552e-01
2.565707172675525394e-01
3.653010821423503529e-01
3.020558371998441349e-01
2.178435459656015982e-01
5.232934286091185383e-01
2.558093485391680910e-01
2.258539175458172954e-01
2.849316317209898419e-01
3.393010477715212581e-01
2.293524172841154563e-01
2.282878782424159203e-01
4.693128064931075816e-01
4.719322381415979595e-01
3.384518116792092357e-01
4.111282002481880249e-01
4.771781319086641493e-01
5.115029772973093136e-01
4.045706550429031823e-01
5.169177985842644540e-01
5.164103048703051480e-01
9.383896617208052626e-02
1.802881005183568364e-01
5.614428064853541622e-01
4.558680727856500026e-01
5.321405488820819540e-01
1.629224734364140281e-01
3.216244607318210491e-01
2.867734012876120842e-01
3.056578802547211815e-01
2.349060601088521494e-01
4.070464547280352452e-01
3.900643448822860848e-01
3.526289578081301390e-01
3.741034645531748359e-01
6.181378091181797263e-01
3.902757954167823118e-01
4.007232423456749681e-01
5.652326167243100219e-01
4.041056111701191167e-01
6.468868585294914597e-01
1.840211900181078220e-01
2.037187448254401401e-01
4.115079628765920261e-01
3.303155637104844278e-01
5.432955972420152602e-01
4.102779815115207840e-01
3.957789089724804699e-01
2.271499797169560797e-01
3.308534454984467521e-01
3.084192978801081897e-01
1.040987228321496594e-01
5.536884863094678755e-01
3.024362241930293460e-01
2.577700457206878459e-01
5.165558110713421858e-01
5.928194962738000395e-01
8.211077048360553021e-02
5.123326241135117698e-01
3.322725285272747908e-01
4.179359074359220161e-01
5.925645574382435443e-01
3.354676548544082704e-01
5.104380571093382057e-01
5.254625026252326414e-01
4.031469946209336741e-01
3.019513190343750542e-01
6.241283045037502308e-01
3.701614161574385831e-01
4.803455448378251558e-01
2.551193638197591929e-01
5.572679329096352774e-01
4.215901084923366904e-01
1.685138513011203987e-01
2.122226334744065079e-01
4.725035854452884765e-01
4.095165211084672574e-01
4.494005393208204135e-01
4.374097130633877173e-01
5.223540203976501095e-01
5.051191701414298185e-01
5.219708620646676955e-01
3.520516430239693517e-01
3.676319265059760921e-01
1.716314393594653154e-01
3.854097620852217077e-01
2.714699313397467839e-01
4.011519384594507409e-01
6.176485630288240936e-01
2.803427869374096604e-01
4.015578586149415319e-01
3.168892411245175511e-01
1.565216376587867664e-01
2.215101347435673440e-01
5.158742789227238612e-01
4.003523921165604849e-01
4.481587935595840455e-01
3.783339321635491026e-01
3.042243326885115118e-01
3.838020746393678295e-01
4.263063524825398964e-01
4.723427204111187439e-01
2.981229242576375338e-01
5.587647102204925664e-01
2.887300803746232769e-01
4.495506854865983781e-01
2.697577274953959492e-01
6.356320186544015538e-01
4.271852197611678004e-01
3.846118223357097299e-01
4.523666305191419990e-01
3.146255729857090899e-01
1.864663035306530769e-01
4.360067409741610889e-01
2.853870681508200446e-01
4.705254621772425039e-01
2.936380011305402271e-01
3.421254374754509886e-01
2.003355151737746809e-01
1.522910704743388466e-01
3.762676813709217027e-01
1.090482471535553222e-01
4.178701167250940540e-01
1.580240708393911842e-01
2.644937423248459041e-01
4.398630255342604878e-01
3.506021508214128279e-01
6.306330680702929570e-01
3.662729964037077512e-01
5.386202903570082023e-01
3.709146181487510963e-01
1.813409973967832767e-01
5.319422441001588897e-01
4.171025016464693924e-01
3.015327013135821188e-01
2.179117111750856484e-01
3.888369741664924328e-01
5.401227213548823736e-01
4.087995314429501703e-01
4.543000989727366545e-01
5.254625026252326414e-01
4.181346254814326535e-01
4.944980056392199730e-01
4.278295457141657598e-01
5.540233144221343720e-01
3.790361460967195950e-01
4.202252020747376804e-01
4.114891289290766863e-01
5.401227213548823736e-01
5.620991104302598407e-01
2.497802710064251086e-01
1.385122615921997036e-01
2.408288964704695945e-01
3.219131823065637388e-01
3.023833643917575587e-01
4.258479655211557247e-01
6.081319898362562704e-01
2.844187654764533946e-01
6.306330680702929570e-01
2.853318864442964120e-01
4.442070317025691994e-01
3.600273523286613986e-01
2.506488091899140014e-01
2.661563044398397304e-01
3.259962486903156820e-01
2.389797487560205158e-01
5.879877638200029510e-01
4.075933451632955951e-01
4.127110505108564920e-01
3.318919584965700498e-01
6.243987182728991669e-01
5.532668653597770936e-01
6.357481155800278616e-01
2.327445801229771627e-01
4.011029355424701737e-01
4.862501438648528795e-01
3.389036969109179287e-01
4.146490430366117086e-01
5.416357577191772688e-01
2.777113746985231946e-01
2.757733821727679779e-01
3.066103284083169789e-01
5.285063567056759171e-01
5.801956422907241784e-01
6.127027731509384623e-01
2.132802306025037287e-01
5.664412210532854264e-01
3.269376852817916790e-01
1.206267343656304281e-01
4.054812058978869427e-01
5.254625026252326414e-01
2.402431126930717198e-01
4.787537018306073366e-01
6.356320186544015538e-01
1.006160750161339962e-01
4.612487455701985706e-01
1.898101214937245318e-01
5.319422441001588897e-01
3.039893587665407071e-01
3.404951066981576346e-01
3.049497858384703775e-01
3.866841520319879155e-01
4.505189090629795889e-01
4.186052833363315684e-01
2.176538539252911852e-01
2.920793961154105056e-01
3.434732987449162223e-01
4.228460281760173523e-01
5.635990815951203992e-01
5.651797993303681045e-01
3.414699768959248982e-01
3.846575174809576114e-01
3.087706650593170510e-01
3.193488925557554370e-01
3.991112717595006187e-01
7.036464990278026854e-02
1.885047819915920964e-01
2.732672846331484773e-01
4.909123204842773536e-01
2.931628129671087768e-01
3.207923688420187824e-01
3.711076582893333975e-01
3.164042251663199412e-01
4.037652751976020804e-01
2.186558172098914954e-01
7.687554184819203607e-02
3.683148672431602044e-01
4.311871886746655447e-01
5.068153697920807499e-01
2.351941915149203255e-01
6.168748054355536192e-01
4.345183186348719473e-01
3.655840620972302668e-01
1.791298553094026191e-01
2.717693824886533438e-01
6.306330680702929570e-01
2.887942576320636778e-01
3.664537526583335758e-01
2.086212899325938508e-01
2.544874482471307098e-01
2.512565479072170760e-01
2.944413660040336445e-01
3.077057946583828252e-01
3.017614898978192017e-01
4.280902208686687138e-01
3.978083104978475948e-01
5.098325993451106042e-01
5.082481970573191621e-01
2.923297330280955064e-01
1.120105255379481302e-01
2.468071000706790197e-01
3.682856528543759778e-01
4.116811654295178813e-01
1.953543119532921979e-01
1.146551543122304312e-01
5.087418574586873854e-01
2.693273661663446727e-01
6.243987182728991669e-01
2.080509406563096075e-01
2.693289148654025023e-01
5.310368598715352606e-01
4.784924042861742333e-01
4.637627129955807503e-01
4.087343164532015183e-01
4.211514994573163917e-01
5.309893102371202600e-01
2.725229278961864288e-01
2.523748343938094774e-01
5.635990815951203992e-01
4.117212853620970670e-01
1.517489734185717976e-01
4.065123034338906649e-01
5.773311148805548854e-01
2.129948714716886071e-01
2.939313676591215341e-01
1.599566489469369246e-01
3.516607949324368487e-01
4.512550296312609066e-01
4.114304339623615081e-01
3.892143713389797366e-01
2.929110003209188795e-01
2.750507123156527567e-01
5.141780792720730409e-01
4.303235092486368818e-01
4.353252754507841993e-01
3.256843722976862643e-01
2.178764982279104701e-01
5.132951112670069982e-01
4.341389100245210964e-01
4.546233138173205734e-01
2.963893772614790700e-01
4.071048108518692810e-01
3.870236535779253972e-01
2.467051984790409602e-01
5.706547624223529125e-01
1.983479153226482550e-01
2.758569335514823306e-01
1.251595752809724349e-01
5.961033104635431457e-01
3.233607442480328498e-01
1.798285797845348699e-01
2.711875611981132694e-01
3.667987812929354163e-01
6.248304811226280675e-01
2.493794648838902617e-01
2.761203865939731994e-01
4.561621366445655079e-01
3.913565096327153436e-01
5.033734447579419902e-01
3.578464886590753680e-01
3.990737252658457801e-01
3.019639304338034846e-01
3.560612476474593890e-01
8.943374668608537748e-02
5.132951112670069982e-01
5.321405488820819540e-01
4.650573197014237770e-01
3.062702049921470770e-01
5.952135834784547663e-01
3.221816968925458879e-01
3.774539259155066939e-01
4.760448864443265760e-01
2.522742138569289971e-01
3.280129831046641464e-01
1.649126744783204201e-01
3.387467804357084389e-01
4.807328895434218596e-01
3.934081422653297744e-01
2.293042415179471494e-01
5.987989072356373343e-01
4.385328664147239430e-01
1.659515302690271477e-01
3.575077804836015449e-01
3.581550917878973950e-01
4.570255642251030426e-01
5.992992377487261768e-01
1.673897900379539561e-01
5.613941817003986756e-01
3.737115326841204399e-01
2.394602725514945740e-01
6.071598455567098762e-01
3.729568652493169267e-01
5.206560726919150506e-01
3.844261958902749909e-01
3.045434815224616343e-01
2.923492704383774954e-01
5.514684168555047394e-01
2.996301247289121505e-01
4.805398126082444654e-01
5.614428064853541622e-01
6.387109174039142800e-01
5.124971252644023867e-01
5.251646306296674505e-01
3.401844993032998588e-01
4.635517099207787095e-01
5.702189724353760036e-01
4.471584643083990063e-01
3.747854040408271081e-01
3.555439887103335472e-01
2.278111628954101742e-01
3.963285026671432565e-01
5.233714109075966459e-01
3.805666378584891540e-01
3.776020653207001199e-01
1.785910061561965800e-01
4.270971245617815049e-01
3.803705553038047582e-01
4.688352004882342383e-01
4.351670680465614116e-01
6.064684233535445612e-01
3.996198660891863153e-01
2.522742138569289971e-01
3.559010327550753416e-01
4.990503847963602690e-01
6.018916297353040790e-01
3.451125559533360643e-01
6.748286135812539555e-02
2.059993423237414245e-01
3.280337992830339444e-01
1.916733707887021687e-01
5.773311148805548854e-01
3.521067733843631364e-01
5.282857051318040620e-01
1.929306775454651679e-01
3.466423833336038096e-01
4.290155370620457043e-01
5.122835122678994768e-01
3.199270512249934306e-01
4.065404809218828297e-01
5.647671714370453566e-01
5.582652799277083577e-01
5.925645574382435443e-01
1.867439112667744483e-01
3.905324464482837765e-01
4.249179273547453728e-01
4.330954999152494267e-01
5.649933292077351510e-01
4.267621627828741548e-01
4.754357822733642491e-01
2.508645302880471162e-01
6.243987182728991669e-01
6.423100649112508664e-01
2.287034907594599487e-01
3.753788126145662374e-01
5.660779688041124302e-01
5.549630650104279139e-01
4.797195900935367630e-01
1.737670016067585921e-01
1.259537904612200443e-01
1.947830750333868766e-01
4.378634905143143907e-01
3.480178711075910813e-01
1.107221645587081332e-01
1.995799824423499236e-01
4.954722501209919971e-01
2.973761744168427201e-01
2.338396551446367544e-01
1.934191370204269289e-01
3.969810649967009941e-01
2.492940707611761564e-01
3.634709814514614501e-01
2.456485460573690494e-01
2.926909399551168578e-01
4.516426987321434661e-01
2.719373608327170788e-01
5.065832133590603137e-01
3.278047980385101479e-01
1.462361966043899675e-01
5.431970839752487956e-01
5.256434014848991865e-01
5.431970839752487956e-01
3.298081147944643132e-01
2.647357819524041589e-01
2.696416666367879578e-01
4.456378917042460031e-01
4.003450431757426542e-01
5.257552144386887782e-01
3.387467804357084389e-01
2.881381646844121680e-01
2.309766583480463986e-01
3.641946013159181872e-01
3.214601455287569576e-01
3.811875867708765520e-01
4.166884281621065500e-01
4.078624402515755865e-01
5.762123693969800620e-01
4.158531355582917310e-01
3.809806633227872941e-01
2.989335960803769510e-01
2.348807682941446984e-01
3.105126784502241777e-01
5.033161395667370419e-01
3.570740161742043672e-01
4.086824047883596545e-01
3.678585889031039668e-01
5.497622886926792907e-01
2.435199526440174067e-01
9.718500168511164106e-02
5.721289242575658962e-01
4.845758388691774887e-01
4.764501276667807428e-01
4.709294301404041705e-01
1.845264762642422618e-01
4.422329870218406067e-01
8.020510263325242306e-02
1.765397888659603343e-01
3.707030649219951735e-01
5.349976030397507465e-01
2.744168956889459499e-01
4.097980149358889101e-01
2.502261272254593383e-01
2.786762505903906395e-01
3.176187092507989918e-01
2.240832978124003283e-01
4.801776920527185410e-01
3.952013155264287869e-01
3.626006122691401434e-01
1.189908301426405163e-01
2.784474287455026564e-01
6.357481155800278616e-01
6.201000794245478120e-01
3.917079223374401176e-01
3.155590712992090152e-01
4.927654602044119758e-01
3.342328145239977233e-01
2.666225168008659052e-01
2.494981642475709582e-01
3.589393521592682545e-01
2.855037369517628987e-01
1.894092500971622794e-01
5.431970839752487956e-01
5.489970145402411905e-01
4.354269846503446839e-01
5.392881956169500723e-01
2.088809919012392380e-01
1.872882289906871722e-01
2.816050205320276834e-01
1.072798276121958161e-01
2.949912701660847292e-01
4.073855176491388841e-01
4.788461462758578091e-01
3.175267695359260123e-01
2.722590271861222155e-01
5.163791598046754139e-01
5.066983730619077919e-01
5.350211428496716159e-01
5.691551737549778167e-01
3.607952180055027935e-01
3.328984096823729977e-01
5.446713244926890685e-01
2.860629018144821845e-01
5.633357730285819542e-01
3.289384568703747624e-01
5.276932069644439949e-01
4.559861109899544518e-01
2.648792527055451318e-01
2.419079768608663750e-01
4.990943345889518601e-01
4.405573206261478303e-01
3.859351955548845914e-01
4.121442343472148107e-01
3.418247780294607074e-01
4.343544323902650550e-01
5.156888911224594141e-01
5.599614795783592891e-01
5.141780792720730409e-01
3.720306969596395286e-01
3.064800646281346519e-01
3.066103284083169789e-01
1.963575911123939810e-01
4.811312053786596099e-01
4.757485405929403055e-01
2.848359208719413171e-01
2.322577112347054829e-01
5.794801888515207500e-01
4.496802282382327265e-01
3.720547816205981295e-01
3.692761639771715565e-01
4.486129590167914349e-01
5.319422441001588897e-01
2.994387186217452035e-01
3.600278930221177398e-01
4.783415262821368308e-01
7.859140010262168075e-02
2.926852020770773777e-01
4.336433116705399327e-01
3.709917832746122968e-01
4.731834548731799761e-01
4.603903420109804467e-01
5.024935737352335119e-01
5.094854074169858915e-01
4.275124846096972075e-01
2.284664162195053083e-01
3.420591741515615625e-01
4.106694787054436246e-01
5.431970839752487956e-01
4.366346762862713948e-01
5.105873126172486565e-01
5.132951112670069982e-01
5.628464529342779299e-01
