2.359594165039587688e-01
4.173095259159066983e-01
4.143031039956308059e-01
5.662779149991578054e-01
2.189084205241171588e-01
4.867099772487933351e-01
3.354676548544082704e-01
2.357415144425820119e-01
2.045896587548595436e-01
3.595237200723328530e-01
3.194114384822083763e-01
1.737081100903844766e-01
2.202912416479920754e-01
4.283787963044265457e-01
6.062230316760122140e-01
3.525925525705594921e-01
4.979997737561673854e-01
5.199541118515100813e-01
4.601423537160075905e-01
2.706381781888860805e-01
3.862442594476612201e-01
3.497205476463687845e-01
4.366983617018364572e-01
3.053446763463624758e-01
4.197355629900036411e-01
1.356788560691441214e-01
2.780509336190834513e-01
5.470104400526184518e-01
3.307896541684964276e-01
4.007074713922895159e-01
5.386202903570082023e-01
5.125121420325284838e-01
5.315014036912208972e-01
1.621825941027616735e-01
4.224919644934758134e-01
3.987040840613917392e-01
3.650002043193989465e-01
4.264768192429891358e-01
2.567201539420708167e-01
2.950045618497637023e-01
1.433087755900262494e-01
4.101235232062923619e-01
5.519077060708361682e-01
1.921047032248204001e-01
4.106352839499443630e-01
2.906697125465286247e-01
1.538324745359732071e-01
4.146747271191207895e-01
5.773311148805548854e-01
5.499461860000249835e-01
5.957245446152710233e-01
2.783486762099287026e-01
3.510853259065222498e-01
1.621374015051610662e-01
3.764662584744241647e-01
2.825256656827429547e-01
4.147871457285754460e-01
1.502826673333448049e-01
4.485015520508219833e-01
4.974157319014211875e-01
3.695318750834662991e-01
4.723376219690929023e-01
2.973877232424142480e-01
3.206940037930278709e-01
1.531936116448866514e-01
5.068466063245005149e-01
3.604186087986233633e-01
4.244387434438051665e-01
3.803290393593432572e-01
2.004379304345901835e-01
3.925565938302030267e-01
5.317100876671384535e-01
5.509897012961051388e-01
5.388810783898452250e-01
1.643766180764556495e-01
4.071898716404975804e-01
3.966921553953411395e-01
4.212199033119706781e-01
3.385346708206265487e-01
3.724300365992880280e-01
3.687826346435558178e-01
4.073034430433247755e-01
2.710869492882141407e-01
3.977389877137724183e-01
6.009254957593160862e-01
2.668029628999220026e-01
3.746127728435201254e-01
3.474401323540707298e-01
3.057020573630737648e-01
5.407527897141111151e-01
2.603934139750921362e-01
9.220898276071012867e-02
3.792976446602115970e-01
2.072452240469180307e-01
4.362375023307550337e-01
4.389574460032523717e-01
2.288894803696268077e-01
2.942545005993525975e-01
3.357243414332303777e-01
4.449006556568849136e-01
3.989150424421940566e-01
5.336619835607306905e-01
4.193359570572688377e-01
3.280337992830339444e-01
6.468868585294914597e-01
3.672974259067814939e-01
4.991020421211622149e-01
3.140520761085142110e-01
2.945586136442417957e-01
4.369302063162546212e-01
4.723633845259501696e-01
5.215990012314632995e-01
1.288234215103918612e-01
2.399636476614158409e-01
5.275003361413627134e-01
3.413096084848489808e-01
4.187484419590517537e-01
6.038220366499224001e-01
2.755986828905513386e-01
6.097737415934940675e-01
2.955097764815591277e-01
1.595204245966470868e-01
3.718158028044395991e-01
4.289891660431559006e-01
3.817124279930742548e-01
3.879924797957252092e-01
3.103758029723393541e-01
1.842379175627494592e-01
1.397898251247600976e-01
4.084242270929815954e-01
2.932520576338024654e-01
4.171265892177349333e-01
4.837200743347296883e-01
4.396097936976722242e-01
1.606703811474558818e-01
3.113286215664345935e-01
3.042764667839563120e-01
5.068153697920807499e-01
4.476376047726139951e-01
3.563925313180741350e-01
3.440109941692939266e-01
2.175148772057853286e-01
9.168851656138103656e-02
3.679129851385685157e-01
3.996777206008289007e-01
4.725348899541635395e-01
5.030708689787618537e-01
6.522292101070678583e-02
1.724081060124156017e-01
5.958755390315866318e-01
4.229926095275948206e-01
2.435922716930415399e-01
3.188975425087077209e-01
5.614428064853541622e-01
4.397311642034393286e-01
2.445989479079357931e-01
5.571193401201941509e-01
5.403587408046265361e-01
5.115524828658766232e-01
4.548963431209051000e-01
5.223540203976501095e-01
6.064684233535445612e-01
5.601310382190992643e-01
3.824461404902299577e-01
2.235724114081090452e-01
3.069992614139340215e-01
6.387109174039142800e-01
5.068153697920807499e-01
1.982855292551987392e-01
5.165558110713421858e-01
4.015578586149415319e-01
4.283787963044265457e-01
2.951746433063601183e-01
5.321405488820819540e-01
4.013744564755361011e-01
2.339421596895120137e-01
4.104483020290455864e-01
2.769045580970423970e-01
6.272914909396368754e-01
4.619726779808343009e-01
