2.684054831997180202e-01
4.840760813747399527e-01
2.832610498394252940e-01
2.952105924572552276e-01
4.529809788553569305e-01
4.779819641982423484e-01
3.635720093273759890e-01
3.172719142677549176e-01
3.988730897438103606e-01
3.604731300733474142e-01
2.650454407950739166e-01
2.214896684256692228e-01
5.165639529668654140e-01
2.972026326052776279e-01
3.498619189248608485e-01
4.334106459338024631e-01
2.355301404075828275e-01
3.280337992830339444e-01
2.342908664324064583e-01
2.530607633925984756e-01
1.053323667145833614e-01
3.127382100306428381e-01
4.700527910135683940e-01
3.665275973318389835e-01
1.191737871090214479e-01
1.996601658683413716e-01
3.387467804357084389e-01
1.867348989815927063e-01
1.396915664059125983e-01
2.009959248342161331e-01
4.429317615958283105e-01
5.853578654604304488e-01
3.918284134108093175e-01
2.901173829554496986e-01
4.142104427325122851e-01
1.579112439554466174e-01
3.806773331504687552e-01
4.104185922644419393e-01
4.042080004460510967e-01
4.742521531592753803e-01
3.113841457537230850e-01
5.218897461971159224e-01
3.860208584652338182e-01
3.812118292120478813e-01
2.465961798356856582e-01
1.325369785889584651e-01
2.529290384304460071e-01
3.392047120379937941e-01
5.450496355015599370e-01
1.828191289946214659e-01
3.233684713208756500e-01
2.722880706983124011e-01
2.522646901892395821e-01
4.286024288641358537e-01
3.858286576363892384e-01
2.912062087165621094e-01
2.941400373953229619e-01
1.917142197531734316e-01
2.207358168122687259e-01
4.819650432447554200e-01
4.412809320715022632e-01
3.868798016785129357e-01
3.257052301558092666e-01
2.055898596407199352e-01
3.951673919491738851e-01
4.299516479996743912e-01
1.074379134071637432e-01
1.913830576918135740e-01
3.078500361231690796e-01
1.246588103006310705e-01
3.064943358379828564e-01
4.697481984956084489e-01
6.192530805267674188e-01
2.370013068093630437e-01
1.998419247237129270e-01
2.873652821580792716e-01
5.386202903570082023e-01
2.207943312360131916e-01
3.693115181781735368e-01
4.590363356283811980e-01
1.681414698347897807e-01
1.654595240653438659e-01
3.927934466671314517e-01
4.087995314429501703e-01
2.538788996329780501e-01
3.233423159765190236e-01
5.639335006017808238e-01
3.310435163983588835e-01
7.859750831722112085e-02
2.314770062190374678e-01
4.493540745033226536e-01
2.200144663635991704e-01
4.152792729178764186e-01
4.015578586149415319e-01
5.635990815951203992e-01
1.359771630516594665e-01
3.387467804357084389e-01
3.912983467324751552e-01
3.283340387093670043e-01
4.598130259795452646e-01
3.083729601806606269e-01
4.150973986896220325e-01
3.328873301437978993e-01
3.943199568171689151e-01
3.977389877137724183e-01
3.787296121961420403e-01
5.160797709155497959e-01
3.207221179818438017e-01
3.813945185341285349e-01
1.756991860952887563e-01
4.188510041903684145e-01
3.828585353511173572e-01
