3.083729601806606269e-01
5.187632537428257251e-01
4.161819622022602805e-01
1.472621858241121295e-01
4.649463701733437815e-01
2.948827135339583960e-01
3.489165974893589373e-01
3.972480558291134334e-01
2.064974495701962787e-01
2.348014060944120518e-01
5.738902451445057062e-01
1.237573909494746188e-01
3.925337230790629794e-01
3.185100491695772584e-01
1.505205915789905591e-01
4.094017119936682048e-01
2.601443231934812417e-01
2.698710065163137939e-01
6.222253566470645758e-01
5.310368598715352606e-01
3.817124279930742548e-01
1.852812528355565758e-01
1.756606693260832353e-01
1.141384120585284545e-01
4.146490430366117086e-01
2.767534694075693968e-01
2.081591048127552079e-01
4.267286529889044999e-01
5.132951112670069982e-01
3.704198402934519851e-01
3.435251892060930956e-01
3.408404029770597532e-01
2.958998645672184513e-01
3.009293314867150793e-01
4.086824047883596545e-01
3.138910125498343140e-01
1.212492435143639191e-01
2.723385194142119992e-01
5.276262385147553191e-01
1.166491937371909593e-01
4.288360797397773316e-01
3.176353656650752755e-01
2.015562443612195498e-01
4.221805329620522684e-01
3.480679901272886179e-01
4.897917986740650265e-01
2.235371237284088652e-01
1.346233434484029323e-01
4.350441798157176354e-01
2.785849009402526777e-01
2.026424350472638691e-01
3.446181249442621941e-01
3.901593800204235518e-01
2.167972710748915788e-01
3.679789408014370600e-01
1.185252286342561162e-01
3.068228135569354698e-01
4.065495333277246992e-01
3.860455301766809177e-01
3.207496674671710957e-01
1.641294934150714924e-01
5.169177985842644540e-01
2.487798030999016363e-01
4.221058030355350765e-01
2.884894652383796498e-01
3.659971916027445760e-01
3.852434181903313659e-01
1.964815871307920292e-01
2.800274261797791597e-01
2.029979781011939932e-01
3.790918548806205268e-01
1.817835474031778698e-01
2.467512488896163592e-01
2.896867807984979670e-01
6.241533265953668197e-01
2.855037369517628987e-01
3.578710790898068095e-01
5.441683005944534246e-01
1.553073852555292289e-01
1.417036975461755666e-01
3.093848743244353994e-01
1.733580277077564347e-01
4.832733607184788172e-01
3.062702049921470770e-01
4.060294468195136397e-01
3.539156260281180466e-01
4.047399506126824198e-01
1.956368243881478619e-01
1.900040110281793482e-01
5.390667902735770678e-01
4.559299134823642241e-01
3.696174277139698261e-01
2.636464463678770964e-01
3.536074764914227120e-01
2.182349270590648871e-01
2.107001957792539182e-01
6.468868585294914597e-01
2.029979781011939932e-01
4.428857531768247147e-01
1.694229776647895591e-01
3.831793155160548858e-01
1.587760153702203192e-01
4.438555139149754636e-01
2.566958165001653192e-01
3.754991068264579290e-01
2.666225168008659052e-01
2.988172226755899108e-01
2.833196758942294058e-01
3.305444420984789411e-01
2.981419682669512183e-01
1.936921005302864041e-01
4.989786120535272818e-01
2.420502763193977946e-01
4.334517446649741590e-01
4.391372615011551739e-01
4.104386624687756946e-01
4.117212853620970670e-01
2.645391846891469445e-01
5.383881339239877661e-01
4.171163500302929039e-01
1.211275464305807265e-01
4.218810545809878465e-01
1.393210458730001766e-01
1.624743232718625918e-01
3.262367623815740081e-01
3.420403021621767348e-01
3.877814681978813960e-01
3.952522720908919207e-01
