5.582652799277083577e-01
4.421627633938235991e-01
4.801293076799053039e-01
2.233687894953803876e-01
1.946996784206387887e-01
4.353992244795818478e-01
3.146213694630716762e-01
2.146775225001322507e-01
5.987989072356373343e-01
2.800563582687887743e-01
1.797937126441895850e-01
3.941800782143258242e-01
1.624955883650801292e-01
3.372237539230952819e-01
4.084215463884580677e-01
2.175636574842838566e-01
2.955812048727157193e-01
3.266381153299977025e-01
2.676447300012543828e-01
1.997187281042715201e-01
3.454152850433289679e-01
5.568660128671136800e-01
5.140288237641627012e-01
3.944702609710386554e-01
4.094403275054311342e-01
2.367522019959150958e-01
3.114834992676830949e-01
8.647321687647445410e-02
3.783339321635491026e-01
3.062702049921470770e-01
1.807432513223473369e-01
5.051191701414298185e-01
9.753639079556215841e-02
1.985246815464396797e-01
1.801880341870720770e-01
4.110680470098097006e-01
3.996671554590079944e-01
2.784236457170719548e-01
5.002176760708447745e-01
3.564371263672932999e-01
4.211942957289587230e-01
4.559353025393273473e-01
2.565680807373310057e-01
3.606828961637543185e-01
2.045407096785576417e-01
3.609633157760911981e-01
5.589641325602860977e-01
1.423188168019148547e-01
2.979768325652050742e-01
1.222338268615911772e-01
4.901310194793209174e-01
3.336533868569880878e-01
5.687951461259100894e-01
1.651860398184186451e-01
6.208456077679380680e-01
5.304443492314311337e-01
1.245955160095327391e-01
4.705254621772425039e-01
2.597517671675246831e-01
3.794763528902577732e-01
3.474397261583715424e-01
3.680941342846331676e-01
4.020200015353292966e-01
2.120351114836886708e-01
3.370385234872853575e-01
1.496804315907341865e-01
2.910434317146629035e-01
3.520817085735981622e-01
2.614371164662731561e-01
4.302817441611122007e-01
4.477756238971923319e-01
2.348014060944120518e-01
5.599614795783592891e-01
5.169177985842644540e-01
2.777113746985231946e-01
2.868562651063084612e-01
5.051191701414298185e-01
3.273322567992536514e-01
6.243987182728991669e-01
3.611084151577917956e-01
2.051187979807310990e-01
2.823328127372615737e-01
1.796174880493102699e-01
5.321405488820819540e-01
4.427844960102979566e-01
8.724393486201011128e-02
4.398221429973196983e-01
2.970054789536945017e-01
3.716670718793577133e-01
1.419574430519412733e-01
5.556307594809947181e-01
2.708416598871832837e-01
5.472698211599221763e-01
9.492409428426792917e-02
9.209686422469033629e-02
3.949101906617790148e-01
2.467051984790409602e-01
1.937498083832463747e-01
2.634649838441172065e-01
5.484147548327463761e-01
4.367862111881641862e-01
5.431970839752487956e-01
4.901908768018457541e-01
4.195964468875825748e-01
5.805346067810890354e-01
5.304443492314311337e-01
2.852461413177757032e-01
4.469205408942695801e-01
3.588335943069762002e-01
3.615672086266937257e-01
4.249202442708996386e-01
4.779605213684214871e-01
4.559434912076409940e-01
5.034684428936053724e-01
1.500557083967262173e-01
1.605561963974380391e-01
4.186052833363315684e-01
2.391750574808736984e-01
2.931495411358808201e-01
1.708322588837350164e-01
1.111441167636939981e-01
3.993683950922449766e-01
4.283400561691622643e-01
1.599203989950301885e-01
9.545374749113552659e-02
3.706645333933757946e-01
3.287695220747183233e-01
5.443759196059048122e-01
2.679656882146138064e-01
4.926807734941668349e-01
2.481120890887025254e-01
3.863159132836672671e-01
2.969790486892702197e-01
3.434201699481302383e-01
1.028992496951828817e-01
4.341484378497918462e-01
2.800563582687887743e-01
2.040323234358192017e-01
3.030979891210556776e-01
4.325923376734939763e-01
3.814793666624701207e-01
4.303753417115537827e-01
2.879654826606730111e-01
1.423018726830082015e-01
5.747883563081713776e-01
4.601434548514316547e-01
3.446950237770370906e-01
8.452052002483256832e-02
1.757086403313694034e-01
2.110632801660794478e-01
5.280015566886819833e-01
3.563976942026111372e-01
2.898576770371020239e-01
4.385340733605937458e-01
5.238294545566998250e-01
3.054530284254857175e-01
3.957921190636251585e-01
1.141816733556462737e-01
4.449334844390273047e-01
4.278468028989490524e-01
2.449761375131735419e-01
3.027926560339154194e-01
1.166522890565159370e-01
5.240590147880379579e-01
1.693822814914333896e-01
5.811852956005448823e-01
5.911232966231491082e-01
3.188099540145500899e-01
3.062204444599025965e-01
4.117212853620970670e-01
3.783431165725992251e-01
2.921530776038473998e-01
2.476974202386884316e-01
1.627164428289225306e-01
5.343881059773495368e-01
3.271498394869336579e-01
3.790918548806205268e-01
4.169283235170766488e-01
3.055955804570849588e-01
3.172719142677549176e-01
4.084197434532998994e-01
2.759718012881786087e-01
4.338664653808157468e-01
3.562416041506371034e-01
5.599614795783592891e-01
2.621989181028170357e-01
2.914650708537721013e-01
2.486032267736389967e-01
1.173587908072859509e-01
1.599566489469369246e-01
3.969810649967009941e-01
4.757485405929403055e-01
2.363508858420864944e-01
2.741621983049271072e-01
3.829688858756624126e-01
3.102815277361355428e-01
6.064684233535445612e-01
5.297414242479079327e-01
3.350533576921680967e-01
4.855194784590783352e-01
1.863130227564062658e-01
5.415696052987706288e-01
4.167343841955850059e-01
1.572614652305511507e-01
3.661984005591895630e-01
1.783268629551993667e-01
2.661563044398397304e-01
3.125334490445601521e-01
2.771906001105964301e-01
6.957394091483586063e-02
4.093090039577593209e-01
1.572335598562591974e-01
9.993825610737087917e-02
2.563540136290037297e-01
4.463786091023617120e-01
3.783339321635491026e-01
4.760569235778291941e-01
