2.331468634341704038e-01
5.022546491755116582e-01
1.490526839934224468e-01
1.540333464165091204e-01
2.599885936038114909e-01
1.411539584401046155e-01
2.777113746985231946e-01
2.805873046913394675e-01
1.158667034560855458e-01
1.751222359310135313e-01
4.396258030883488654e-01
4.041517381841311374e-01
4.397311642034393286e-01
4.272292878369491342e-01
3.226964970360535201e-01
2.062737152536830709e-01
4.353731284846992233e-01
2.861442065401673118e-01
4.255414964788474252e-01
4.102860690466677562e-01
4.566881228646706425e-01
2.078339816383255600e-01
2.197021267124663890e-01
4.167532589913371943e-01
3.280337992830339444e-01
5.582652799277083577e-01
1.932655760251962285e-01
4.568221393817309961e-01
1.393699201128375531e-01
4.244387434438051665e-01
3.544453379608223931e-01
4.420653965801180085e-01
1.730194807425000092e-01
3.591349227078077799e-01
3.068159294337141074e-01
3.216214330771327568e-01
3.642631006910043157e-01
2.851931022208076816e-01
5.178133749745124081e-01
1.874395608986699213e-01
5.431970839752487956e-01
2.278111628954101742e-01
3.267500665233676327e-01
3.798859883643943558e-01
4.440022158364124727e-01
2.498530244187621707e-01
4.224103196776351488e-01
5.537916502467472579e-01
2.676163451538917104e-01
4.350594885499950437e-01
4.515342415701512624e-01
2.972971127063031016e-01
4.659887993012927776e-01
2.919463388563102169e-01
4.712706171698263224e-01
2.878178695013406951e-01
1.604361312682794916e-01
1.968609194495249126e-01
3.540165289687126626e-01
4.229003228625571320e-01
5.051191701414298185e-01
5.367173425003225473e-01
2.545271491994480773e-01
3.137586588574401980e-01
2.467512488896163592e-01
2.959570972086286167e-01
2.959980901293545741e-01
4.354615313451064007e-01
3.970393322522334234e-01
6.382001939248427291e-02
2.049157158260029310e-01
5.392911896991688936e-01
1.963575911123939810e-01
2.744327875240095693e-01
3.097920182640004905e-01
2.242789203307068990e-01
4.547640867159148947e-01
2.539775564402411145e-01
5.346675370207777389e-01
3.682856528543759778e-01
3.925209893428029395e-01
4.934914881399943276e-01
2.227891551965769934e-01
5.031811776156747129e-01
1.667752132426430500e-01
7.882414213097711786e-02
5.691551737549778167e-01
1.711912547050478406e-01
5.223540203976501095e-01
3.019513190343750542e-01
3.715155483068741105e-01
2.725219348578777900e-01
2.841951768831669223e-01
1.533151149853783091e-01
5.223540203976501095e-01
4.026979978688771111e-01
4.328496498643717438e-01
2.913827890964665879e-01
3.774142543780775183e-01
3.855146818730504354e-01
5.228650815242982253e-01
3.017090249628374132e-01
5.350211428496716159e-01
2.886425188008049925e-01
3.720772344308716506e-01
4.914801230340974936e-01
1.648218869331827541e-01
2.937971093787049015e-01
2.698173843185595611e-01
3.230615289379291655e-01
3.701263017449417103e-01
3.609099530114140419e-01
1.824237210757287397e-01
5.625620625199204694e-01
1.937519701176762255e-01
2.879872195354357678e-01
3.855146818730504354e-01
3.532378316490850101e-01
4.200218748305881156e-01
3.818399462104637432e-01
2.177018332457400784e-01
1.252817467447891742e-01
1.693081220890187699e-01
4.562713549557657622e-01
4.351595006248429875e-01
4.126284162945909051e-01
2.510538878509368521e-01
3.847183661787585418e-01
4.578226494877053465e-01
2.782588786888532395e-01
2.784457823432828216e-01
2.119804647539469677e-01
1.692915869721787481e-01
2.671460277009669038e-01
4.014034692216241762e-01
2.194257493086099464e-01
4.987393459484965041e-01
3.407452199329653042e-01
3.990367117741216996e-01
3.746604066689577239e-01
5.637606992554564656e-01
2.864887396950102083e-01
4.267330094065964752e-01
3.209739431007778143e-01
7.156020670204232825e-02
3.979804033923075579e-01
2.944990136760033961e-01
1.856066644421932865e-01
5.708513734056286371e-01
7.751242604236825706e-02
3.105085107867260885e-01
3.645531191193137621e-01
4.049619949763109683e-01
4.013257021819210957e-01
1.362811498100147678e-01
5.064972871698713019e-01
7.945753437256629359e-02
