3.738233469891239502e-01
3.888805830374121864e-01
4.224384843810646273e-01
5.319422441001588897e-01
3.023663549988235277e-01
4.353992244795818478e-01
3.060860241377523216e-01
3.026592664801246446e-01
4.476376047726139951e-01
2.996119688829171901e-01
6.340519159293770413e-01
3.160520744909032231e-01
1.002461695973843048e-01
5.113571187412517816e-01
3.929812720573492291e-01
5.614428064853541622e-01
2.552453709642021895e-01
4.074882972180213225e-01
3.747474485451056103e-01
1.866762687692072875e-01
5.829143806803842587e-01
2.908182622010630491e-01
3.978350466563206345e-01
2.680137753203595818e-01
3.556905831582923283e-01
1.071671870918358693e-01
4.024324198865514290e-01
5.002540750720433360e-01
5.666607817817471693e-01
5.118335112520646657e-01
1.903075538607846007e-01
5.923191657607110860e-01
3.952062970364787486e-01
3.757937616855642204e-01
4.647191473342481283e-01
4.423199232954219129e-01
6.205291569964137555e-01
2.560690115304882220e-01
3.264504334802764141e-01
3.083729601806606269e-01
3.310769512519244895e-01
3.472771137966942923e-01
2.259151352289641979e-01
4.527860428576729879e-01
4.743378340511639757e-01
4.924654658675002850e-01
3.136005716073188565e-01
2.026790978469999449e-01
2.478744725040776531e-01
5.156282577873730899e-01
4.150037333706041998e-01
1.743554501859312933e-01
4.457707243500131922e-01
1.878655123851086794e-01
2.581538192717725555e-01
1.428920776324278108e-01
2.697647379051512639e-01
1.782078298416747142e-01
2.321593524220866289e-01
4.052575480808707775e-01
1.007198441933204597e-01
1.558621648053659936e-01
5.068153697920807499e-01
4.376806458026302749e-01
8.393900868198317378e-02
2.881494032504744451e-01
3.572417526509723551e-01
3.062215019407223404e-01
2.948286891941467869e-01
1.739163892218167917e-01
5.449886753805786022e-01
3.790474455713487845e-01
4.096975775404674835e-01
1.862491673997029584e-01
3.752326865181480064e-01
1.613287186693458386e-01
2.879562216481862391e-01
3.342699644883300736e-01
1.939896488581424605e-01
4.344298618298466086e-01
5.491838762030989418e-01
3.732390547440401773e-01
6.702197090912329069e-02
3.086476482552695799e-01
5.431970839752487956e-01
2.716408930602573490e-01
3.871555902649087555e-01
2.059993423237414245e-01
2.476284306847595651e-01
4.464606303871948012e-01
3.328984096823729977e-01
4.635053057000292909e-01
3.125395084075785479e-01
3.529100772453500068e-01
4.309951755606195034e-01
2.609510398051302360e-01
3.315321125538079894e-01
5.791605347674955162e-01
2.808409364872548886e-01
2.887942576320636778e-01
2.386354639127245547e-01
1.481117974499608081e-01
3.977465596048908592e-01
1.605463851290578337e-01
4.796506734012213058e-01
2.095809917144546841e-01
3.972190295708859509e-01
1.575164332731167349e-01
3.898230528917965287e-01
2.517669162768705338e-01
5.187632537428257251e-01
3.419660590884371909e-01
3.118515493657493809e-01
5.169177985842644540e-01
4.196946564430304449e-01
4.180635036079620726e-01
1.019864627890024050e-01
6.306330680702929570e-01
3.387467804357084389e-01
3.193913566366468060e-01
3.956003562359772241e-01
3.632051212733007350e-01
5.660779688041124302e-01
1.834981307352824553e-01
3.217920572020366299e-01
1.624022568998458038e-01
4.286250002694177441e-01
4.011028266138384479e-01
2.836441042328736728e-01
3.800569512282397922e-01
4.307843672685043868e-01
4.179334055073971044e-01
3.846033506400448054e-01
3.900025384856181110e-01
4.174756523692917387e-01
2.915224966148365904e-01
5.635990815951203992e-01
7.328815780156483495e-02
3.396375827792164626e-01
5.431970839752487956e-01
2.161918404388822879e-01
1.898570538312465972e-01
4.663310200093813696e-01
1.689460582844784231e-01
1.556680021178156181e-01
1.967458489267976118e-01
5.068153697920807499e-01
8.120546296235810202e-02
2.522742138569289971e-01
5.897747716997587819e-01
4.043246872285333748e-01
4.387395871807217573e-01
3.536781897785848394e-01
3.280337992830339444e-01
3.169363488080336189e-01
2.242537410825148902e-01
5.532433255498561131e-01
3.373062308788458141e-01
3.113286215664345935e-01
2.295452771935456437e-01
3.773613866774011560e-01
2.138013024574979271e-01
2.890157806349892833e-01
2.421228909724568723e-01
3.130752320989947379e-01
5.729811457011758646e-01
1.906129330970779967e-01
1.568718309448976500e-01
2.853886538523520144e-01
1.769844755573570794e-01
2.214577734363010475e-01
3.947083698132969332e-01
3.181322076555817557e-01
5.187632537428257251e-01
9.620737667393308712e-02
2.680371828152536273e-01
2.775230418754999206e-01
1.490136545944348023e-01
2.546700349808912467e-01
4.563072283347405222e-01
3.917408698185304017e-01
4.597702556927864559e-01
3.280337992830339444e-01
2.564248503963323378e-01
4.106881886530948100e-01
2.144537168810986549e-01
2.524781418715855152e-01
3.955956018338092073e-01
2.434641402324009551e-01
2.861541698720859173e-01
2.029979781011939932e-01
2.682464027034088816e-01
3.891373691903079468e-01
1.905191576021540711e-01
7.109641457306724310e-02
2.849072321232429816e-01
4.309299715884614690e-01
5.027800545815004352e-01
3.000173170591519112e-01
3.906612555946865628e-01
2.893087957440058644e-01
2.439127050117538553e-01
2.910069465475905170e-01
5.132951112670069982e-01
3.710684104094451041e-01
3.979430321407071425e-01
5.487066397032693832e-01
4.274059517842390687e-01
1.554744029904190084e-01
3.089787601138344608e-01
4.046592618326762536e-01
3.389472987139494076e-01
3.128097310319242763e-01
1.721103276663705772e-01
5.664412210532854264e-01
1.796613977212417057e-01
2.803909824520894323e-01
4.176720243955786005e-01
3.604186087986233633e-01
3.868350033235650742e-01
1.751222359310135313e-01
1.239900533601469568e-01
2.872506853917483061e-01
2.322991494323954909e-01
4.015578586149415319e-01
4.340368523157028258e-01
6.241533265953668197e-01
2.747078412578994322e-01
3.328984096823729977e-01
3.956643048264426032e-01
2.088306867258361565e-01
1.548675064951605673e-01
6.241533265953668197e-01
1.932213262631092832e-01
2.437120395551326257e-01
3.083729601806606269e-01
5.498116988447543374e-01
2.826881848106581052e-01
3.654912655048383474e-01
3.783339321635491026e-01
3.782407373788020943e-01
2.828695786303859760e-01
2.880228137328219584e-01
3.066333262775072233e-01
1.998419247237129270e-01
4.862010320192405866e-01
2.886471660413133522e-01
3.009631982090448243e-01
1.960268299458170771e-01
4.418904987733913159e-01
2.548473145620415159e-01
2.879074022884228756e-01
1.120730555616523405e-01
5.029630353500346152e-01
1.086975048588254139e-01
3.449374988073035664e-01
4.041713043856641208e-01
2.405177014014861225e-01
4.271852197611678004e-01
5.164103048703051480e-01
2.941117389217131062e-01
2.777113746985231946e-01
1.456843714318699634e-01
4.943371771917662305e-01
3.905957305533077628e-01
1.413361978079422099e-01
3.100865811366191327e-01
6.127027731509384623e-01
2.554655032561617967e-01
2.441260735424725381e-01
3.720948066563827261e-01
5.068153697920807499e-01
5.773311148805548854e-01
2.790105850942097843e-01
5.503216301486668627e-01
3.771214518254081272e-01
5.503216301486668627e-01
3.092672110300304089e-01
9.496747937337082779e-02
3.572104791160784498e-01
5.370145658612252709e-02
3.164924210831147611e-01
3.839877161560350527e-01
5.319422441001588897e-01
3.280129831046641464e-01
1.616116766929841242e-01
2.808118602341114767e-01
5.875440673605474284e-01
3.250589415125892390e-01
3.062702049921470770e-01
6.178871300365486041e-01
3.396606655670060260e-01
3.757577262648558181e-01
6.062230316760122140e-01
3.469227770649967457e-01
6.423100649112508664e-01
4.814935252902119434e-01
9.372776760487690206e-02
3.236154655381445200e-01
3.790918548806205268e-01
2.528390197260420025e-01
4.212513184125100119e-01
3.387467804357084389e-01
2.877089175871662685e-01
2.683637787089416804e-01
3.892203309200454320e-01
5.599614795783592891e-01
5.658333483579228718e-01
3.308132274469473555e-01
3.811651266848356534e-01
3.969810649967009941e-01
6.243987182728991669e-01
2.681598553715641708e-01
5.505929175295997124e-01
8.998539994261600672e-02
3.600373714761098132e-01
5.132951112670069982e-01
2.164123689483458124e-01
2.506156145406115976e-01
3.060950411002130722e-01
4.147871457285754460e-01
3.227523418768046271e-01
4.770301486206509622e-01
4.368221295729571851e-01
4.316739181800220426e-01
2.854970679833770952e-01
2.502843239060481006e-01
1.871977503538448384e-01
2.857543289320645385e-01
6.195765329771262264e-01
2.911894340190960273e-01
2.770987284761183278e-01
4.161501334223752790e-01
3.083729601806606269e-01
2.397445203608112863e-01
3.162819766833084301e-01
2.506210673125091604e-01
3.083729601806606269e-01
3.941971939374032119e-01
4.006807544626302398e-01
2.443948410133410798e-01
6.287050981219908241e-01
3.819989116457085943e-01
2.882208978511142106e-01
3.804681210577785522e-01
3.561340178980010318e-01
6.468868585294914597e-01
2.409758138585607889e-01
3.439624947354164575e-01
2.710739949922627567e-01
3.387467804357084389e-01
2.463946705979267737e-01
1.934665044488386720e-01
2.894782234209328786e-01
5.434664445250987352e-01
5.155698033367398514e-01
1.858447986456978895e-01
6.976429951937834772e-02
4.676847731952756271e-01
4.248019956929782182e-01
4.374666511401582580e-01
3.972705660140097850e-01
3.819731354727723405e-01
2.610938426428252024e-01
3.009362121799318279e-01
6.241533265953668197e-01
1.388220267650128181e-01
5.237663029745817100e-01
2.698710065163137939e-01
4.177934838735868905e-01
5.457448365304263804e-01
2.516034969286506384e-01
4.137337556570597763e-01
5.239639090749568240e-01
2.503517176763102037e-01
5.691551737549778167e-01
2.720443835251994402e-01
2.888890697159610110e-01
9.793776172552520753e-02
3.987040840613917392e-01
2.808095531922129573e-01
2.593643527185006126e-01
3.670587414473834298e-01
1.853008711107961004e-01
1.474726149448069568e-01
1.355725762325118988e-01
5.326364963689581566e-01
2.867812660803375491e-01
4.268544377027445602e-01
2.239705703985898633e-01
4.958472268535491501e-01
5.051191701414298185e-01
4.803253342111808433e-01
3.337938602018452050e-01
4.119368670773150276e-01
1.113960063251391158e-01
6.260562744520524747e-01
5.554231404695433305e-01
5.146703094654522248e-01
2.814110641644524402e-01
5.296266683501503758e-01
4.227177789518846707e-01
3.966298993562487607e-01
2.923717498571717366e-01
4.198029079086846860e-01
3.269376852817916790e-01
4.104415700733021199e-01
5.412590914494935790e-01
4.648775769611948050e-01
5.726248396271260699e-01
3.809946828950234177e-01
4.316855779090763567e-01
5.411653508782531263e-01
5.987989072356373343e-01
6.404071170545652114e-01
2.738967113736333059e-01
2.890883433182813156e-01
5.324987507092939776e-01
2.802595325139441984e-01
2.576412250369967682e-01
7.398330478187349624e-02
5.643786197855787945e-01
1.560310809958458111e-01
2.870801724821459566e-01
4.662653734626872049e-01
2.647931463891435300e-01
4.133843951344959855e-01
7.480617079075151110e-02
4.485940116712444081e-01
5.524201907533430322e-01
2.235961349831262490e-01
3.941557929500664192e-01
3.019426294814466782e-01
2.192675091634339324e-01
1.361066453104849971e-01
2.512565479072170760e-01
4.462040527370044196e-01
1.882507848482143920e-01
2.723493002305661381e-01
5.141780792720730409e-01
2.860704302588753523e-01
3.172279814173074031e-01
2.783775868873943349e-01
3.093502571586695948e-01
3.806321089552497927e-01
3.328984096823729977e-01
3.161829166945926972e-01
3.673688161521290740e-01
1.936650997417595499e-01
4.176265795367287703e-01
2.979768325652050742e-01
5.329132403675512775e-01
3.436439416828757087e-01
2.307749665924656302e-01
5.441683005944534246e-01
1.439395062519661650e-01
1.433419420717148840e-01
2.579389151383773560e-01
1.461329808012829801e-01
2.382077523142156483e-01
4.794874336605163823e-01
4.165030563685302445e-01
3.239774867274758940e-01
8.985214706931256290e-02
4.203779009954726753e-01
2.193000833976573305e-01
4.283709632132589595e-01
4.643810419041324855e-01
2.979974537530089562e-01
3.835984042908163194e-01
2.872802184591440322e-01
1.369087064704024026e-01
9.255007167121209743e-02
4.386323373803575065e-01
1.317877387726852367e-01
2.758638864826752357e-01
5.685227727847251833e-01
2.784474287455026564e-01
3.328984096823729977e-01
5.017505684200935789e-01
3.889258819651561505e-01
5.180380148122466499e-01
5.242391499000079724e-01
1.595293285768343006e-01
3.446950237770370906e-01
7.827827768285769428e-02
3.900934320490805352e-01
3.341280117720843434e-01
4.158442524699508813e-01
5.431970839752487956e-01
2.955269684962545940e-01
2.889191763217057174e-01
2.593644509413603472e-01
5.993670560080455179e-01
3.053194613429707216e-01
2.341225119311688418e-01
3.867552060329427777e-01
4.403617141145294567e-01
3.947559759908184640e-01
2.323263368963255360e-01
3.637952564792930055e-01
4.424731339104832073e-01
5.992073117538717630e-01
1.545837428361936106e-01
2.007463468880090196e-01
3.896953799084407755e-01
3.977389877137724183e-01
2.737987660324810446e-01
1.222065712133267729e-01
3.753077748281787307e-01
5.325675709457218243e-01
3.254678639615220526e-01
1.749155796075268499e-01
3.948665547665803910e-01
2.034467700923683897e-01
4.891079310041159256e-01
3.025384668102786834e-01
4.324747431870605840e-01
1.730278966226351522e-01
3.856503693220607043e-01
3.262158443424608145e-01
9.616477747164739465e-02
3.082469797486778740e-01
3.987920821812531713e-01
4.919606155437717954e-01
4.392240310557237737e-01
1.849055919729860886e-01
3.328984096823729977e-01
3.280337992830339444e-01
2.979041088795747472e-01
3.197726980026339705e-01
3.673256620166708841e-01
3.396375827792164626e-01
2.482088082551711927e-01
4.350997656391497603e-01
2.898266402764667626e-01
4.121275969538732431e-01
6.534053254322379212e-02
4.309031308668171412e-01
5.319422441001588897e-01
2.779154824246341526e-01
3.338559834062130305e-01
4.145476213338025184e-01
8.432348268158805504e-02
3.745958818377153610e-01
6.030697969308164152e-01
2.816683603486419551e-01
3.784108252796495875e-01
3.328984096823729977e-01
4.015578586149415319e-01
3.877387182832712775e-01
5.122835122678994768e-01
5.238277387228711390e-01
5.667782455122466478e-01
4.556851061528924274e-01
1.842426092893784395e-01
4.140842866427169033e-01
2.330204550831258548e-01
1.669800753618923828e-01
3.963508279436084303e-01
4.040434597981375497e-01
5.045592946441160853e-01
4.015578586149415319e-01
2.996607639208295759e-01
2.965907244575043400e-01
2.225571754607645059e-01
5.337405468812044251e-01
9.875981523906529613e-02
5.957245446152710233e-01
4.280612522968826328e-01
8.214787232393358507e-02
2.551655705553938502e-01
2.396985449945795155e-01
3.581749679371210027e-01
2.356054533309467069e-01
5.671684055240635569e-01
3.722338982290737674e-01
1.206611384553513688e-01
5.519925988412075629e-02
1.079905018076825207e-01
1.182496312966029861e-01
3.282995725677441690e-01
5.092501705279938173e-01
2.389093513411024994e-01
2.565793285540117763e-01
3.116767002027245881e-01
3.135823110942130287e-01
4.837200743347296883e-01
5.254625026252326414e-01
3.838020746393678295e-01
2.686448534521618803e-01
6.161866062934007182e-01
5.118023661864349316e-01
5.579617696281773398e-01
2.782680146620805095e-01
4.038602936014745182e-01
5.403084752301859917e-01
2.725219348578777900e-01
2.682637560322612136e-01
3.870416756537400360e-01
5.987989072356373343e-01
3.854548487684370528e-01
4.921487596126011277e-01
5.401227213548823736e-01
2.753199842050802482e-01
2.260220604261635458e-01
4.137094481497400889e-01
2.884201349706581041e-01
3.813404121860245466e-01
5.558556503327036769e-01
2.903771729608804475e-01
5.791039819945777989e-01
1.110957377957365461e-01
1.412649740737282333e-01
5.043659781283126309e-01
3.247091139896988166e-01
4.360494056583532618e-01
5.691551737549778167e-01
3.207496674671710957e-01
2.595098474861888271e-01
5.123326241135117698e-01
1.140229228673578926e-01
2.963295673353817938e-01
2.788921646002990307e-01
6.216089325344144045e-01
4.276470316341395295e-01
5.949681918009223081e-01
5.605247189747540881e-01
3.777580866686420791e-01
1.171280953483565951e-01
2.979768325652050742e-01
1.955018668025459150e-01
3.280337992830339444e-01
3.798981190434776445e-01
4.938139496828049257e-02
4.296997276721271630e-01
3.504290180119143394e-01
3.881507640112636937e-01
1.555895817142012860e-01
2.638684681766267914e-01
4.417523916120275618e-01
2.514110366667290375e-01
9.917204379669818104e-02
2.977201624088293697e-01
5.401227213548823736e-01
5.349976030397507465e-01
2.060357687649770342e-01
4.023157813320129561e-01
2.944755006824822385e-01
6.306330680702929570e-01
5.987989072356373343e-01
4.423822632137182631e-01
3.886322049691865455e-01
5.266271139227703957e-01
4.241197597697747290e-01
5.161869922364817898e-01
1.665413819279704111e-01
2.512565479072170760e-01
1.734752616279461312e-01
5.988453114563867530e-01
4.366983617018364572e-01
5.132951112670069982e-01
6.555195844405045658e-02
2.105005714849456089e-01
3.807140765033437679e-01
3.559010327550753416e-01
2.855037369517628987e-01
5.338604203458621189e-01
3.213673692045741492e-01
2.023654473104632978e-01
2.156146201357579673e-01
3.480493107378604400e-01
2.090133949649120304e-01
4.757485405929403055e-01
4.908467202946154018e-01
2.946797392684666339e-01
3.387467804357084389e-01
5.598323396963589271e-01
5.187632537428257251e-01
7.101215962764670375e-02
3.125236400628496614e-01
4.215284343067561279e-01
2.710630732339004423e-01
3.410763626615718191e-01
4.213270892934610767e-01
5.132951112670069982e-01
6.270943108354422313e-02
3.150585544225354973e-01
3.728814137745540824e-01
8.834007214570802069e-02
2.819290863295771388e-01
5.416357577191772688e-01
3.157202392651508455e-02
4.523604708544731734e-01
2.545642197539763618e-01
3.651662852472680743e-01
2.688944301510945989e-01
4.734074613033934509e-01
1.976592639395825801e-01
2.566958165001653192e-01
5.367173425003225473e-01
2.546641214450391377e-01
1.250405174298386546e-01
3.766304493658054753e-01
3.743000019472603745e-01
2.891466691957109147e-01
3.881507640112636937e-01
4.359858557799406453e-01
1.925612102318516317e-01
3.898759838916491249e-01
3.977389877137724183e-01
4.711716829479468127e-01
5.561457250962406063e-01
5.312078971560871832e-01
5.321405488820819540e-01
3.996901849258165940e-01
5.691551737549778167e-01
2.302437958684004360e-01
3.763413072517078906e-01
4.223393787628934026e-01
2.958871595182698266e-01
4.104867277472192821e-01
3.515481713542209508e-01
2.699220158820602733e-01
5.879877638200029510e-01
3.927474497854160917e-01
4.665267576926916959e-01
5.631845246879845224e-01
2.119018633916038008e-01
2.203121903492678557e-01
4.054244328770965078e-01
4.820334272989284380e-02
1.810266393438381138e-01
2.039005036808116955e-01
4.748766367433983060e-01
6.306330680702929570e-01
3.840674213562301764e-01
1.128814984010833578e-01
3.195033998165043854e-01
1.025322609236990756e-01
2.954979621944175960e-01
1.260572257846230282e-01
3.119684036987606102e-01
3.742503809018706828e-01
2.308770232618885532e-01
2.289810180463819067e-01
1.434318358407989380e-01
2.621076094048555016e-01
3.328781058219666411e-01
1.496668143684344587e-01
4.344163257843229875e-01
4.061929006756587746e-01
4.704703776541832583e-01
2.238987683448082633e-01
4.170797512573097832e-01
1.407173339226085451e-01
2.181696889947396800e-01
4.893645815159197165e-01
4.268399326289447071e-01
1.165402318448212626e-01
3.699308660059779097e-01
5.792236556874510445e-01
2.509304060214139209e-01
4.292922296105694535e-01
2.001715105420384389e-01
2.860712057517391105e-01
3.694555135141430746e-01
2.681290259702994172e-01
6.151346824968924043e-01
5.051191701414298185e-01
2.837615045602574493e-01
3.188065829436411702e-01
2.208215019656782629e-01
3.406924010838699446e-01
6.208456077679380680e-01
5.923191657607110860e-01
4.895469211854077130e-01
2.586202126954671443e-01
3.450182793659183345e-01
2.808779351156255877e-01
2.864322545867291625e-01
3.272249482730525960e-01
4.807328895434218596e-01
5.805346067810890354e-01
3.062702049921470770e-01
2.517512577860609446e-01
1.453807981449812270e-01
2.955812048727157193e-01
2.536288062506213969e-01
9.180239593704772605e-02
3.784727478807166645e-01
2.967845080775738942e-01
4.338128596055078612e-01
1.708322588837350164e-01
6.022902141502979312e-01
4.423642392669920320e-01
1.520830164759373604e-01
5.459389294745493615e-01
4.823765477595938767e-01
4.093090039577593209e-01
3.386143056537571083e-01
3.797868082215772323e-01
5.438679833174093758e-01
4.609494294387468383e-01
3.038499525688800329e-01
1.951928401201224461e-01
5.006249528451344188e-01
3.126643001870495486e-01
3.570755192438067604e-01
5.048870137084094933e-01
4.420910489610692107e-01
5.852284916105389145e-01
2.026899852013765435e-01
3.935341572052378223e-01
2.418523089252023195e-01
2.815844735570511292e-01
4.050901126129935470e-01
6.468868585294914597e-01
1.856892309938222019e-01
3.632098634106037394e-01
4.765347925497237513e-01
5.493808888087343689e-01
3.956584958537617824e-01
2.015293724577149614e-01
2.363759626058979102e-01
4.116072319916503353e-01
3.172719142677549176e-01
3.980988327210787103e-01
3.290896585421212994e-01
3.176835365460854987e-01
3.784108252796495875e-01
4.293800761865902427e-01
5.145107155078447736e-01
2.965009987586468831e-01
3.971766824219704062e-01
2.761503691998538068e-01
1.229661290032088988e-01
5.503216301486668627e-01
1.185465022505154536e-01
4.312406176488259302e-01
3.275726416054897117e-01
4.230216814152777949e-01
1.192818470141143727e-01
2.217482444173418943e-01
2.954040757960108010e-01
2.696416666367879578e-01
3.439600596400119725e-01
3.172719142677549176e-01
3.791421830266606396e-01
2.574204149553354082e-01
3.938953300400920288e-01
3.027855026033612340e-01
1.418013428138929222e-01
2.614748495313917176e-01
2.844945152576789926e-01
3.770618310692628872e-01
2.238382090146702474e-01
4.465374090658683071e-01
1.934254303513365525e-01
2.580782149019551497e-01
2.065787789295510102e-01
3.562385359595305334e-01
2.446035281074446788e-01
1.358567608465918730e-01
4.439463926150845063e-01
2.475091716066878111e-01
5.631282982852038321e-01
3.085303940668707723e-01
3.537069329055215205e-01
2.932193124190454747e-01
4.528718478533653169e-01
2.148986944992512804e-01
3.861224784846740699e-01
3.282732068497706268e-01
2.929689127268819138e-01
3.558041894848029685e-01
4.907266788636706067e-01
4.053782163711456277e-01
5.019204935516307087e-01
3.028396570754695039e-01
5.521728321240676474e-01
2.089431002422536821e-01
1.491429530881640819e-01
2.931284739435361386e-01
5.104380571093382057e-01
3.624793860314463601e-01
1.646752646294288303e-01
2.927883517746406872e-01
2.875290097909571907e-01
1.860659221050544876e-01
3.704656066372807310e-01
2.574158690558727702e-01
6.112637228179154114e-01
4.158714927351642165e-01
3.585776515194599723e-01
5.696799586419479811e-01
1.845264762642422618e-01
9.157263073694840716e-02
3.256728234721147919e-01
4.265192666935551102e-01
5.780321648988226979e-01
5.380925406987677739e-01
4.224228306714736259e-01
5.386202903570082023e-01
2.656056896431940872e-01
2.054932075152507420e-01
4.780195613104503138e-01
5.168252612170705085e-01
4.168792305884595484e-01
2.980146797559320437e-01
3.460744580311939100e-01
5.431970839752487956e-01
4.497926466917780836e-02
1.601154755189642398e-01
3.387467804357084389e-01
5.304443492314311337e-01
3.507722619007764275e-01
5.279219570910533843e-01
3.881052094962054166e-01
2.650648730185474200e-01
3.208009085141390049e-01
1.990090177400843652e-01
3.471732381854249483e-01
2.826581975274984893e-01
5.024935737352335119e-01
1.427429905065626670e-01
4.000176593164467276e-01
4.015578586149415319e-01
5.165435287444786194e-01
5.949681918009223081e-01
2.255937612574684392e-01
2.024567301274808606e-01
3.989794467035768788e-01
3.741086687017067813e-01
2.104724686255389221e-01
4.826103492436202291e-01
5.438418886737407254e-01
2.346080595400832636e-01
2.261772821672697886e-01
2.118705470336218477e-01
4.404466171229450278e-01
3.338752807161713410e-01
3.269105435512566493e-01
6.404071170545652114e-01
3.874149387351987217e-01
5.652900795917881194e-01
8.033141484022796042e-02
2.821146483325007726e-01
4.120176758035434816e-01
4.576888384591038528e-01
2.790367210018734889e-01
1.266017137614925958e-01
2.130752694288783888e-01
4.214849029747287368e-01
8.058003737423778678e-02
1.096169586546010266e-01
5.923191657607110860e-01
2.890025144164961590e-01
2.996559423737225059e-01
1.382248641031816883e-01
3.342409128688562658e-01
3.189583644940483520e-01
2.884201349706581041e-01
2.819859086177067264e-01
3.395074142076474066e-01
3.677985660049013505e-01
1.450576404671410913e-01
2.579198453520591960e-01
4.494474550280170289e-01
4.122345395089747622e-01
4.183313357269634047e-01
2.914721251260107837e-01
4.260353530141164358e-01
3.975220630997741700e-01
2.912113120437460623e-01
6.404071170545652114e-01
6.083409143282556553e-01
3.764274095144676813e-01
2.467512488896163592e-01
4.196008647335391917e-01
3.478623572963940314e-01
4.211663357864113832e-01
2.587959228935922673e-01
1.918476742691730130e-01
4.945579663815812266e-01
3.401120218504257720e-01
3.937304920211714965e-01
2.554245645918725716e-01
4.600104192117544510e-01
5.367173425003225473e-01
1.579649199938795157e-01
3.045210672737552748e-01
3.961647079932658078e-01
9.501150899152457918e-02
2.761323890116714197e-01
4.313180687123454038e-01
4.374944973728553399e-01
4.344952855301796868e-01
4.345183186348719473e-01
1.761981190374023731e-01
1.905248824877518177e-01
4.259043523026375122e-01
3.827797292278920516e-01
3.580993789503545965e-01
6.222158823506538372e-01
1.845264762642422618e-01
2.431726855676095422e-01
5.666823458050647133e-01
2.463489876136043533e-01
9.643514956104311253e-02
1.537901717692387038e-01
4.621735633735096216e-01
2.676163451538917104e-01
3.829688858756624126e-01
5.140288237641627012e-01
1.708322588837350164e-01
2.825434431888338982e-01
2.659904435519642729e-01
4.681568598030100281e-01
3.045210672737552748e-01
