3.141608434260760863e-01
2.696038407536654469e-01
3.809806633227872941e-01
6.356320186544015538e-01
3.760713012373512187e-01
1.938597900263849538e-01
3.387467804357084389e-01
3.840482108357828883e-01
1.646323031978668416e-01
3.416833498960435422e-01
1.564443908364517577e-01
4.107733255254620297e-01
5.442880957926419239e-01
1.951132657798007319e-01
2.559739033228582428e-01
2.517692691561035367e-01
3.172719142677549176e-01
5.530961654629529267e-01
2.635139479916515648e-01
2.260176598341695486e-01
1.517448481624035783e-01
3.783774725383158843e-01
3.818902161503647807e-01
3.985454215059491823e-01
3.591517696432500739e-01
3.354676548544082704e-01
4.216089220677033400e-01
2.606175311009094053e-01
3.243487700726289114e-01
3.810067397770375286e-01
2.538236274990597341e-01
5.449250298777945645e-01
5.039942013821913092e-01
1.849974966602360715e-01
4.995449198489077536e-01
3.514967248187940707e-01
3.328304213779759713e-01
1.315593279047150010e-01
3.809806633227872941e-01
3.865915731929199239e-01
4.117212853620970670e-01
1.818350389444229609e-01
4.308224308613413100e-01
3.909972710086508929e-01
4.167343841955850059e-01
4.692380199195442803e-01
1.693731877176569423e-01
5.386202903570082023e-01
2.906484571196877864e-01
1.482744145928565904e-01
2.550986642615465927e-01
3.975005384695400323e-01
2.103285628854477673e-01
2.633815646764902096e-01
1.641951437035888695e-01
3.938073734960442218e-01
3.846163796685211356e-01
4.288703495396202769e-01
4.315895510838442251e-01
2.952679149024228233e-01
2.913516387299205923e-01
2.364405363926607995e-01
1.742883789400434535e-01
2.912365082340821476e-01
4.052736887471790062e-01
3.785195736802162703e-01
1.272450818077444368e-01
6.077583752312932797e-01
1.050173423052851995e-01
1.890552349543831445e-01
2.817260494924858083e-01
2.739155299380975905e-01
4.238984629392752446e-01
4.967652681110565904e-01
3.058970109265390369e-01
3.245366659338508319e-01
5.103880626092025530e-01
3.221673249652891591e-01
2.161918404388822879e-01
5.283633072194665603e-01
5.310325210196245038e-01
5.599614795783592891e-01
3.039732111362837830e-01
3.573419300936190313e-01
1.770735809450751097e-01
3.648990527554388796e-01
5.498989966200351631e-01
3.083729601806606269e-01
1.659613485013561318e-01
2.208640218620994411e-01
3.782937333408634695e-01
6.058756465242935985e-01
1.947830750333868766e-01
4.643240607963948219e-01
3.757577262648558181e-01
2.979768325652050742e-01
5.923191657607110860e-01
5.683069793446763329e-01
3.147475283592344741e-01
5.266317066989628648e-01
2.553515028948774024e-01
3.975196127252582090e-01
4.347397785465004216e-01
4.090718903365399006e-01
3.018294319491235389e-01
2.874209280585621196e-01
2.794897586111965704e-01
2.903709800355607218e-01
3.077491409780395148e-01
3.288746741674057894e-01
1.315852605066500647e-01
3.861110127067903242e-01
2.029979781011939932e-01
3.009900742701307474e-01
3.932087568240708042e-01
4.647191473342481283e-01
1.145235754890629037e-01
1.317844985616497266e-01
3.916155303816543642e-01
3.651465188581924926e-01
1.064982217525859143e-01
3.774677242004748079e-01
4.928282154650865388e-01
3.996198660891863153e-01
3.454969357837230914e-01
4.241365204354037299e-01
2.467512488896163592e-01
3.062702049921470770e-01
2.696038407536654469e-01
3.622891641073912039e-01
2.837481851247228848e-01
5.702189724353760036e-01
4.169398782672015802e-01
2.642183119140845138e-01
4.954057923262343288e-01
2.516034969286506384e-01
4.143417198192123618e-01
2.161918404388822879e-01
5.794801888515207500e-01
2.754075856916796683e-01
5.298310854003147607e-01
3.165785580616789496e-01
9.937547425280507385e-02
3.622201490882764885e-01
2.181392841864716325e-01
1.974810079504491500e-01
2.598164564311099545e-01
3.280337992830339444e-01
2.513781149626431732e-01
2.653983817227682507e-01
4.011710136506246860e-01
6.184336645308744634e-02
5.206560726919150506e-01
3.083729601806606269e-01
5.407527897141111151e-01
2.424543348138936405e-01
5.350211428496716159e-01
4.102974527123195991e-01
5.206773576375836043e-01
3.301376088341811954e-01
3.731346410378028611e-01
4.384530400210320811e-01
1.756433151657146308e-01
4.093713143572280111e-01
5.207278433559573427e-01
4.385340733605937458e-01
2.750428478347459182e-01
1.104874885274420154e-01
2.119755194148548461e-01
9.673524222475400614e-02
3.563179285096071403e-01
2.942187305362747307e-01
4.816030766236794047e-01
3.314755119687045615e-01
5.060400340848644207e-01
3.771591741847546420e-01
4.025265381740587567e-01
4.385340733605937458e-01
3.590117161101711307e-01
3.118953385717608273e-01
2.861508599176230128e-01
2.778261645845084282e-01
3.674832328951869731e-01
4.462690657722383492e-01
3.950481633253856151e-01
2.683793246332358273e-01
3.160699423204492708e-01
5.082108239348070988e-01
1.827861286083083125e-01
3.502513895057481341e-01
1.016486710484005990e-01
3.767573283550603724e-01
3.387467804357084389e-01
3.573624214609448790e-01
5.240819663001959894e-01
2.927056498937384288e-01
2.885273883049665478e-01
2.924074005976644575e-01
2.957621342906053274e-01
3.016208078423776029e-01
5.654920481383481912e-01
4.275674378571249212e-01
1.686426896545323018e-01
3.825677316596279298e-01
5.258276739100234964e-01
4.519835593914285909e-01
5.367173425003225473e-01
3.480679901272886179e-01
4.176720243955786005e-01
1.646633747782460244e-01
3.754101990277941558e-01
2.058922326338690767e-01
2.576082292240230998e-01
9.948071646106854127e-02
4.415350162122699818e-01
5.105462957904297605e-01
3.763152609399225135e-01
4.259946439522580564e-01
5.607694719438495179e-01
3.951515444962913626e-01
5.132951112670069982e-01
3.085244947707347918e-01
4.567378579317292742e-01
1.824237210757287397e-01
2.542496190022191516e-01
5.923191657607110860e-01
1.364438760894213509e-01
2.741090216959554682e-01
5.536884863094678755e-01
2.450674967257486236e-01
3.620027271236076483e-01
3.209089936765387452e-01
5.132951112670069982e-01
4.796506734012213058e-01
4.985417891154606540e-01
4.095667690131870597e-01
5.365392483450436290e-01
3.595159922719133316e-01
3.874290573618108802e-01
2.790761651196021487e-01
2.948824719784812198e-01
2.564925339500154222e-01
4.405637395160146297e-01
1.558621648053659936e-01
1.421918661983209708e-01
1.433419420717148840e-01
3.213517151831645768e-01
1.916733707887021687e-01
4.198035811250469540e-01
4.057916106106532750e-01
3.092619115689456688e-01
4.363859923239968852e-01
5.262617614713716030e-01
2.254602778462783952e-01
4.217907452616465047e-01
2.810676765272147049e-01
3.227335993960792626e-01
5.364851860673021111e-01
3.059917848646273586e-01
3.745009218478610458e-01
5.297414242479079327e-01
5.304443492314311337e-01
7.771558771084000061e-02
4.261732743315932437e-01
1.321275509938900639e-01
6.064751757853762415e-01
4.440022158364124727e-01
4.604309430796629798e-01
1.920709731829779721e-01
2.825242667605537550e-01
2.364827869817492101e-01
2.707330980580802682e-01
4.277967798154414525e-01
3.483276920959339495e-01
2.979768325652050742e-01
3.153067758538833365e-01
5.132951112670069982e-01
5.105346761820356294e-01
4.806868928695855470e-01
4.649595948160232806e-01
5.214271874146523267e-01
1.005973241163063969e-01
4.203218166780350873e-01
1.890124426324431284e-01
5.445722821736940222e-01
3.402315928510393217e-01
4.622261343268161959e-01
1.773053420960474247e-01
4.619743778079746788e-01
2.449766924463460116e-01
1.071044766291004702e-01
4.012613390805938041e-01
3.328984096823729977e-01
2.161918404388822879e-01
6.356320186544015538e-01
4.765066203626477925e-01
3.599919747412642645e-01
2.875762839856068620e-01
1.583134115819384014e-01
2.984425900868301618e-01
2.696715243073485868e-01
5.537281388259622794e-01
2.931041819232070300e-01
5.923191657607110860e-01
1.746875217182143614e-01
2.914721251260107837e-01
2.497802710064251086e-01
1.776555164651631158e-01
3.244880346007046334e-01
5.431970839752487956e-01
6.039438496262860001e-01
5.537563292024566541e-01
5.267883251795281163e-01
9.436921131459473366e-02
4.023157813320129561e-01
2.585120318047565702e-01
2.915067424996556356e-01
5.350211428496716159e-01
4.071778044684696285e-01
4.751427964752962252e-01
3.667535926450370964e-01
1.901154403411486338e-01
1.407926569281072182e-01
3.387467804357084389e-01
3.996901849258165940e-01
5.767935959455060546e-01
4.604309430796629798e-01
2.887834016154566114e-02
4.979376560605948687e-01
4.126979487247063316e-01
2.689291511524549705e-01
1.723905278623510395e-01
2.406111592571938684e-01
2.987736852111300689e-01
4.430608111543734573e-01
3.216214330771327568e-01
2.579132694095563338e-01
6.468868585294914597e-01
3.841479516284468931e-01
1.816475067676307786e-01
2.211196349534135519e-01
1.751222359310135313e-01
1.789240672967836454e-01
2.979768325652050742e-01
2.984352911409282605e-01
5.304443492314311337e-01
1.776414070891695063e-01
3.308246182844269967e-01
2.474263970720512185e-01
4.026781907355041490e-01
3.760216360176594774e-01
1.379036860577076973e-01
1.085482153626873836e-01
5.556077244014512306e-01
5.834742512925399360e-01
2.520144706242885557e-01
3.338229263728538232e-01
7.538518353114109782e-02
3.881941172948691898e-01
3.932993184046613688e-01
2.171201289911154353e-01
4.687180735218251515e-01
5.027800545815004352e-01
5.424973512866358982e-01
4.363859923239968852e-01
6.127027731509384623e-01
4.344935917315322915e-01
6.064684233535445612e-01
1.113858364653663169e-01
2.891142712429373152e-01
2.844945152576789926e-01
3.062702049921470770e-01
1.646249660022164052e-01
2.701588412789516780e-01
4.307507487537819979e-01
4.976838227259228753e-01
5.900099134840771642e-01
3.898028772927752406e-01
3.591644867491846638e-01
1.933432294589885747e-01
5.955528410783056392e-01
3.389472987139494076e-01
4.290736971559184765e-01
4.449333308163959666e-01
4.003777888062577950e-01
3.387467804357084389e-01
7.372697315656027983e-02
3.951133913075760562e-01
4.363859923239968852e-01
1.384839662367758906e-01
3.155651796177479929e-01
1.886354913605570172e-01
3.601050082570025901e-01
2.496329609347741341e-01
4.097832928363419058e-01
3.192484741812687266e-01
4.520031508502683204e-01
4.286250002694177441e-01
5.386202903570082023e-01
2.906203595611973056e-01
4.601434548514316547e-01
5.273024957612778563e-01
4.165240261695314916e-01
2.718862215425530415e-01
4.048226331608313355e-01
5.448101226440753564e-01
3.508960624089108582e-01
3.052789899908267546e-01
2.521096590732387899e-01
1.068145385460508717e-01
2.026988900130800020e-01
4.728608282224194825e-01
1.500570657431017918e-01
3.240814298994423859e-01
3.783339321635491026e-01
5.144723123445500423e-01
5.191953468084543610e-01
1.713079694472647851e-01
3.485154546027336986e-01
1.506578551670956778e-01
3.205253164774021224e-01
5.250498747319097825e-01
4.277967798154414525e-01
2.678753452188634143e-01
4.800197487588518386e-01
1.000364391582375945e-01
4.415738516600870023e-01
5.105873126172486565e-01
2.071099548505929144e-01
3.328984096823729977e-01
1.485809291606808025e-01
5.001685600676512022e-01
5.180410367502605862e-01
5.033161395667370419e-01
4.658673291175124409e-01
4.244776583014262528e-01
2.039005036808116955e-01
2.717629858418467714e-01
2.634603891970130896e-01
3.954044611882122640e-01
3.255614342798056615e-01
4.310289155806572015e-01
3.801812641582772434e-01
4.628597696829755415e-01
1.400726199633298696e-01
2.909658527015769325e-01
2.019432401418003453e-01
4.316739181800220426e-01
1.468056340191417064e-01
4.150345944734268877e-01
5.321405488820819540e-01
2.469848455088210493e-01
3.736090020504220788e-01
5.664412210532854264e-01
2.712592097332030550e-01
3.714381466146333133e-01
4.869895697103180376e-01
3.951560180538382649e-01
2.200144663635991704e-01
4.994972686655679839e-01
4.068569968634950795e-01
6.062230316760122140e-01
3.083729601806606269e-01
2.823563550417312884e-01
4.104948238054080267e-01
2.081655738014774604e-01
3.403051279926122552e-01
2.899536187358557893e-01
5.104380571093382057e-01
3.171264387288805220e-01
5.595965335305387311e-01
5.223540203976501095e-01
2.181392841864716325e-01
1.824237210757287397e-01
3.597567052152585432e-01
1.596021132749711191e-01
5.773311148805548854e-01
3.894486273505886054e-01
3.131040038093032551e-01
2.086330559917915495e-01
4.232501778254845748e-01
3.741669495733181972e-01
5.328703260205982506e-01
4.540821980027250071e-02
3.803705553038047582e-01
2.018010054375986573e-01
1.403840242625954693e-01
2.232228333401004017e-01
2.526390498327828471e-01
5.816489751630046223e-01
5.104380571093382057e-01
1.587760153702203192e-01
2.710727494848258479e-01
1.205929596297883460e-01
3.737877810632910247e-01
1.311457877341015432e-01
2.161218996303375106e-01
2.462877366698065507e-01
4.592153286527507761e-01
4.969811249542211984e-01
4.501991022917787300e-01
1.306009492731230459e-01
2.961427851862675209e-01
5.438679833174093758e-01
5.909760474600651570e-01
4.849826783178774747e-02
2.207807230564529377e-01
6.953316605925237426e-02
3.995543255608169364e-01
4.734074613033934509e-01
2.635463573777738766e-01
3.479580767724239077e-01
1.548326864394242164e-01
4.790366898927709838e-01
1.802736548979704811e-01
5.105873126172486565e-01
6.064684233535445612e-01
2.598171749651090878e-01
3.855250937040585746e-01
3.735782988317516984e-01
3.695435974880596497e-01
2.570899119745612138e-01
4.477756238971923319e-01
3.679129851385685157e-01
3.812638862882979374e-01
3.325719494297769141e-01
1.776257590962528887e-01
4.422263246016454596e-01
3.301376088341811954e-01
5.308167419232314721e-01
5.375915978778836868e-01
4.538503619633184050e-01
3.330199828702315457e-01
4.625695502356071964e-01
3.878144731575340898e-01
4.100339192206293171e-01
1.968363286030353210e-01
3.134836373448058877e-01
3.619150680545063503e-01
6.387109174039142800e-01
2.908650555714280550e-01
2.013262212871361756e-01
6.404071170545652114e-01
3.866732794370251747e-01
2.793395941520606662e-01
4.559861109899544518e-01
2.088924343966673258e-01
4.375101435987999166e-01
3.859010444539895945e-01
6.306330680702929570e-01
2.474631211961124400e-01
2.661960127718639990e-01
2.517208904999647112e-01
3.594171260264891199e-01
4.622116142857233823e-01
4.015578586149415319e-01
3.660338099163601422e-01
2.402112918125913210e-01
4.191173564182834599e-01
6.070282983831305074e-02
1.647524876496105350e-01
4.970148219432917736e-01
5.740548653061627871e-01
3.790918548806205268e-01
4.316739181800220426e-01
2.865122516491360183e-01
3.849993151551425186e-01
3.783339321635491026e-01
3.073243123503874852e-01
4.052565672034876831e-01
5.055697771247483763e-01
4.534846309641365480e-01
5.434876425773168540e-01
4.409244050220029743e-01
1.877296416906998333e-01
1.311407131981685570e-01
3.829688858756624126e-01
5.773311148805548854e-01
2.255932490434444937e-01
5.319422441001588897e-01
5.852284916105389145e-01
5.612537316379971886e-01
2.599555907229494922e-01
2.847192706761750292e-01
1.655724467815388734e-01
6.387109174039142800e-01
3.661984005591895630e-01
2.151324950478218090e-01
2.467512488896163592e-01
5.512898641190014937e-01
2.161939979117912525e-01
4.445129746029559126e-01
2.511322124223007712e-01
4.222171873426861510e-01
4.984403570186980437e-01
7.880086559989600559e-02
2.440829383240095685e-01
4.141764825685413931e-01
1.004678643084202239e-01
3.226344701836337814e-01
3.794541237578616388e-01
3.741086687017067813e-01
5.810643258856211801e-01
2.489265377622918995e-01
7.995424986865978800e-02
4.395894842245310352e-01
3.320407321408004320e-01
2.285530817306003215e-01
4.271852197611678004e-01
2.827911033466976587e-01
2.279729826142004867e-01
3.102731693345627262e-01
1.957249581491012913e-01
4.267573265802928062e-01
4.625762159818674335e-01
4.894069890537045553e-01
4.174756523692917387e-01
4.170575629731505529e-01
2.814641418229876235e-01
1.312676821990599596e-01
3.944790235934594880e-01
1.868928051690457448e-01
3.590521261379899798e-01
1.548392109318576793e-01
2.732600013821162022e-01
2.626711614513688731e-01
5.635990815951203992e-01
1.234621291874288262e-01
1.647261083155580064e-01
4.073399940041221856e-01
3.983562631951462762e-01
2.778087111618847693e-01
4.782086568417746042e-01
1.563344053475504147e-01
1.985288765460352656e-01
2.719420798954435559e-01
2.772308551645699670e-01
3.083729601806606269e-01
2.417986604307459375e-01
2.769013740133552948e-01
4.222808488521583858e-01
3.696803801479405793e-01
5.664412210532854264e-01
4.220983688642993559e-01
2.545637185575430061e-01
3.100865811366191327e-01
4.276170368673334332e-01
5.132951112670069982e-01
2.545647046319028939e-01
5.192415406036170189e-02
2.668051461498354149e-01
2.116102021989581528e-01
4.367085939253297355e-01
3.115074430905729885e-01
1.469954196050328177e-01
2.903292140125802168e-01
1.264647535728874728e-01
3.183851306878142662e-01
4.097832928363419058e-01
5.695701228259757443e-01
1.371980694560099301e-01
2.502232024709097891e-01
2.119018633916038008e-01
2.559689739904543737e-01
2.911894340190960273e-01
2.698710065163137939e-01
3.531685753863116894e-01
1.065578706763448957e-01
4.038602936014745182e-01
5.031185827337011363e-01
3.829688858756624126e-01
2.089742947831016717e-01
4.697881053521428263e-01
2.737953893488372925e-01
4.650573197014237770e-01
3.696407787696968650e-01
2.831360991364067492e-01
2.879105494735753612e-01
2.913752401759852062e-01
2.802571706959112174e-01
1.239857884092449430e-01
3.706484351343974915e-01
1.578538937584234025e-01
3.555539983992843101e-01
3.708544785264517030e-01
1.934254303513365525e-01
4.449123359659670207e-01
3.351667144598574066e-01
4.990423840507242637e-01
3.327728160093965659e-01
4.283787963044265457e-01
2.240832978124003283e-01
3.758314364406041275e-01
5.283996020732519838e-01
5.367173425003225473e-01
3.790918548806205268e-01
2.545642197539763618e-01
2.813069870144265239e-01
2.309650475745126108e-01
4.420653965801180085e-01
3.908603601913244741e-01
4.670368651741145793e-01
4.980516990370881802e-01
4.359977165280538580e-01
2.319016626188815655e-01
5.330831503239165103e-01
5.879495236338976305e-01
3.417762778680065172e-01
2.015016586439843382e-01
4.251061621627879594e-01
2.363667051273553033e-01
3.055259409692494543e-01
3.729935492527179375e-01
5.008651397504976233e-01
2.927056498937384288e-01
5.022546491755116582e-01
2.987805593561561612e-01
2.683234968385683761e-01
4.098506249704602644e-01
4.718143580293249206e-01
3.916665423458892126e-01
3.262736848222662633e-01
4.095123155070392040e-01
6.232393876233904839e-01
4.026871793224721108e-01
4.081986260224362839e-01
4.080717586744092018e-01
4.179197355877535824e-01
4.236179245240508928e-01
4.874814602292998900e-01
3.741086687017067813e-01
4.477009091458471479e-01
1.760598703103932461e-01
3.846803527887165397e-01
4.750734093526495228e-01
4.228719332339758719e-01
4.121830135637439274e-01
2.218930319804401918e-01
4.455063684887292652e-01
4.765066203626477925e-01
3.089948236570083662e-01
3.234163795466832303e-01
4.142818169711716125e-01
2.149364074001001990e-01
4.177839761086462045e-01
5.957245446152710233e-01
3.859861154286922114e-01
3.286400268234510591e-01
4.170201935404919957e-02
6.663187648315241352e-02
5.367173425003225473e-01
5.312765591965441514e-01
1.190496905810939504e-01
5.438418886737407254e-01
4.677686209056016176e-01
2.758472434765988357e-01
2.576170100358624593e-01
2.985028932060166396e-01
3.046254774460484538e-01
4.960629019064686784e-01
3.909820273405218427e-01
4.647191473342481283e-01
3.695760156051028922e-01
4.308105567050281581e-01
3.504913501347456384e-01
4.131201209696858112e-01
3.746478570096125615e-01
3.881941172948691898e-01
2.835939388561439789e-01
1.828498738930450229e-01
1.763803417749145452e-01
5.566390947787319687e-01
5.177118587906668346e-01
4.016069007171264027e-01
4.590518989105775161e-01
4.155376598435365776e-01
3.902941588300268827e-01
5.585466115055173209e-01
3.704198402934519851e-01
3.726921168084127434e-01
4.012613390805938041e-01
2.119018633916038008e-01
4.062551373819978662e-01
4.381326331029614662e-01
2.266615861396589215e-01
5.319422441001588897e-01
3.599258935194385445e-01
1.178063123455352496e-01
5.304443492314311337e-01
1.647261083155580064e-01
1.729283607987323612e-01
3.696245765711845266e-01
5.688259617032168647e-01
3.685920246092803665e-01
5.293022057114598056e-01
4.843555768606793710e-01
2.952495400558294847e-01
2.682255230179837469e-01
4.748766367433983060e-01
3.524597533933223059e-01
4.741162288320669438e-01
5.051191701414298185e-01
3.864760273547032665e-01
1.358869568403359429e-01
2.994387186217452035e-01
3.956171106652341951e-01
5.405997429077555871e-01
3.813784481309454022e-01
2.809769767070438018e-01
3.387683555805561242e-01
4.172371142567576907e-01
3.152907775847368366e-01
4.365960808348385291e-01
2.981830442353649580e-01
3.971941409376312238e-01
5.432955972420152602e-01
1.915289100114990206e-01
7.072025584012851807e-02
2.412595472711233091e-01
1.512360257893801130e-01
1.896449526352670112e-01
2.892099086067352887e-01
5.273554038944329170e-01
3.144029841868009600e-01
2.319016626188815655e-01
2.559351228590547311e-01
5.098955187263094491e-01
4.725035854452884765e-01
5.386972925056799921e-01
2.676909307083960576e-01
2.298988669118117723e-01
2.822904799320016811e-01
5.457448365304263804e-01
4.514850430389675817e-01
5.169177985842644540e-01
3.998067147596023885e-01
3.184797128574621827e-01
3.745009218478610458e-01
1.890158613076586558e-01
9.804140160193126896e-02
4.166681047610678035e-01
5.267020489219883528e-01
1.130252993701241354e-01
3.640623785873370322e-01
4.022238221804471658e-01
3.115186962081700206e-01
7.671056091241214292e-02
4.325923376734939763e-01
3.172719142677549176e-01
3.770412980221838906e-01
3.899501834147238721e-01
3.151197267880455621e-01
7.909149384145192085e-02
1.617820903403314747e-01
2.118705470336218477e-01
5.068153697920807499e-01
3.328984096823729977e-01
2.774977228286345521e-01
3.493763455389419792e-01
2.081006572221311690e-01
2.383584143319012194e-01
2.026626280041873285e-01
2.185922820908926811e-01
3.946980193066139120e-01
2.942306031334948613e-01
2.177436197448087973e-01
3.125147461647972968e-01
4.029330568133868140e-01
6.340519159293770413e-01
3.631964759986138769e-01
3.219819283301642576e-01
1.368360744594411260e-01
5.254625026252326414e-01
3.641819177824531240e-01
3.249063934081182214e-01
2.585198846444355936e-01
1.149256829345644687e-01
3.652989845386129808e-01
4.770262830054388670e-01
4.438129387227221501e-01
2.209333444382955147e-01
5.835404219023649919e-01
3.416833498960435422e-01
2.721442389631695269e-01
2.329511009093114260e-01
1.974960354243472938e-01
2.810006327213638855e-01
1.700812463787079731e-01
5.164103048703051480e-01
2.191995399839111458e-01
4.296026886837120973e-01
4.120362347270516423e-01
7.306542764489037944e-02
1.871158718819315447e-01
6.247884746355353985e-02
1.947830750333868766e-01
3.725314562233065230e-01
4.872126310183480524e-01
5.294785665710682876e-01
6.243987182728991669e-01
1.465870236098401613e-01
3.196972760466988417e-01
3.996198660891863153e-01
6.127027731509384623e-01
1.629291901130459908e-01
4.425149078328682872e-01
5.067865841538746752e-01
4.448383169858629582e-01
4.814935252902119434e-01
4.734074613033934509e-01
3.665835832185377896e-01
3.328984096823729977e-01
3.403696784969195144e-01
4.521412205933997841e-01
4.186386637255813392e-01
1.572804041569959010e-01
3.698143546734291576e-01
2.866465148147107622e-01
5.660762750054649795e-01
5.506133857184094538e-01
3.817124279930742548e-01
3.127797670312202905e-01
2.671401632245749003e-01
4.689675336006006168e-01
4.994972686655679839e-01
4.202252020747376804e-01
1.628859318301746628e-01
4.084575225636320472e-01
1.824237210757287397e-01
4.057476014685877375e-01
3.866470037306881102e-01
2.015352472241208615e-01
2.815171701102441304e-01
5.131755361088120582e-01
5.770721815447640290e-01
5.703138544705798063e-01
1.730967233033141039e-01
4.043724351795793814e-01
1.566835358519253207e-01
2.279170035875109079e-01
6.159538456598687706e-01
3.238047867221973131e-01
3.707579138141306463e-01
2.978556995612733349e-01
2.467512488896163592e-01
4.165136606955555099e-01
4.851188158770400882e-01
3.746701141017433900e-01
3.229945592409660948e-01
2.855037369517628987e-01
3.623134578946923812e-01
1.213972846966976105e-01
3.911753426090508468e-01
5.718578455872175281e-01
2.601581865445977138e-01
5.132951112670069982e-01
5.021210186898809047e-01
4.833133616402915389e-01
3.705858633270006086e-01
4.306290341042175451e-01
3.797553750355589508e-01
1.337631009909478197e-01
2.623652260346285847e-01
5.942221136173968521e-01
3.215870171383049536e-01
2.926313399868784582e-01
6.287396492861524466e-01
3.839365287418666783e-01
3.883149827584401748e-01
1.935539393203649372e-01
3.048749720847189829e-02
3.027496465822886451e-01
4.894162214828194912e-01
1.824237210757287397e-01
5.258877999162439032e-01
6.090882225322274968e-01
3.012426267579242367e-01
3.934081422653297744e-01
3.860511718067118903e-01
3.957135233140168240e-01
4.105778214982243046e-01
3.546977870287795209e-01
3.535335293335367113e-01
5.451995664085628190e-01
5.595982273291861819e-01
1.537380696871704089e-01
3.655248279961518243e-01
5.068153697920807499e-01
3.328984096823729977e-01
3.999554368498238199e-01
1.454582436997054196e-01
2.901837906513519694e-01
3.975976689247450735e-01
2.900042384322890077e-01
1.842379175627494592e-01
2.613072639748272308e-01
1.005874938269914476e-01
5.346560273804106256e-01
2.594212567031040084e-01
1.730194807425000092e-01
4.451405331342551674e-01
1.578538937584234025e-01
3.678546334841344412e-01
5.189433433292799380e-01
5.599614795783592891e-01
3.613307035714463655e-01
5.323955464434753093e-01
5.166105472930226927e-01
3.307320520220425886e-01
5.380449910643527733e-01
2.633684451166796725e-01
2.677510858176860298e-01
4.339373175311954101e-01
5.431970839752487956e-01
1.886635647011360439e-01
3.234478913109892217e-01
5.549630650104279139e-01
2.764141027751471635e-01
5.435079508031835926e-01
2.121150285126542634e-01
4.171814281316751916e-01
2.844792502819454838e-01
4.725035854452884765e-01
1.627210631490915715e-01
3.387467804357084389e-01
3.586760125148090173e-01
4.064255067511036712e-01
3.127873703120779836e-01
4.490971351435536496e-01
1.538176038028924442e-01
2.868743950713594781e-01
4.806209152754753466e-01
2.043113561829528468e-01
4.152670465104822406e-01
3.063343695689643154e-01
3.015224044396986880e-01
5.811304697829859922e-01
5.400538165116738343e-01
6.127027731509384623e-01
5.326364963689581566e-01
2.353646034992351310e-01
4.270971245617815049e-01
4.312018148380226124e-01
5.030708689787618537e-01
4.454892075519544803e-01
3.567744313590570093e-01
3.218416218082593705e-01
1.064718843061656095e-01
2.467051984790409602e-01
5.486900717415365003e-01
3.126179570827461451e-01
1.279978977676273499e-01
5.478723908602557424e-01
2.317075144828659450e-01
2.749668500537920113e-01
4.590042761027305351e-01
7.289993792509114057e-02
1.107310420343141505e-01
3.702745395808739182e-01
5.367173425003225473e-01
1.964511160091012287e-01
2.467512488896163592e-01
1.069057569205572877e-01
6.313829815186866590e-01
5.237663029745817100e-01
5.119537196099012144e-01
1.718977341088180344e-01
2.914721251260107837e-01
3.702891426696544031e-01
3.113734764644889852e-01
1.297137631938848346e-01
3.683901188421989659e-01
2.979110111922145809e-01
1.454633455717358748e-01
2.788139499969621848e-01
2.274847076319117256e-01
5.212439108342040717e-01
3.706371700637540734e-01
6.928129052964435153e-02
1.907708452090844664e-01
4.073694140892443749e-01
2.533936433665776589e-01
4.316703254060869077e-01
2.512565479072170760e-01
3.969810649967009941e-01
2.223211017545835555e-01
3.058973962303918603e-01
4.251061621627879594e-01
4.190926466649669280e-01
5.132951112670069982e-01
5.255373379464374217e-01
4.127674004977432420e-01
2.117197752557882506e-01
3.038543830954598679e-01
4.077210253184792021e-01
5.139362863969687556e-01
1.677094223986166088e-01
4.505939253429131486e-01
5.503216301486668627e-01
5.105873126172486565e-01
3.977389877137724183e-01
3.001314368469609195e-01
4.248048921759745022e-01
2.765048484326526057e-01
5.806516979922984323e-01
4.579700816883088277e-01
2.617213820492501619e-01
2.467413635123483495e-01
4.894987596069858005e-02
2.077700804442877136e-01
3.062702049921470770e-01
4.449492851191195197e-01
4.743378340511639757e-01
3.755016824481124948e-01
2.613754538179808296e-01
3.209240895426503370e-01
3.719766077615586641e-01
2.167975911047170245e-01
2.281062858981779684e-01
1.748934167885534408e-01
1.625842568949364408e-01
5.503216301486668627e-01
5.305671083693735968e-01
6.009254957593160862e-01
1.955891709181382943e-01
3.056855622629543467e-01
3.053808965715624213e-01
4.202252020747376804e-01
5.706547624223529125e-01
3.679129851385685157e-01
5.740548653061627871e-01
5.310368598715352606e-01
3.086745991528200284e-01
5.068153697920807499e-01
2.794606171879653322e-01
2.892855494593291610e-01
3.113743501802124780e-01
3.750874129337883334e-01
3.719493915063776801e-01
3.677374681640372400e-01
3.532819041942663052e-01
4.179372252852746605e-01
3.808443958911768012e-01
5.168252612170705085e-01
5.249737810147658834e-01
2.998590784730689185e-01
5.438379612145057829e-01
2.649796904127851849e-01
5.132951112670069982e-01
3.536189178435159564e-01
4.331418092392042563e-01
2.034560020017856241e-01
3.024612840146966852e-01
1.260917925397148087e-01
4.317510893343762257e-01
2.099325545078666588e-01
3.516091913443740169e-01
2.743261503432591342e-01
7.979488114802267551e-02
4.556204484869255111e-01
4.578224999187157640e-01
4.078844754328011524e-01
3.844966049464207947e-01
3.643505002230889578e-01
4.667045060411406654e-01
5.662366855120521958e-01
4.173830626165726532e-01
5.144270090513456406e-01
5.154160648127849020e-01
4.107279234897002751e-01
3.743563373826123697e-01
4.383138072984537614e-01
3.810014878163198171e-01
3.804970557452764801e-01
1.390835188842537151e-01
3.004766035132640511e-01
5.367173425003225473e-01
2.821453869945522719e-01
2.342011829329998518e-01
6.078506698996750668e-01
2.737953893488372925e-01
2.498235395793103053e-01
3.292632864156206374e-01
6.271286815605726928e-02
1.656698394761884074e-01
4.308508825418244093e-01
5.125383198278244956e-01
4.784711046850314009e-01
4.109368028719418975e-01
4.014649049699136052e-01
3.197638863207530324e-01
2.768625754640728909e-01
2.980141686852429417e-01
4.803202616500990008e-01
3.507221021367815661e-01
4.126480779126161513e-01
5.238277387228711390e-01
4.021509707531294442e-01
5.532113175782144010e-01
1.357334501015420580e-01
2.683637787089416804e-01
5.554231404695433305e-01
4.097513749802761951e-01
3.368743840459733629e-01
1.832965896920261128e-01
5.086493200914934398e-01
3.029356353609392594e-01
4.803102838705852196e-01
5.341200014328293388e-01
3.606140050405642339e-01
6.241533265953668197e-01
2.755261475433567475e-01
3.753077748281787307e-01
3.999933099214947885e-01
2.524159404007485508e-01
3.910504447073155920e-01
4.117212853620970670e-01
1.999525316670885677e-01
2.992716281291815106e-01
4.157016318382591447e-01
3.958659309961773398e-01
1.351284356394272246e-01
5.223372624344490012e-01
2.123784020414015983e-01
1.956872037763782712e-01
5.438830694132047450e-01
3.818503563784393373e-01
1.294787836591791697e-01
3.817124279930742548e-01
2.740591272895910868e-01
1.420884959410663173e-01
5.132951112670069982e-01
