5.406313180751773917e-01
2.598607782232940089e-01
2.325524479981646297e-01
3.194654165689272962e-01
5.554231404695433305e-01
3.100153352632843418e-01
1.703226413732758238e-01
4.410324003806452287e-01
3.048033090500641973e-01
1.904514999294149580e-01
3.776790606093626268e-01
3.206382242263042248e-01
3.328984096823729977e-01
3.839877161560350527e-01
2.141559981963462034e-01
2.889933365556366374e-01
1.719568802770506388e-01
4.475157893017014943e-01
2.864177136537900403e-01
3.800619856435126231e-01
4.107037309395052960e-01
6.309730171798642040e-01
5.254625026252326414e-01
3.440109941692939266e-01
3.977389877137724183e-01
1.589277580472417684e-01
1.660785896973132059e-01
4.271852958449067206e-01
3.062702049921470770e-01
4.757233888887248408e-01
4.116324163328795582e-01
5.185479461161591752e-01
3.541938842178437019e-01
3.139409089310498668e-01
5.857033971623771818e-01
2.189600986368259172e-01
4.223749991530422188e-01
2.650086290499854558e-01
1.688556030340312430e-01
4.230841557273917752e-01
3.354981991495310512e-01
2.319747083091884821e-01
4.796506734012213058e-01
2.336107240592984469e-01
5.595965335305387311e-01
5.103551561842282203e-01
4.452410052454809919e-01
4.299415250166314650e-01
4.611499005284392938e-01
2.451124247972349957e-01
5.247430096799766686e-01
3.613999592105824887e-01
3.966620813226705566e-01
2.025169797178072995e-01
4.421281301174300182e-01
5.818348305872329540e-01
4.192674390770060877e-01
3.966015240713232082e-01
4.040773209077324624e-01
2.729094991877100140e-01
4.418841777945655691e-01
3.812614470353120621e-01
1.697566047561397395e-01
5.523442417200304932e-01
2.661563044398397304e-01
1.829493305150228510e-01
1.708322588837350164e-01
2.059993423237414245e-01
2.611591569987684602e-01
2.844945152576789926e-01
2.786342492483049882e-01
5.232921214655379405e-01
4.604275987212143040e-01
2.141946354314717416e-01
3.984756122848545079e-01
1.041988510074571828e-01
4.098038074861233837e-01
4.496781896721507299e-01
1.128544122781990483e-01
4.199914015261671518e-01
1.668935168045779793e-01
1.902032794335229704e-01
4.900272286827113688e-01
4.013293857990090086e-01
3.619681824036970474e-01
3.969810649967009941e-01
3.141220811516910461e-01
4.296155509931757766e-01
8.521490783078429498e-02
4.150197163606392237e-01
6.423100649112508664e-01
1.610344949514269375e-01
5.432955972420152602e-01
3.619726727994485027e-01
2.018336536767703360e-01
4.528718478533653169e-01
2.502113509734150143e-01
2.192591044048289306e-01
1.812769564040720982e-01
3.818899405027204041e-01
2.319810265855863085e-01
1.266823124259227051e-01
3.850342072409759786e-01
1.253889879181721290e-01
5.069090912384469627e-01
5.695701228259757443e-01
3.662669795519588045e-01
2.366531544799434228e-01
2.324875619770413460e-01
3.846670508150237255e-01
4.150531939333533260e-01
2.405177014014861225e-01
5.630903813510494960e-01
3.328984096823729977e-01
2.999166265709650170e-01
5.068153697920807499e-01
4.333914532909550199e-01
4.287613480462880711e-01
3.270117373146675943e-01
1.141246787357691611e-01
4.162574566040506685e-01
9.828324655074215099e-02
2.177697371512354596e-01
2.564583172632744490e-01
3.955956018338092073e-01
4.016050524643313691e-01
2.892855494593291610e-01
3.790426707970320774e-01
5.449886753805786022e-01
1.401609068272170189e-01
5.582652799277083577e-01
5.132951112670069982e-01
4.590042761027305351e-01
5.368123024901768625e-01
3.281183150127455206e-01
1.983479153226482550e-01
6.696590977020178137e-02
3.790918548806205268e-01
5.717263979357419812e-01
4.125934848156740387e-01
4.890114728298173286e-01
4.048226331608313355e-01
4.749524233192189970e-01
1.213039246480914074e-01
4.126866203548866241e-01
