1.811920041283174021e-01
5.648337773976087883e-02
5.346675370207777389e-01
5.013785702827646684e-01
2.018476140034720645e-01
3.953972359354400168e-01
2.895854532649066448e-01
2.841261252773362167e-01
3.873928412941922694e-01
4.945324047398432787e-01
1.107160008403974966e-01
2.599555907229494922e-01
1.864869491442474880e-01
5.123326241135117698e-01
3.173779247970543449e-01
3.854548487684370528e-01
1.579649199938795157e-01
1.758300577138663945e-01
2.018336536767703360e-01
4.410082416107988235e-01
5.164337675570918051e-01
3.791433038066566730e-01
1.548551612848789449e-01
1.866458115754140723e-01
3.667954409881286071e-01
2.710275970078854235e-01
4.416074693432930909e-01
2.498717134745669921e-01
4.635053057000292909e-01
5.350211428496716159e-01
7.405965346269449689e-02
2.711965885545274402e-01
3.773597887110041738e-01
3.371414694633618758e-01
2.357627943991529029e-01
5.406313180751773917e-01
3.562014571937790475e-01
3.172719142677549176e-01
2.574006759023573232e-01
1.465100977527864223e-01
1.243435169997582357e-01
5.522420149015903057e-01
3.725941658545256496e-01
3.395781869482229487e-01
1.529118319837462769e-01
3.225769089893563701e-01
2.125123643020251640e-01
4.675496742519072990e-01
3.354111781652294733e-01
4.126587551012548261e-01
3.143688118822410282e-01
5.114233999427409971e-01
4.489111725576656609e-01
3.799690643236798282e-01
4.280941880328056337e-01
2.648295080760493803e-01
4.453934655210457505e-01
3.674228470401313396e-01
5.048773772663255333e-01
4.538813884339397697e-01
3.461181809237826035e-01
3.966093525891512539e-01
2.787163384056538518e-01
2.087189258457531338e-01
3.369097332578777637e-01
4.411578632976877468e-01
5.614428064853541622e-01
2.265077098958213631e-01
5.367173425003225473e-01
2.084036259966896565e-01
2.692197322054624142e-01
1.874867049610229319e-01
2.522742138569289971e-01
2.098976372686659486e-01
1.465054191225387270e-01
2.720983374979464853e-01
4.268576424703989236e-01
2.853589508438180711e-01
3.149887957160544261e-01
3.846033506400448054e-01
3.919436351655586903e-01
3.557309236505628580e-01
2.620565993115323011e-01
4.109684181600238850e-01
2.130480741694832925e-01
3.763799919872005129e-01
5.684043520829352714e-01
2.619839248932411269e-01
5.008570089245346912e-02
4.003523921165604849e-01
5.476848377916172517e-01
2.984509390299053266e-01
3.015502622096840057e-01
3.068620677771353167e-01
2.928818086948926647e-01
4.421144535456563163e-01
6.151131744969836612e-01
3.968633381952406669e-01
4.158442524699508813e-01
6.241334372977921235e-02
8.352948619012014186e-02
2.433550780383808843e-01
2.623524892841220812e-01
5.571193401201941509e-01
2.029979781011939932e-01
3.178020769862185957e-01
7.232177146038805404e-02
2.480061722089232923e-01
4.903481799321219858e-01
2.566958165001653192e-01
1.767232335166351864e-01
2.982327203687077377e-01
2.656883286406782618e-01
4.345866555524663388e-01
4.312723710725487325e-01
4.049986246193357231e-01
3.083729601806606269e-01
3.967633257046345729e-01
5.295572032728530498e-01
5.367173425003225473e-01
4.787948970176666430e-01
4.271852197611678004e-01
5.677613183062251156e-01
1.424865436123061435e-01
4.751427964752962252e-01
1.661717260680420638e-01
5.341729484393702432e-01
1.205929596297883460e-01
3.478670685636554016e-01
1.598186406320701025e-01
5.233648926515352962e-01
2.039005036808116955e-01
6.097608937316256750e-01
3.083729601806606269e-01
1.844148916656090376e-01
4.377218105354060973e-01
4.682840346041789448e-01
5.431970839752487956e-01
3.817537936409694521e-01
4.047045239658251248e-01
4.076943498606940275e-01
5.904968781006597611e-01
2.084829524412225854e-01
3.157140331914800591e-01
3.094425216845865245e-01
3.757655017735214709e-01
5.508690362279559105e-01
2.419273849703680035e-01
3.555539983992843101e-01
2.113999318978714292e-01
3.099204800444804175e-01
5.407527897141111151e-01
3.563295127785597316e-01
4.186132195355169450e-01
4.418836811714717538e-01
3.577399369166219811e-01
3.083729601806606269e-01
2.998400688677409498e-01
4.308138503409841835e-01
2.930948629124602856e-01
3.534044569082940845e-01
3.213517151831645768e-01
8.378070877157503538e-02
5.662745797873881548e-01
2.651597078652027095e-01
3.661984005591895630e-01
2.842460341853750849e-01
3.352736754122564444e-01
3.083874193131864172e-01
5.646519042607195393e-01
3.076822643069594965e-01
4.381142939076283493e-01
5.571193401201941509e-01
1.730194807425000092e-01
5.347793499745673307e-01
3.280337992830339444e-01
4.867754332743215451e-01
3.858676127186099758e-01
1.501096754658545473e-01
5.611552180594120420e-01
3.763880555123151339e-01
5.118335112520646657e-01
3.696039957119198749e-01
2.278111628954101742e-01
2.864367602615920938e-01
2.661960127718639990e-01
5.503216301486668627e-01
5.727543212623142921e-01
5.043659781283126309e-01
3.828071822573316796e-01
3.801007127863351709e-01
2.045407096785576417e-01
3.891158603588829590e-01
2.145924713778806503e-01
3.745009218478610458e-01
1.236594553786385664e-01
2.384021961582057370e-01
5.723490597716510697e-01
2.918490330551111733e-01
2.348978434808038362e-01
3.684399303048151442e-01
3.083729601806606269e-01
5.296266683501503758e-01
4.299415250166314650e-01
2.161924174072359928e-01
3.951957713916807724e-01
4.359064659322918756e-01
4.027806300063520029e-01
5.428673269685105884e-01
6.205291569964137555e-01
3.298122454554883176e-01
1.599619763677563311e-01
5.677960144660367803e-01
3.193167587133379226e-01
3.680534964213555971e-01
4.420653965801180085e-01
3.948222354689451263e-01
5.099935085535822754e-01
5.338314496952852872e-01
4.015578586149415319e-01
5.068153697920807499e-01
3.227356716385702540e-01
5.367173425003225473e-01
3.946234896715788976e-01
5.347793499745673307e-01
2.224718240571989247e-01
2.229492235342180051e-01
3.387467804357084389e-01
3.949029194677327048e-01
5.503216301486668627e-01
2.777899736702570399e-01
5.409533601699981764e-01
3.364033006626219180e-01
2.637986069857650717e-01
5.105873126172486565e-01
4.919764746378821885e-01
3.894486273505886054e-01
4.425947371368670891e-01
5.367173425003225473e-01
4.364665143330206248e-02
5.235348510437233260e-01
4.341389100245210964e-01
5.769258533898915520e-01
2.396709413567550129e-01
4.600104192117544510e-01
4.796506734012213058e-01
5.557216464962664304e-01
2.668051461498354149e-01
2.419415029733429368e-01
2.742495634330260335e-01
5.187632537428257251e-01
2.273317759905598978e-01
4.015578586149415319e-01
2.921530776038473998e-01
3.977780882074014035e-01
3.969810649967009941e-01
5.407748074334949306e-01
4.163098461828702024e-01
4.152267875068064162e-01
4.228162534492049263e-01
3.154323362662088126e-01
4.419171976175715888e-01
4.128988587510512009e-01
1.820473614276706398e-01
3.396789399040698876e-01
5.089512037373161712e-01
5.664412210532854264e-01
4.444885265693861442e-01
5.174423861939990710e-01
3.147377334093610646e-01
1.652926283554670972e-01
3.031460818395362855e-01
5.706547624223529125e-01
5.187632537428257251e-01
1.409648106271946255e-01
3.129364186684969185e-01
4.725035854452884765e-01
4.692617689597473607e-01
2.503056672657347770e-01
4.447012612768260209e-01
2.814423090120349302e-01
1.401803025679140835e-01
3.771745290681851603e-01
3.496401834695275768e-01
3.532819041942663052e-01
4.561621366445655079e-01
3.930713146678461167e-01
4.468014259803315680e-01
4.536937020108790519e-01
2.168055431027115509e-01
2.905229082446505462e-01
6.810281910311576092e-02
3.590117161101711307e-01
3.294529636965172203e-01
5.491298877224266572e-01
6.422278570549541099e-01
1.988409165394913192e-01
3.084700719267495228e-01
5.249308300810968664e-01
3.894486273505886054e-01
1.293926107175362161e-01
3.485466244059725605e-01
2.999952900891495466e-01
3.606121481607878487e-01
5.271608453011972228e-01
5.347793499745673307e-01
5.132951112670069982e-01
3.100865811366191327e-01
3.552089676858917744e-01
2.207807230564529377e-01
3.100865811366191327e-01
1.827491679178675221e-01
3.698757781568535186e-01
4.983160825462881749e-01
3.062702049921470770e-01
4.038447527702175299e-01
2.652787207105182232e-01
3.242996975161605566e-01
2.389472107966944814e-01
3.122788729579775713e-01
1.556159680122025935e-01
4.054812058978869427e-01
3.009817926798736276e-01
4.425237706529999704e-01
1.798453052146618270e-01
5.944879062348603638e-01
5.861275828200714910e-01
1.968868845845341276e-01
4.003635708134510862e-01
3.949167698264073878e-01
5.503216301486668627e-01
4.092377783526337520e-01
1.545992984268644566e-01
4.129357206989346385e-01
4.611549768313443765e-01
4.695821166322835527e-01
4.054262929789984593e-01
3.605379493652898226e-01
3.783339321635491026e-01
1.522910704743388466e-01
3.925798226530379798e-01
1.971484153692817098e-01
5.187632537428257251e-01
2.681281126536134152e-01
4.974731516339926940e-01
2.683573820621351635e-01
2.005974196211472993e-01
4.668848447706580584e-01
4.746295846318089318e-01
5.169177985842644540e-01
6.534055582567942222e-02
1.687116566535822593e-01
6.404071170545652114e-01
3.696174277139698261e-01
3.354676548544082704e-01
3.351146854472815684e-01
5.524186709494756098e-01
3.931663800523880203e-01
2.327353955060479374e-01
4.411749732001512547e-01
4.015578586149415319e-01
5.202223074470621045e-01
1.765914776844411394e-01
4.214606372511017773e-01
3.925798226530379798e-01
1.174435468452003084e-01
4.625393423927562364e-01
4.310524104886994112e-01
2.385627444886151416e-01
3.954638146118758524e-01
1.514491179448776703e-01
3.840015070612962655e-01
4.209598632280209252e-01
4.307745605734636385e-01
4.304817425338036685e-01
3.530684678949714272e-01
5.021502963778413653e-01
1.862574443126810420e-01
3.989281415259163799e-01
4.743378340511639757e-01
3.744612668368177966e-01
3.830669102108605339e-01
5.791316169182020301e-01
3.342333799550631368e-01
1.476330917648168983e-01
4.070584882236541469e-01
4.734231607463794678e-01
3.274245331742774989e-01
7.595569079551715841e-02
5.024492674300400363e-01
5.685227727847251833e-01
4.957936569373805336e-01
3.942517259178993094e-01
3.909838616654193744e-01
1.622985033135894706e-01
4.984403570186980437e-01
4.338281087824322202e-01
6.306330680702929570e-01
2.701868168124291758e-01
3.901758238783526456e-01
3.317479105671963246e-01
2.389797487560205158e-01
5.734027553214573469e-01
1.992019716108533733e-01
2.844945152576789926e-01
4.229343220038532802e-01
4.918224377035249062e-01
5.132951112670069982e-01
3.806610330409153087e-01
3.305819252929575458e-01
2.853886538523520144e-01
3.779380359367252584e-01
3.894887367852749027e-01
1.935932917634245187e-01
3.100041983500864684e-01
2.855037369517628987e-01
2.100979525529968195e-01
8.101895199148828608e-02
3.994730836146103692e-01
2.573681810779379076e-01
4.159847102238778960e-01
2.336239760380754149e-01
3.170181403864963943e-01
1.636618363984610469e-01
1.906784128208199591e-01
3.327357411933473674e-01
2.802688447686212392e-01
2.004779177403239188e-01
3.138285162025391539e-01
2.671962037834686443e-01
2.333133146985994499e-01
1.064743664861790423e-01
5.122835122678994768e-01
3.792704352650398403e-01
2.085618375584938067e-01
2.937971093787049015e-01
4.025745071005542575e-01
7.515851583309698936e-02
4.576693160161147134e-01
4.355577718700205936e-01
3.815557025587283935e-01
1.741303486487867369e-01
3.838020746393678295e-01
1.610343114981492851e-01
4.040780689605592557e-01
1.741316143204932609e-01
3.753077748281787307e-01
4.299516479996743912e-01
2.165510664862631274e-01
3.952062970364787486e-01
5.098825714982464508e-01
2.972061645745853187e-01
3.790918548806205268e-01
1.292542591943278696e-01
2.765094362197474953e-01
3.795545732102690306e-01
4.652539569814015952e-01
4.011677909014308985e-01
3.846670508150237255e-01
2.561181453073421710e-01
1.318725805607151857e-01
4.400666819549144404e-01
5.635990815951203992e-01
1.620903541065747411e-01
3.652897713383119194e-01
2.921097867879018928e-01
3.579551599365077275e-01
3.902872869716705329e-01
5.987989072356373343e-01
4.670368651741145793e-01
3.280337992830339444e-01
1.382724324467128341e-01
3.555539983992843101e-01
4.499849454836335472e-01
2.721442389631695269e-01
3.996582692524811020e-01
1.591997009748160885e-01
2.979768325652050742e-01
3.738313716408528387e-01
4.248019956929782182e-01
4.887151630454493745e-01
4.110296936335517404e-01
3.272044173047642945e-01
3.940034487749612402e-01
3.137767856003656486e-01
4.023157813320129561e-01
4.672410617685271994e-01
4.719462050164903721e-01
4.225710697546802286e-01
5.761230951075191342e-01
2.254509680861501164e-01
3.100865811366191327e-01
2.665491440128452405e-01
3.154849877726542684e-01
2.045479328525391938e-01
4.133429232603968995e-01
8.448314316049732042e-02
3.083729601806606269e-01
2.311700205972448130e-01
3.703762799622946078e-01
2.324647450665799642e-01
3.368566483235751474e-01
1.883679411255721192e-01
4.439713962054639418e-01
1.490084374534610678e-01
4.710184778416808271e-01
4.232453810159866325e-01
5.181609923271501827e-01
2.586358542441326569e-01
5.017576659311784315e-01
3.710088467161040682e-01
4.449495415379500773e-01
4.839444144108475676e-01
5.026519451560410578e-01
2.904559794998639033e-01
3.197022419658187564e-01
4.035874768542371815e-01
6.201000794245478120e-01
2.528235761821888694e-01
4.377440453844766433e-01
3.083729601806606269e-01
2.923743673664585541e-01
2.648664555661693343e-01
4.109368028719418975e-01
4.264753006863962193e-01
3.907638185535800002e-01
3.171781636143796157e-01
5.455981574756868513e-01
2.011112815024807543e-01
4.179359074359220161e-01
1.686424856212268841e-01
2.248621228737153754e-01
3.718902256935731065e-01
1.483352890676619407e-01
5.573293686579247064e-01
5.386202903570082023e-01
3.266898281585108310e-01
3.595613832900845241e-01
3.996901849258165940e-01
2.288981766786249150e-01
2.365962758565863522e-01
5.473615045599040663e-01
3.027496465822886451e-01
4.662502606544315364e-01
3.623313069631525080e-02
2.599716888779882717e-01
2.464806455347573200e-01
4.869895697103180376e-01
2.181183557534049910e-01
3.673256620166708841e-01
3.421250223409518232e-01
3.687650723962399568e-01
5.794801888515207500e-01
2.041873153666156071e-01
2.773990248613160126e-01
3.969810649967009941e-01
4.630802687775509296e-01
3.078079785497954690e-01
3.269666236071733789e-01
5.033161395667370419e-01
8.111701010703502301e-02
2.747362561437874384e-01
5.139399159654989280e-01
4.535706688883247573e-01
5.556307594809947181e-01
3.969810649967009941e-01
2.119018633916038008e-01
3.083729601806606269e-01
3.574271245484881288e-01
1.545102356543553712e-01
5.124971252644023867e-01
2.217639711964253524e-01
4.275455276112193337e-01
2.094216402477802330e-01
4.920545941365453424e-01
4.089380308721155544e-01
3.329903592715017235e-01
3.758454655752774265e-01
4.160371240206088839e-01
2.059993423237414245e-01
5.044467545293460642e-01
4.042248004008239803e-01
4.550617292129888747e-01
4.224384843810646273e-01
5.521728321240676474e-01
3.360679823711126835e-01
5.321405488820819540e-01
3.461607526860313033e-01
5.081905679905259765e-01
3.836710481508844306e-01
3.186165701459285904e-01
5.311676725563970747e-01
1.928712639408113327e-01
1.522530127021158308e-01
5.169177985842644540e-01
3.818361115692328611e-01
1.191927616867264061e-01
3.511446281919350931e-01
6.468868585294914597e-01
6.064684233535445612e-01
3.601890835949082548e-01
6.097608937316256750e-01
3.006750446638559171e-01
5.574170855174068739e-01
1.719220933780256644e-01
5.367173425003225473e-01
6.066541098240602753e-02
2.447672059532857713e-01
3.647201192884222953e-01
4.378265688011989121e-01
2.369055155111151334e-01
2.889788205681856903e-01
3.386143056537571083e-01
8.367140304722660293e-02
8.621623989059412629e-02
2.620726725210828501e-01
4.299415250166314650e-01
1.718672660013737252e-01
2.931585767035181367e-01
4.151653233830241985e-01
3.421841554128031704e-01
3.847697347595347983e-01
2.674459393020094389e-01
5.130860633987806008e-01
6.134831359976602450e-01
5.742567522601885743e-01
3.809806633227872941e-01
3.051162171465088835e-01
5.637606992554564656e-01
4.366548347352695592e-01
2.327041571027165523e-01
2.616786142570401985e-01
3.194654165689272962e-01
3.636737006493366287e-01
3.090237779890783187e-01
3.965731735240067835e-01
1.998449811696521583e-01
3.083729601806606269e-01
3.312078746323900980e-01
3.175567638869739584e-01
2.045896587548595436e-01
2.136639387756214814e-01
3.682287181036705270e-01
4.454138311215353196e-01
4.693092526964977584e-01
2.040302430860445326e-01
5.355459277366418913e-01
2.591651920984538449e-01
3.575489931325026016e-01
2.324875619770413460e-01
2.097065178267339680e-01
3.865127352641971603e-01
3.487028329490154399e-01
5.116556871316954025e-01
5.545836104588030002e-01
3.524117054727809450e-01
2.781777142815390902e-01
6.387109174039142800e-01
4.616114948559661979e-01
1.595948738864222671e-01
2.894782234209328786e-01
3.862417917152430324e-01
2.620437615317986468e-01
3.328984096823729977e-01
1.981812635588579841e-01
2.949060076308207545e-01
5.068153697920807499e-01
3.200209691170790571e-01
5.061705854657374548e-01
2.833251349024989429e-01
1.641324582902811968e-01
4.117212853620970670e-01
5.571193401201941509e-01
3.534460333455644032e-01
2.371231331939266385e-01
3.560790584142012327e-01
3.443385115908911831e-01
1.524395788648782446e-01
3.470500106959419351e-01
3.083729601806606269e-01
2.158206529259796835e-01
2.809202743651365575e-01
5.367173425003225473e-01
3.647465602586185129e-01
2.961046461333288748e-01
2.853886538523520144e-01
1.865251245760230769e-01
5.560136057874958126e-01
4.559861109899544518e-01
6.039780056123391638e-01
2.617586048751959216e-01
1.594488116088779717e-01
2.948779013414094541e-01
1.304926022870369906e-01
5.387208323156009726e-01
3.083729601806606269e-01
4.462040527370044196e-01
3.935183844848803014e-01
2.880590127543569690e-01
3.920575596509832117e-01
3.987790793455394112e-01
4.421567606778512571e-01
5.367173425003225473e-01
3.170099006838715261e-01
5.386202903570082023e-01
4.104386624687756946e-01
2.785708899949978501e-01
4.093459226566283360e-01
1.732037917291914253e-01
2.242537410825148902e-01
1.550988623858894910e-01
3.921203092989229422e-01
8.580089720058059477e-02
4.183975285798486876e-01
6.064684233535445612e-01
2.806255227383240292e-01
5.695701228259757443e-01
4.743378340511639757e-01
2.121332614817835471e-01
4.105136005861796389e-01
1.187758629179481162e-01
3.996901849258165940e-01
2.398524205108403251e-01
4.153479935802306122e-01
1.774966401060989740e-01
2.847919098589641873e-01
3.256883375909115363e-01
2.717629858418467714e-01
2.801422620070385117e-01
5.276932069644439949e-01
1.952735527022819162e-01
2.870851542000749657e-01
2.812163185839949286e-01
4.320301291493982010e-01
2.605743350778189638e-01
4.047069537603134037e-01
5.420073908208624669e-01
2.634485604622763266e-01
4.531389798356650345e-01
3.963074570942217156e-01
3.210849347243690532e-01
4.689744142938173654e-01
5.349542134812478311e-01
2.363923142694602797e-01
2.696416666367879578e-01
3.779223236052370316e-01
3.783339321635491026e-01
4.751427964752962252e-01
4.851785123011661538e-01
3.638176122100416632e-01
3.614041640844338210e-01
4.270164755906168952e-01
3.047988186543127420e-01
3.754737936002064402e-01
2.590416546612802073e-01
1.077616893173526103e-01
2.058655842003628000e-01
2.291537986047993969e-01
3.943899786985503031e-01
1.904930979861083618e-01
1.883088655322831262e-01
1.550658085746557946e-01
2.891401568642029685e-01
5.703138544705798063e-01
4.801293076799053039e-01
4.196079433276288517e-01
2.884449439862297182e-01
3.209660144891784417e-01
6.358303234363246181e-01
5.132951112670069982e-01
4.254261007293180241e-01
4.624600715558740416e-01
4.630249681642003012e-01
2.286168801284389485e-01
2.411503044301930021e-01
4.422314848876940374e-01
3.398164974331773780e-01
2.015016586439843382e-01
3.559126842729065099e-01
5.452065898107598674e-01
6.274560775288243741e-01
3.422343602865558498e-01
3.803705553038047582e-01
4.245856614555335584e-01
2.786580424628100072e-01
4.670368651741145793e-01
4.622357410421932822e-01
1.960526295051485124e-01
1.182863568758176637e-01
2.995777932522921683e-01
1.872708806509324753e-01
4.031604724603181644e-01
4.719816103557430975e-01
2.830450591221407852e-01
2.054528082971434355e-01
1.626506745690339539e-01
2.886603689606301870e-01
5.925645574382435443e-01
2.476906499292568786e-01
2.076730364667750128e-01
2.715736874205519347e-01
3.464487204912728435e-01
3.090444074920449258e-01
2.786734051417055769e-01
4.170797512573097832e-01
2.644923610723775020e-01
2.522742138569289971e-01
2.650648730185474200e-01
3.788975587347083729e-01
3.616963633720473581e-01
3.062702049921470770e-01
6.306330680702929570e-01
5.632192208477962980e-01
4.348585377793527385e-01
2.856824771951856357e-01
2.216992209203335895e-01
4.361191028326301677e-01
2.238310297031720908e-01
3.743583488204759169e-01
4.390771962995622113e-01
3.083729601806606269e-01
3.647657333608335661e-01
1.463435945185903309e-01
8.282002933445661852e-02
2.852488454086944403e-01
3.835945074937440191e-01
2.058922326338690767e-01
1.669920459740931729e-01
2.908182622010630491e-01
2.421425162116451757e-01
5.429649275422283594e-01
1.202135997670789463e-01
5.936072298886417853e-01
5.579003338798879108e-01
3.971667065133682173e-01
2.118705470336218477e-01
4.202806919619798687e-01
2.979768325652050742e-01
3.966074289801939656e-01
5.673111837280889747e-01
5.645217188509459305e-01
5.396544419483418897e-01
2.831289420679688473e-01
5.411271547625101652e-01
4.259861171686400438e-01
8.393057669122024056e-02
2.141206344329070754e-01
1.405159366277278499e-01
3.313772055416109308e-01
4.015578586149415319e-01
4.315076980771168080e-01
2.711965885545274402e-01
2.869711733794230168e-01
4.504241401139889023e-01
4.244387434438051665e-01
1.683161004129744009e-01
3.208806703613802380e-01
3.854510411514849855e-01
2.449165378567537132e-01
4.658525012075197536e-01
3.345338462813990943e-01
3.888005749574147130e-01
2.177018332457400784e-01
1.241151362742528991e-01
3.548703435975010256e-01
3.597445361824871957e-01
3.896020660089876686e-01
2.831289420679688473e-01
2.356410484637886937e-01
3.165637146646956834e-01
1.504622979228164847e-01
3.081555375923545337e-01
2.866483398889896894e-01
3.210409694447869389e-01
3.344649102563302390e-01
1.661450221308245767e-01
1.624743232718625918e-01
3.667535926450370964e-01
3.012590308070118295e-01
2.462517122666887937e-01
4.130273037972661543e-01
3.061264729350173797e-01
3.328984096823729977e-01
3.805056737878054207e-01
2.996432674672387941e-01
6.153745827370206145e-01
3.356526861420708885e-01
2.243486136592210412e-01
3.996198660891863153e-01
3.503715558720129075e-01
5.636143574845050574e-01
2.622225348279931811e-01
2.660035090632170696e-01
5.392881956169500723e-01
3.881941172948691898e-01
5.832441683492849416e-01
3.086493174202474266e-01
1.637393703017891999e-01
2.119018633916038008e-01
4.039364779538921479e-01
5.616306268864743600e-01
2.444778899483476542e-01
4.196974514810414836e-01
2.717629858418467714e-01
1.867076533115235859e-01
3.817124279930742548e-01
6.011745433540505168e-02
3.348154409301687950e-01
5.231118822061546769e-01
4.854892689531948857e-01
4.688352004882342383e-01
3.687650723962399568e-01
4.070892200256964188e-01
5.347793499745673307e-01
3.460648547458214375e-01
5.367173425003225473e-01
2.989502303555324758e-01
3.131418573403418337e-01
5.254625026252326414e-01
4.291659240557241239e-01
4.765066203626477925e-01
4.374097130633877173e-01
1.455187050148627759e-01
3.961976580728445163e-01
1.836360441533546328e-01
4.126866203548866241e-01
2.956403946955526441e-01
4.202471837271031796e-01
2.682525052013339795e-01
1.751274280225595670e-01
3.345769455367832435e-01
2.387846733754213358e-01
2.958572387564120110e-01
3.485150243970021045e-01
2.248272051148169914e-01
2.953520643492162367e-01
3.508270415691822630e-01
6.229407196588733209e-01
2.031515084342621347e-01
2.612260890696201376e-01
5.356419335660881353e-01
2.721442389631695269e-01
3.542319073782018712e-01
3.315679839579315780e-01
5.157759677144116983e-01
5.177554809658468926e-01
4.446459371731406596e-01
1.873262646237894569e-01
3.916659900112050563e-01
4.032975959379313524e-01
2.497802710064251086e-01
2.041873153666156071e-01
3.969810649967009941e-01
4.582084124414723680e-01
3.867934684621083807e-01
4.015578586149415319e-01
2.084036259966896565e-01
5.505430354920399783e-01
1.842379175627494592e-01
4.102145102113959330e-01
3.496087848953741695e-01
3.752935539250650820e-01
8.384906377464833305e-02
1.598472589276263289e-01
3.717020565753160755e-01
1.108062793936367280e-01
2.205302746166478700e-01
4.181610842252892479e-01
4.418836811714717538e-01
4.568549915502685965e-01
4.068569968634950795e-01
2.791436850724586249e-01
2.530607633925984756e-01
5.326764991616824707e-01
7.814712355662643828e-02
4.164623118632907461e-01
1.282536912979725940e-01
4.698997439993337633e-01
2.714199566920620921e-01
2.501941861908775211e-01
3.845599973564393093e-01
4.296547780851572296e-01
1.772939326533911619e-01
3.492325894717798751e-01
4.362038857908838718e-01
3.566460057495349778e-01
3.675704744391798395e-01
5.321405488820819540e-01
4.628569029266860202e-01
2.648717036811242265e-01
9.340194917890377868e-02
3.385346708206265487e-01
3.420254203075658306e-01
2.298550543194051721e-01
7.768014703214565220e-02
3.996582692524811020e-01
4.011812986754012544e-01
6.408619065647351842e-01
4.448572528980612173e-01
2.336822573254449253e-01
3.472974033134449412e-01
5.184986397996786955e-01
3.154611759529726833e-01
3.598652615355662499e-01
2.503054435878574457e-01
4.243929496599394002e-01
4.393859441122157095e-01
4.193890967677058601e-01
2.207358168122687259e-01
4.650611749226823965e-01
2.123240884378666260e-01
4.814935252902119434e-01
3.585108986403650611e-01
2.797675473060468043e-01
1.037438400021400142e-01
5.599614795783592891e-01
2.601297500392865669e-01
5.098179989587580119e-01
2.292604765298471570e-01
5.599614795783592891e-01
3.208600578005576520e-01
5.082481970573191621e-01
3.024485339599298217e-01
4.326154514352647529e-01
4.262782396449379396e-01
4.418836811714717538e-01
1.747049436471591888e-01
2.636364129807125534e-01
5.033161395667370419e-01
1.147239678965280840e-01
3.156637664737046434e-01
1.804231797132136716e-01
1.947830750333868766e-01
1.768358568869720093e-01
3.268088498386867435e-01
3.669996347761737554e-01
6.274560775288243741e-01
4.175007682143679899e-01
4.023157813320129561e-01
3.781236091651185571e-01
2.534799604723543820e-01
2.603333698732245849e-01
1.923023150418697869e-01
4.882812461528162062e-01
2.105423390670191353e-01
4.140154742017541079e-01
5.319422441001588897e-01
6.082828044371778597e-01
4.342765212903677008e-01
3.452643151567434399e-01
2.538748020247258985e-01
2.179467386941320306e-01
4.765066203626477925e-01
3.951415666128380022e-01
3.810766132327642053e-01
2.249533041418081414e-01
2.908182622010630491e-01
2.791202693663413781e-01
2.988728936255005131e-01
4.228719332339758719e-01
2.199670078841555743e-01
1.951292771453285169e-01
4.796506734012213058e-01
4.440613639794962486e-01
1.091012394777330363e-01
2.616649547313500968e-01
1.408736420397250499e-01
3.944362093402777880e-01
3.250492601686266747e-01
3.019372567429903786e-01
3.060196271476220975e-01
4.783873416854256821e-01
5.156421224897035360e-01
5.105873126172486565e-01
5.431970839752487956e-01
8.371120918635242825e-02
8.783998495506842308e-02
3.290996299813235271e-01
3.324233708800520271e-01
2.665607215257281282e-01
4.112597530864720574e-01
5.599614795783592891e-01
3.101488414372323699e-01
4.226950025778415387e-01
4.069923125207919878e-01
1.517520218611669025e-01
4.630025583848939030e-01
5.441683005944534246e-01
