5.033161395667370419e-01
4.774331441255317277e-01
5.223540203976501095e-01
1.337631009909478197e-01
3.799292683706283480e-01
2.883977625056444172e-01
4.602592395426976513e-01
5.180380148122466499e-01
1.414711842887346471e-01
2.369344301382830253e-01
3.896953799084407755e-01
4.177418865218960886e-01
4.969811249542211984e-01
1.397077725541272519e-01
5.159832017338288335e-01
1.857605380875425038e-01
5.949197140904074477e-01
3.602738511701108481e-01
4.694468021183215711e-01
2.062692166467084143e-01
2.872506853917483061e-01
4.919764746378821885e-01
3.320548701001659331e-01
5.520167415523959953e-01
5.122835122678994768e-01
4.232501778254845748e-01
2.852394388808598968e-01
2.510633663049289255e-01
2.538486239176113157e-01
1.546873054855258389e-01
4.872126310183480524e-01
3.707030649219951735e-01
3.812714034032818611e-01
1.906934893541782083e-01
4.548854235452729489e-01
4.848688252908826546e-01
2.341414535600414848e-01
1.840662543543233887e-01
2.904954390006435627e-01
4.897114999271604679e-02
3.116796097821021849e-01
2.722740357430251668e-01
3.473351704707307031e-01
1.988707851237030144e-01
4.163921917590496791e-01
3.761856166393633960e-01
4.151522253386972228e-01
5.523442417200304932e-01
2.861864294813396548e-01
1.637784817090692235e-01
4.202333410599540242e-01
3.387467804357084389e-01
4.346671038163906209e-01
3.835441479579645985e-01
3.014436406198637286e-01
2.769038565051873402e-01
3.817143758199429415e-01
2.501889006576903385e-01
5.384273806605411883e-01
4.093905484719496113e-01
4.852746384925928913e-01
3.809806633227872941e-01
4.623583258735370904e-01
5.061162610524909677e-01
6.005075722506711955e-01
3.843106392423467632e-01
1.319926280201529634e-01
5.461345319325259240e-01
3.793462812942740014e-01
2.483647697339415317e-01
2.006261343725911361e-01
3.670146589240068646e-01
2.467128019677777284e-01
2.058922326338690767e-01
2.503362213311737805e-01
2.909188779567249417e-01
4.114891289290766863e-01
3.035872793847133599e-01
4.360494056583532618e-01
4.373483529830791139e-01
5.633846747084562123e-01
1.919417476548016255e-01
4.819650432447554200e-01
3.977389877137724183e-01
2.650648730185474200e-01
4.682457674977342776e-01
5.156282577873730899e-01
1.557904854002346018e-01
2.780509336190834513e-01
3.578477358295448219e-01
1.083315205589989866e-01
3.925337230790629794e-01
2.564271396645704804e-01
1.569221865309747554e-01
1.313114595559644882e-01
3.958659309961773398e-01
5.297414242479079327e-01
1.165448269076835297e-01
3.925337230790629794e-01
4.357500496141203938e-01
4.017637278043366122e-01
6.287050981219908241e-01
1.383623734043453735e-01
2.324875619770413460e-01
4.097832928363419058e-01
2.334498575699752165e-01
5.530961654629529267e-01
3.706664283150216677e-01
4.167102716788312344e-01
2.713619213256301954e-01
4.994150608092711718e-01
7.927838523101649049e-02
2.756803770776706797e-01
5.388810783898452250e-01
2.011891376183645441e-01
1.334797837522797570e-01
3.500994677409094979e-01
3.773036719644319303e-01
3.286740375020354987e-01
4.258055008166271027e-01
4.249617926444957394e-01
1.604624220458489847e-01
3.942585721031907631e-01
6.193782281952030511e-01
3.650559309808997788e-01
1.579649199938795157e-01
4.070443652315815508e-01
1.591612358635589863e-01
3.211175388931782892e-01
3.822518456955317223e-01
3.285424627325098101e-01
4.219598562348131909e-01
1.845153084810027266e-01
5.165558110713421858e-01
1.597005918259332136e-01
1.773449628070444539e-01
1.775654290567270643e-01
4.291222387892467682e-01
6.201000794245478120e-01
4.102974527123195991e-01
2.104987277015505365e-01
5.365392483450436290e-01
2.742545475415643641e-01
2.491394184008375867e-01
4.379874395520430008e-01
3.969810649967009941e-01
4.187317043679992801e-01
6.414227487516857562e-02
3.566151743734190527e-01
2.103890804318930829e-01
4.015578586149415319e-01
5.026519451560410578e-01
4.850236752402755092e-01
1.316082625334216716e-01
4.185578291184088862e-01
1.906074381257296391e-01
1.533361145130862635e-01
5.237663029745817100e-01
2.833958970412420730e-01
3.672202602612225641e-01
2.903056783602406821e-01
2.301890700406732937e-01
1.887592047673618822e-01
1.495925020709651942e-01
1.589878292773277413e-01
5.280032473691432804e-01
8.329257701796424773e-02
5.067541618792500424e-01
1.114362166851129848e-01
1.307809006199968926e-01
5.829143806803842587e-01
2.964828973769677578e-01
1.942970041928578639e-01
3.131439524495303051e-01
3.788394493633282512e-01
1.358920420820409480e-01
5.633357730285819542e-01
3.564347200631397539e-01
5.691551737549778167e-01
3.396487415197165238e-01
1.905904647998139245e-01
4.438129387227221501e-01
1.955522389150089191e-01
3.069708008985905234e-01
3.783339321635491026e-01
3.692857602985952781e-01
3.019513190343750542e-01
2.612809370262998421e-01
3.751362167026215944e-01
3.437054713925039584e-01
2.181392841864716325e-01
3.024105704608642253e-01
4.135216248383129511e-01
1.748366850317580046e-01
1.925666676810281752e-01
1.854876290419988916e-01
3.387467804357084389e-01
4.562383328460900001e-01
1.649126744783204201e-01
3.828884113150359814e-01
5.992992377487261768e-01
3.671619176495279357e-01
3.686139299700278427e-01
6.468868585294914597e-01
3.384309096467842393e-01
3.805666378584891540e-01
4.503220405175383800e-01
4.519028672853573347e-01
2.038051842680485004e-01
1.445725745140276075e-01
4.278808391466588645e-01
2.099541035638912978e-01
4.275848269411769986e-01
6.041942166814359139e-01
3.928664546273874514e-01
1.053695333092411618e-01
3.797091303619943847e-01
2.932692863391534455e-01
8.197736918464740286e-02
4.487316117116213476e-01
1.918476742691730130e-01
5.343881059773495368e-01
8.271029059800918959e-02
3.517401972528296228e-01
3.443637262824643108e-01
3.661197600116420370e-01
2.869191898923631467e-01
3.387467804357084389e-01
3.618411383584620444e-01
3.751147155627221896e-01
2.628194262076403720e-01
2.819569495044182417e-01
2.759669446095090461e-01
2.898787160618329639e-01
3.930699310247683931e-01
3.479786152243586894e-01
3.787810536385317062e-01
4.207648579026677660e-01
4.814935252902119434e-01
2.948619250035046657e-01
3.894018098662517247e-01
5.169177985842644540e-01
3.716565074651135281e-01
2.717629858418467714e-01
2.997901837119951174e-01
2.922645039025701941e-01
2.548325216796717974e-01
2.961606913695016829e-01
3.901347191186879670e-01
5.614428064853541622e-01
3.228124950112434277e-01
3.970078844107408078e-01
3.243387131951296909e-01
2.836671307893753324e-01
1.779252960992145638e-01
3.771340470102692022e-01
3.199155969843979763e-01
4.603455276493443882e-01
2.684592424937177202e-01
7.285378492619561108e-02
3.155192184912323783e-01
2.572488920652803435e-01
3.214856185100722907e-01
3.959099276654988175e-01
3.668107130317504461e-01
3.328984096823729977e-01
3.796789661737477450e-01
2.784222394151758539e-01
5.367173425003225473e-01
5.089512037373161712e-01
5.414690745656476345e-01
5.195739683886532179e-01
1.199648349398469704e-01
3.831252566683179261e-01
4.001786353580388811e-01
3.387467804357084389e-01
1.957249581491012913e-01
3.155607036695917689e-01
4.063309219829673857e-01
3.705388961697345662e-01
2.960933910408807268e-01
2.351147352499093068e-01
2.797196979100154968e-01
1.637527957556485503e-01
3.354676548544082704e-01
2.910779184363134209e-01
1.578073432947495469e-01
4.888562892345200694e-01
2.234726119935478150e-01
3.136263202362785663e-01
5.114233999427409971e-01
1.166001499719735157e-01
5.773311148805548854e-01
4.074508586136028065e-01
2.722426418461508235e-01
8.070811561783691745e-02
3.795545732102690306e-01
3.977389877137724183e-01
5.664412210532854264e-01
4.538175779791152054e-01
3.846673798875886452e-01
3.144029841868009600e-01
1.404446436697841805e-01
3.998631423893210801e-01
2.882123770959891806e-01
2.542496190022191516e-01
1.339936522857433920e-01
5.156282577873730899e-01
1.809328380719097407e-01
3.547811888385042911e-01
2.253399230376383344e-01
5.368123024901768625e-01
3.389472987139494076e-01
3.055459631535183962e-01
1.171280953483565951e-01
3.732946939923928453e-01
1.621729550621894278e-01
8.106524021571766270e-02
6.243987182728991669e-01
4.559299134823642241e-01
4.992394024769735705e-01
3.004899302245659931e-01
4.070892200256964188e-01
3.325925630299948477e-01
4.196823881480040708e-01
3.281387611663740267e-01
2.866665338807937169e-01
6.181378091181797263e-01
3.378992718184528621e-01
5.458645002451043560e-01
4.462040527370044196e-01
4.722714290122680403e-01
4.387735865298970084e-01
4.019676268198631441e-01
1.249253333012006334e-01
5.018913969263386621e-01
3.878390369797448112e-01
3.830873184265591314e-01
5.325807118131368201e-01
2.005948772601436336e-01
3.341717429798357619e-01
5.051191701414298185e-01
1.531587121793462625e-01
1.742436075054349387e-01
3.532819041942663052e-01
4.036135053923622373e-01
5.525877811950655749e-01
3.628288381247397054e-01
5.182548537800687471e-01
1.633899686191698786e-01
3.729270344990955888e-01
2.211470875670950298e-01
5.037419852427301725e-01
2.007238804616565675e-01
1.462361966043899675e-01
1.619268613770438459e-01
1.079085728211556794e-01
2.104987277015505365e-01
2.531327571108809016e-01
2.548309256881259310e-01
3.294696390277886966e-01
2.839392155944136520e-01
2.883467113562052098e-01
4.254585921237327706e-01
3.737537953301947602e-01
4.139730481627322267e-01
5.401227213548823736e-01
3.790918548806205268e-01
1.299139991723512189e-01
4.955305801560030421e-01
2.712480530714936888e-01
3.552089676858917744e-01
3.125395084075785479e-01
3.022837821068830588e-01
4.734074613033934509e-01
1.447667555988755295e-01
2.511116384230453469e-01
4.872126310183480524e-01
1.686361004077691073e-01
3.766323917878184324e-01
1.845264762642422618e-01
4.159847102238778960e-01
3.077491409780395148e-01
3.613307035714463655e-01
5.404170319662517930e-01
3.088925760506613383e-01
3.645589590659757406e-01
2.561181453073421710e-01
3.858676127186099758e-01
5.648968710334365539e-01
2.875290097909571907e-01
5.717263979357419812e-01
3.851081865161780082e-01
2.004379304345901835e-01
4.336508662037561468e-01
1.948278926171485015e-01
3.606140050405642339e-01
1.155279531851004376e-01
2.911292548997737040e-01
2.860528101172389870e-01
4.594485463084141963e-01
2.121332614817835471e-01
3.958773759861543007e-01
1.751222359310135313e-01
1.933018781547490572e-01
3.440109941692939266e-01
2.398477231714765401e-01
1.789031626658703078e-01
4.023157813320129561e-01
5.205085652390888384e-01
2.634603891970130896e-01
3.591716603440084365e-01
6.468868585294914597e-01
2.551193638197591929e-01
1.762349700716347167e-01
3.896914105615736923e-01
2.399893924446128146e-01
5.837794370453906756e-02
5.314622479537295385e-02
4.053782163711456277e-01
1.640716102161174916e-01
3.405034345415074437e-01
4.478428055268653951e-01
1.371595825174506678e-01
2.333093180156348978e-01
5.911548976715149673e-01
3.657911054915419236e-01
4.420375133449468419e-01
2.139142525097903758e-01
3.019513190343750542e-01
3.916093261269254500e-01
3.977389877137724183e-01
5.390667902735770678e-01
2.965009987586468831e-01
2.177186854820986062e-01
2.718071911178131517e-01
8.599517546889287600e-02
4.202252020747376804e-01
3.326546521421954727e-01
3.535606959056203924e-01
5.816489751630046223e-01
3.083729601806606269e-01
2.089785694003803707e-01
2.131897904232889773e-01
4.449457138606679463e-01
1.934254303513365525e-01
1.343465413476102599e-01
4.152792729178764186e-01
5.391132186082983058e-01
3.171248489737067411e-01
4.659887993012927776e-01
1.670233977754562449e-01
4.326427124883849284e-01
3.271862207144719537e-01
1.929230732252121272e-01
4.313180687123454038e-01
2.985916995596951118e-01
3.750878496877105839e-01
6.208235784592962270e-02
2.032955803736682665e-01
2.031289260113896267e-01
2.314426001544653833e-01
4.826949520746613431e-01
3.056470836395578372e-01
1.632241980547495530e-01
3.132454205093717081e-01
3.062702049921470770e-01
4.227177789518846707e-01
3.983960996846160341e-01
2.710396479653460755e-01
2.732798575749492698e-01
5.599614795783592891e-01
1.385122615921997036e-01
2.086367607086048737e-01
2.058237671430710736e-01
4.024649020303476266e-01
5.923191657607110860e-01
3.770224055567108490e-01
2.738925037973540810e-01
1.434761565935876726e-01
4.855494569073776079e-01
2.564636600671448829e-01
3.853351153103317661e-01
3.533662893759230705e-01
2.800774530051099998e-01
2.099962977138127018e-01
2.444109950878491644e-01
2.279023655750469501e-01
4.057162044535273515e-01
5.347793499745673307e-01
3.678771623781468825e-01
1.936650997417595499e-01
2.187179742985474185e-01
3.307691568766171764e-01
5.987989072356373343e-01
3.068159294337141074e-01
5.238277387228711390e-01
2.674286093595522606e-01
5.431970839752487956e-01
5.319422441001588897e-01
3.922685179278460055e-01
3.353627890111977039e-01
4.497333760559534266e-01
3.728047221972101699e-01
8.948404022026062998e-02
3.528227750006692753e-01
3.139833528476716484e-01
4.248019956929782182e-01
3.069766833565219510e-01
3.930060230746608707e-01
2.873183148968737055e-01
5.390667902735770678e-01
1.509844356777327035e-01
3.514625264254110926e-01
3.377228510896727598e-01
3.500482020602719291e-01
3.946930882072379188e-01
5.703964044958227397e-01
2.677146291300460113e-01
3.999645371717909237e-01
4.020855805213263134e-01
4.849462891389648145e-01
4.153187674462790469e-01
2.664257861831864638e-01
1.537901717692387038e-01
2.979768325652050742e-01
2.967150199257000409e-01
5.721219202920617697e-01
6.071598455567098762e-01
4.943282477463931679e-01
3.100865811366191327e-01
5.598532248905794262e-01
5.663846787782607084e-01
5.583152829508858384e-01
5.923191657607110860e-01
2.088306867258361565e-01
4.255367657748931887e-01
4.215154011206984075e-01
2.487814765264003691e-01
6.011191602127097938e-02
5.350211428496716159e-01
3.843240804950153189e-01
4.074374597682642318e-01
3.732946939923928453e-01
4.659282877833404446e-01
3.270763085029421147e-01
3.244034277160217083e-01
2.931752443432641408e-01
2.159393901236507929e-01
2.887661920869497023e-01
2.990036207681257552e-01
2.736687048304506931e-01
2.040799212981780075e-01
4.527860428576729879e-01
2.493185553814619149e-01
1.837461442875620854e-01
5.695701228259757443e-01
4.100467150087911961e-01
1.541227610243410540e-01
2.721074543462994599e-01
1.297738964758726465e-01
1.507545220519787010e-01
3.260932877826702714e-01
5.641750209474266642e-01
4.718143580293249206e-01
2.329703588261862746e-01
3.404412546900935643e-01
2.604171602089277449e-01
2.161918404388822879e-01
2.474066808857705857e-01
4.316739181800220426e-01
1.868433289114269924e-01
3.280337992830339444e-01
2.905978496881195805e-01
4.189097596498924103e-01
3.814641018946156592e-01
1.578538937584234025e-01
4.219598562348131909e-01
4.033155347581791617e-01
3.667535926450370964e-01
2.654149647557335068e-01
1.443522023296233414e-01
3.077982007499452388e-01
1.802395626268517848e-01
3.023696494662957979e-01
3.251511034501861075e-01
2.816019149226888230e-01
3.117480897204954471e-01
4.411987845001352215e-01
4.158714927351642165e-01
5.336701900027046586e-01
2.975778896627582215e-01
5.664412210532854264e-01
2.603154570378602983e-01
3.064950829553538258e-01
6.918136326945620307e-02
3.754828826967038791e-01
3.218820069945295681e-01
5.337557050070969034e-01
3.033269636531192304e-01
2.842210189537678344e-01
3.911192476897807913e-01
5.638676549069393529e-01
3.034013116018486889e-01
3.050377916498573927e-01
2.798321964489718927e-01
1.824237210757287397e-01
2.685661450320986354e-01
3.269034892790179669e-01
1.647060912243261954e-01
1.955323217096693877e-01
2.887559761819633031e-01
4.417943917068388182e-01
2.770987284761183278e-01
3.696629423162470229e-01
4.015578586149415319e-01
4.698495411004321998e-01
6.306330680702929570e-01
4.757485405929403055e-01
2.058922326338690767e-01
3.387467804357084389e-01
1.578538937584234025e-01
3.477114145380268972e-01
4.099345272490416692e-01
5.214271874146523267e-01
4.390753224776417496e-01
3.331049677829999722e-01
3.685801869357436811e-01
3.257384226223814516e-01
3.099757321180686143e-01
2.539303906545254397e-01
5.304443492314311337e-01
2.886260988489687263e-01
1.840303053073678308e-01
2.771807750182582186e-01
2.932332673408914459e-01
2.160228256097846411e-01
4.255599184100496979e-01
5.426979328640531008e-01
5.259970073137930635e-01
4.349426272530350079e-01
2.616374823691571261e-01
1.138291631533811382e-01
3.149432686410331694e-01
4.681507690502523245e-01
6.468868585294914597e-01
6.122100630687303813e-01
3.148178054121720248e-01
4.651276521541329867e-01
1.802658819877931695e-01
3.139132017694493682e-01
5.132951112670069982e-01
1.984427938239078648e-01
4.458284122465825949e-01
3.218272280537005092e-01
3.446311986667381921e-01
5.324987507092939776e-01
3.669351398795172581e-01
2.269002126007969300e-01
9.323707218265796237e-02
1.271352165768840359e-01
3.083729601806606269e-01
5.158742789227238612e-01
3.865915731929199239e-01
2.079423501398951768e-01
1.936650997417595499e-01
3.419931553973958316e-01
4.404890869205108084e-01
3.883868132916541427e-01
5.500286659700219793e-01
2.074256895826669944e-01
5.438379612145057829e-01
2.216720009233293931e-01
4.851188158770400882e-01
3.834819987687132503e-01
3.083729601806606269e-01
3.737991522561987523e-01
2.889900331493643892e-01
3.830671195450822131e-01
3.847183661787585418e-01
3.037939888213019857e-01
1.261975838605368661e-01
1.654490711782197754e-01
2.448835752004914212e-01
2.104209449669777743e-01
4.797195900935367630e-01
4.777584864044991941e-01
4.310189275111295237e-01
3.790918548806205268e-01
5.349758778062158049e-01
5.852284916105389145e-01
4.102552890166816790e-01
3.776790606093626268e-01
3.973003700517708237e-01
4.942920040308584895e-01
6.645672714275319137e-02
5.486113626978360580e-01
2.950512782009339641e-01
4.851343791592364618e-01
5.955528410783056392e-01
4.214093235503995061e-01
4.181610842252892479e-01
6.216089325344144045e-01
2.949083974085884297e-01
3.461607526860313033e-01
3.934081422653297744e-01
2.220914343615858211e-01
5.950716798216690862e-01
2.449067222229130703e-01
8.774819740767335341e-02
2.757290862615279226e-01
2.556364831660908332e-01
4.930118441926762407e-01
1.658771654820931918e-01
4.275124846096972075e-01
3.657475909977190853e-01
4.230256669767122335e-01
3.432510157361173819e-01
2.597616768666436982e-01
3.644331450411870676e-01
1.688556030340312430e-01
2.861612671752916670e-01
1.388448982437296142e-01
2.448835752004914212e-01
3.143964477413210834e-01
6.086440873439986632e-01
3.387467804357084389e-01
4.022228033651340517e-01
2.908508625241095213e-01
2.582228324199756786e-01
3.328984096823729977e-01
4.379469770347594326e-01
4.325364599878501193e-01
3.172719142677549176e-01
4.520893510240692192e-01
2.029979781011939932e-01
4.811200898770057188e-01
2.397114418119685175e-01
4.418836811714717538e-01
1.522827861816538619e-01
2.304982886994161873e-01
1.985310789208229454e-01
5.319422441001588897e-01
3.843178457860028652e-01
4.505737832124218634e-01
4.670368651741145793e-01
5.672684456625857186e-01
5.727543212623142921e-01
2.759774898988789360e-01
3.931663800523880203e-01
3.219129574853515363e-01
1.906967590840413784e-01
5.342730482391849778e-01
3.202060393820669870e-01
3.033504788293706067e-01
3.551051709647287669e-01
2.693273661663446727e-01
1.994032703710557630e-01
1.578538937584234025e-01
3.707030649219951735e-01
6.545338749084254892e-02
1.879971494144152822e-01
3.788975587347083729e-01
3.377745426105814297e-01
2.844744690633776441e-01
3.279744318275332748e-01
2.512565479072170760e-01
6.208456077679380680e-01
5.122835122678994768e-01
2.511216933256934514e-01
5.641750209474266642e-01
9.296783334600233761e-02
3.851537478912455681e-01
1.468056340191417064e-01
1.237291176292320133e-01
2.969848754356113618e-01
6.243987182728991669e-01
5.414510636113631925e-01
4.552330280094084580e-01
3.969810649967009941e-01
3.674873051421927994e-01
3.178020769862185957e-01
4.790722647574038318e-01
3.904674576309613010e-01
3.015288561744582374e-01
3.837813140686487379e-01
4.316739181800220426e-01
4.166169782554663970e-01
3.925836619715479259e-01
2.987323018935140739e-01
3.263374315621564437e-01
5.367173425003225473e-01
3.906786985194172779e-01
1.804057892779476480e-01
1.956645291591390112e-01
5.770208592690501820e-02
3.144029841868009600e-01
2.935365787001543159e-01
4.547563411418350521e-01
1.815124263254995485e-01
2.270278767492922845e-01
1.687384005035808543e-01
1.576172516069305751e-01
5.706547624223529125e-01
3.083729601806606269e-01
4.363583181112287712e-01
3.932837965943390968e-01
4.876334247132870225e-01
3.718158028044395991e-01
1.916193529970811882e-01
4.212423733762068467e-01
1.349560318618208132e-01
1.883647592246152358e-01
2.896498433905128067e-01
4.955305801560030421e-01
6.006801040817836279e-01
7.758216063487742564e-02
2.426690727479738630e-01
4.379246069603550673e-01
2.492167118920234070e-01
2.568981249290017699e-01
3.860265391765295706e-01
2.170585976184546684e-01
4.224909302951116996e-01
4.770816885977189337e-01
3.025720074742900279e-01
5.472698211599221763e-01
1.445084975582376363e-01
1.595561241887208381e-01
1.468056340191417064e-01
4.508480503319177712e-01
5.132951112670069982e-01
2.085545863208380646e-01
2.307973684723674535e-01
5.269452925851093594e-01
3.090180274304156205e-01
3.147022855588388901e-01
3.310757239339060520e-01
1.779761065246928120e-01
3.131168932469853283e-01
4.158714927351642165e-01
1.606391480450407305e-01
2.035171383002773171e-01
6.201000794245478120e-01
3.208402968163378555e-01
5.204196574404251763e-01
3.155391072171396250e-01
4.212243835216478161e-01
1.989393991440952525e-01
3.419722860019845934e-01
4.918861260293969639e-01
5.093323801512626980e-01
5.554231404695433305e-01
2.936261050429853636e-01
3.824017545673533691e-01
4.468842215107540761e-01
4.042248004008239803e-01
3.551528618529706249e-01
4.409510281982024771e-01
5.689408024156342725e-01
6.832463802189490953e-02
6.357481155800278616e-01
3.628531229732409602e-01
3.969905495831255737e-01
2.632727928895283731e-01
2.214010811765285969e-01
1.344864184952998809e-01
2.898765831186540520e-01
3.068159294337141074e-01
4.877955449212703631e-01
4.913485667658089029e-01
2.150618659516823350e-01
2.887942576320636778e-01
3.478745755965045316e-01
4.408304225834666634e-01
4.071048108518692810e-01
5.703138544705798063e-01
3.113286215664345935e-01
3.158831159970330038e-01
2.039005036808116955e-01
2.058922326338690767e-01
3.487516176969139292e-01
4.132608803561407251e-01
2.826881848106581052e-01
2.808118602341114767e-01
2.004726024804300011e-01
2.521096590732387899e-01
3.043669773302356552e-01
2.737953893488372925e-01
1.767345964983197126e-01
3.665354306308855614e-01
2.593643527185006126e-01
5.736812912376181295e-01
3.925337230790629794e-01
4.076612424166607962e-01
2.786580424628100072e-01
3.387467804357084389e-01
4.693704594659935392e-01
4.288814194118186762e-01
1.605463851290578337e-01
3.993304409477373973e-01
1.964815871307920292e-01
3.273629567957984654e-01
3.640276598726464030e-01
3.064950829553538258e-01
2.048385152567605838e-01
1.796174880493102699e-01
4.544811701641507384e-01
5.340985600581620307e-01
5.164103048703051480e-01
4.068039680565408989e-01
2.220914343615858211e-01
2.841661388797721011e-01
6.247778394904383026e-01
3.333850297394000961e-01
2.824539431427049441e-01
3.053072309858742561e-01
5.523442417200304932e-01
2.580882797827985242e-01
2.926869068933153906e-01
2.941891627530746622e-01
3.193532114512756537e-01
8.232070173393209178e-02
9.254274601284993851e-02
2.929956804829733641e-01
5.190038026695861229e-01
2.045896587548595436e-01
3.945173874676103920e-01
1.781498112095078190e-01
5.077830126582850712e-01
3.062702049921470770e-01
5.944879062348603638e-01
3.607827657375010655e-01
3.665894532037251019e-01
1.516846095896677571e-01
5.136902652616178733e-01
3.977389877137724183e-01
4.382639617436704382e-01
5.104380571093382057e-01
2.285261342630544590e-01
3.790918548806205268e-01
4.619743778079746788e-01
3.864138862727355961e-01
3.805666378584891540e-01
3.074007696480215990e-01
3.810006982916189222e-01
2.472055595503528935e-01
1.983524579999853543e-01
4.263412733596242954e-01
1.328357647327259583e-01
5.350211428496716159e-01
4.159713762368085210e-01
2.948824719784812198e-01
2.128592048105851509e-01
4.344687990344675010e-01
1.717527733824559533e-01
2.371231331939266385e-01
2.121332614817835471e-01
2.901004364459338070e-01
2.239705703985898633e-01
4.665536672223076220e-01
3.968607109156376822e-01
2.027907504220884671e-01
2.590130472793750749e-01
4.015578586149415319e-01
4.559299134823642241e-01
2.478666935654073589e-01
1.163293333331905238e-01
1.671624521377940709e-01
5.383947119452813235e-01
3.682632399568835924e-01
4.303362833134361520e-01
4.129828460521715039e-01
5.131826148068412419e-01
3.125383509369270008e-01
3.659749926128133546e-01
5.164103048703051480e-01
9.714766265476679208e-02
1.910851951547459793e-01
3.582596205551989432e-01
5.001685600676512022e-01
4.497966259648706888e-01
3.122302554487894066e-01
4.279115041155807098e-01
5.605459872900971918e-01
2.398713301263364905e-01
5.908658328884306421e-01
2.951916808669078907e-01
4.535296690036499379e-01
4.431371250154505503e-01
5.727543212623142921e-01
1.325621686468620442e-01
2.224995391182039706e-01
2.231213295250592810e-01
2.915878405935470319e-01
3.340070109792400155e-01
2.797337016834424706e-01
5.341729484393702432e-01
3.210528555541464768e-01
5.187632537428257251e-01
2.058922326338690767e-01
9.297409653444710376e-02
3.266199458679237555e-01
5.611736870752231932e-01
4.939066267967024415e-01
2.939911900579629256e-01
1.515789359283983007e-01
4.242140232608111461e-01
5.223540203976501095e-01
1.712703517550290544e-01
3.597318151268503184e-01
3.067366066270648672e-01
1.863763768127366938e-01
1.427856186040388498e-01
3.120341190534263176e-01
4.262386586388429155e-01
2.592683495914822611e-01
4.268128775839810651e-01
5.132951112670069982e-01
2.920793961154105056e-01
2.907352315594144976e-01
1.635370232074460639e-01
2.931763039028745799e-01
1.614951786646957599e-01
5.328703260205982506e-01
3.002645014857681649e-01
3.101899492111435119e-01
3.079166764357486041e-01
3.948240601274659589e-01
1.883575009190711635e-01
5.321405488820819540e-01
4.776691278200761448e-01
5.146103201397191906e-01
2.611446656449871173e-01
3.666189907405207893e-01
3.780124778467934821e-01
4.344125941471703722e-01
5.268992847897429055e-01
2.529991867023008156e-01
4.972911876019808775e-01
3.799329905492833670e-01
2.529946036964245137e-01
4.253206242413447025e-01
2.888050727484640090e-01
2.071801621601030985e-01
3.516906774445461292e-01
1.524395788648782446e-01
1.699506254622865642e-01
1.819168244943927537e-01
1.957249581491012913e-01
3.664537526583335758e-01
5.104380571093382057e-01
2.389797487560205158e-01
5.239461857213630891e-01
2.962097266116773264e-01
5.132951112670069982e-01
2.834943331848742698e-01
3.738871027717536322e-01
4.297359256542668260e-01
5.660779688041124302e-01
3.580360186576521109e-01
4.496267383555053732e-01
3.853773002096346212e-01
2.991484589497770963e-01
2.077334344827561352e-01
4.142819258998033383e-01
4.819747628384665750e-01
4.923051162694800920e-01
2.058922326338690767e-01
5.766753346869615271e-01
4.806017186829256160e-01
4.839667922807169842e-01
5.460278572296036748e-01
3.797036931810269800e-01
2.058922326338690767e-01
2.457060600630979474e-01
2.838822198312017098e-01
3.864887216978798445e-01
2.147040531701464305e-01
2.063868585295693669e-01
5.579003338798879108e-01
4.107279234897002751e-01
4.505737832124218634e-01
3.126655932987930653e-01
1.634718474029017710e-01
3.818877869795136992e-01
3.250492601686266747e-01
2.253273850195209871e-01
3.977109436841420043e-01
6.114184499107789827e-01
1.492062084019371293e-01
2.133916428693894141e-01
2.425705154108449280e-01
6.028607504138039364e-01
3.062666100354817789e-01
1.960711886365357481e-01
2.240955622616639664e-01
3.587768511168320518e-01
2.561666932809820163e-01
3.788291978070816302e-01
2.897092508627341356e-01
3.029201990928535593e-01
2.883977625056444172e-01
7.348232911609654805e-02
2.283901369702930895e-01
2.456056061412906222e-01
4.477756238971923319e-01
2.445400758282545439e-01
2.426910539845812120e-01
3.004166387172609864e-01
3.659749926128133546e-01
4.647191473342481283e-01
2.393333626921980706e-01
4.248932069995963179e-01
4.117212853620970670e-01
3.977389877137724183e-01
5.002540750720433360e-01
3.602367724043593622e-01
1.537380696871704089e-01
3.783339321635491026e-01
3.662669795519588045e-01
4.711217078845039707e-01
3.324907708866861600e-01
5.831132655488471261e-01
5.582652799277083577e-01
4.750620015730258050e-01
5.497590236400951014e-01
1.432669585327345230e-01
3.293693630504637149e-01
3.083729601806606269e-01
4.068431428669367356e-01
4.388866182786632653e-01
2.282785291931437865e-01
7.475476354446856930e-02
2.834923834870939352e-01
3.712719905384810892e-01
2.676943955327646951e-01
4.015578586149415319e-01
2.979768325652050742e-01
4.571014077597884140e-01
2.487814765264003691e-01
3.527396020657985187e-01
1.781699774539710346e-01
5.553846859601186958e-01
1.621110112574574436e-01
1.999096214777168756e-01
3.328984096823729977e-01
3.173259555497106033e-01
5.635990815951203992e-01
5.412590914494935790e-01
2.583094280837037737e-01
4.815512880232459270e-01
2.911745994569731044e-01
2.190463765573983090e-01
5.472698211599221763e-01
1.405791769742079922e-01
2.448209839564016166e-01
1.765397888659603343e-01
2.397745474528124865e-01
3.006570685293153411e-01
4.307843672685043868e-01
5.144593651164869330e-01
3.774623564511161433e-01
3.126643001870495486e-01
2.660032110685728868e-01
3.817124279930742548e-01
1.579649199938795157e-01
5.367173425003225473e-01
4.331178262311099481e-01
4.052296192162441746e-01
5.390667902735770678e-01
2.288764559144899347e-01
2.790367210018734889e-01
8.467347390924467865e-02
3.454313728044143272e-01
2.566958165001653192e-01
3.208600578005576520e-01
2.646725430610774588e-01
5.347793499745673307e-01
2.323325076825244750e-01
4.075695570418277347e-01
8.003041426468684993e-02
2.469985193781668309e-01
2.870519014485730658e-01
2.513121273903376474e-01
5.021240875046246721e-01
2.030815052619968919e-01
3.463364046780173511e-01
2.987183383446867513e-01
4.213315284470222077e-01
3.007579206434777830e-01
5.105873126172486565e-01
1.844167671505620443e-01
3.692058165571693862e-01
1.926758528355170808e-01
5.727576564740839427e-01
4.187285224670424522e-01
2.668195654735196487e-01
3.033504788293706067e-01
2.138384868258160487e-01
5.851339469630627566e-01
1.852280033649715274e-01
1.053737825652735355e-01
1.898082591051528378e-01
2.156251334117513796e-01
3.764992142706771738e-01
5.194028672852274431e-01
3.269786524255132165e-01
4.990503847963602690e-01
2.228440575136330093e-01
2.844945152576789926e-01
3.386143056537571083e-01
2.061209632198461317e-01
3.551852579348325767e-01
2.104864472455986457e-01
2.921148804487092021e-01
3.580899004963625232e-01
1.419517217002876641e-01
1.309113400579917930e-01
2.030375482975774470e-01
4.975711389667167306e-01
1.991063020257998750e-01
3.900643448822860848e-01
3.035152458575893775e-01
3.220883645957952623e-01
5.282780589239187696e-01
4.891598305080323006e-01
1.127827927422392906e-01
2.986816591225042727e-01
1.060310288259951744e-01
1.622693784167441033e-01
5.367173425003225473e-01
2.351674374788474131e-01
3.795245157679238979e-01
4.866060033107247329e-01
4.061250111138191565e-01
3.860349487163531323e-01
3.328984096823729977e-01
4.251061621627879594e-01
1.936074557076735148e-01
4.567261680602100471e-01
4.040244330427865127e-01
6.205291569964137555e-01
2.701049362617252148e-01
2.648050059939219270e-01
2.809908594948531402e-01
2.882123770959891806e-01
3.796578323561617396e-01
2.909826889312472353e-01
4.412751553200769949e-01
2.827364104678027901e-01
1.724710228990656846e-01
2.652942128980732561e-01
1.659613485013561318e-01
2.567705142054269585e-01
1.891814692067081416e-01
3.683720500975335432e-01
4.221725290982302758e-01
8.476264072522737836e-02
3.582596205551989432e-01
2.786580424628100072e-01
5.169177985842644540e-01
2.881141463368763200e-01
2.942860444809746179e-01
2.807158803895486998e-01
2.921516003112494819e-01
5.845260914177233813e-01
1.142865844125541541e-01
3.636942070878949052e-01
3.158705234106602977e-01
5.157389245999203231e-01
2.181392841864716325e-01
3.940954134353223948e-01
6.356320186544015538e-01
5.032174724694601364e-01
5.046375111183645235e-01
2.928818086948926647e-01
6.195765329771262264e-01
1.463571284853232568e-01
2.760802885926356698e-01
3.559025046428174743e-01
2.906697125465286247e-01
3.529789624439866880e-01
2.958881626387132591e-01
2.753934441983700299e-01
5.300042515744036731e-01
1.862362598765419652e-01
2.692328248449336048e-01
2.118778575168120126e-01
1.470654971980044634e-01
3.062702049921470770e-01
2.646297208045516602e-01
1.811342052243255507e-01
6.134831359976602450e-01
3.196079196450060111e-01
5.660779688041124302e-01
2.208656805291843439e-01
5.278187528252347160e-01
2.231479659015796202e-01
3.943051166423111598e-01
1.478898674198197150e-01
3.890966311293195257e-01
5.574170855174068739e-01
2.606094397199996693e-01
1.985762294229122538e-01
5.987989072356373343e-01
3.783339321635491026e-01
5.140288237641627012e-01
2.577936440485664726e-01
4.108210531043594016e-01
3.132992255367664236e-01
7.010409199207170983e-02
4.374607197267063041e-01
2.240832978124003283e-01
1.608980655820223815e-01
2.635468778030210513e-01
2.731345810802826568e-01
3.064037675013225881e-01
4.743378340511639757e-01
2.032966340087252466e-01
2.324717813572792224e-01
3.739000779595513246e-01
5.706547624223529125e-01
2.412680008813093413e-01
5.113571187412517816e-01
1.566323242198454924e-01
3.014170910328543562e-01
4.505297221005892805e-01
3.321546892632386005e-01
1.901322242892332648e-01
6.306330680702929570e-01
3.510853259065222498e-01
6.387109174039142800e-01
5.064972871698713019e-01
2.904314285661554473e-01
4.202252020747376804e-01
2.194871552262530612e-01
5.609556928194797676e-01
2.990602314353639213e-01
4.169759701270769336e-01
5.132951112670069982e-01
3.645831778089332897e-01
3.032804544534403735e-01
3.828518891454895101e-01
2.211163828932711517e-01
2.474440833192312339e-01
3.062702049921470770e-01
2.720443835251994402e-01
4.541262073006998579e-01
3.802003237585210860e-01
1.799168620750825343e-01
2.914721251260107837e-01
2.960354326936435743e-01
2.852011775950291650e-01
1.432916622575581278e-01
2.921530776038473998e-01
4.594675327352260585e-01
3.139226802234414970e-01
1.867030174004244147e-01
4.068039680565408989e-01
2.095915428244385093e-01
2.558710813466458789e-01
5.664412210532854264e-01
3.328984096823729977e-01
5.306815974543471759e-01
2.440595796806965256e-01
3.502681177422425352e-01
4.147006518736209846e-02
2.467512488896163592e-01
5.122835122678994768e-01
2.827059076445541108e-01
6.002228664837673255e-01
3.238612547843947587e-01
3.996198660891863153e-01
3.969810649967009941e-01
5.102207486466405761e-01
5.138269641462344106e-01
3.925337230790629794e-01
2.896789878279905639e-01
4.403285370310083824e-01
2.165523130330953838e-01
4.229011857685690545e-01
4.428778555392064997e-01
2.116674995946980498e-01
3.052261653211175152e-01
4.158395618866567722e-01
2.846008778301803432e-01
1.645800559122694573e-01
1.637924454657755657e-01
5.254574522032715578e-01
5.464023330775460430e-01
3.387467804357084389e-01
2.356236802715829803e-01
8.288197116433745903e-02
2.699220158820602733e-01
1.785038978626863893e-01
2.717975706824174997e-01
4.571014077597884140e-01
6.387109174039142800e-01
2.527297082850191723e-01
2.917948246383846866e-01
4.955305801560030421e-01
3.534016871275898475e-01
2.936918288167533753e-01
4.552281882728829721e-01
3.706719659015789703e-01
5.372729608421993319e-01
3.744868566461694304e-01
4.015578586149415319e-01
3.359255896788191920e-01
1.897248968963905214e-01
3.783880816465597374e-01
5.571193401201941509e-01
3.168892411245175511e-01
2.884537042180412847e-01
6.468868585294914597e-01
5.064027418987578910e-01
3.373890232910822795e-01
3.433835869739563229e-01
1.450207632401461777e-01
3.681849359655474108e-01
2.627366309890364904e-01
3.916814106883606539e-01
4.255001164872965203e-01
3.838368501050440917e-01
1.781494447187106367e-01
2.784457823432828216e-01
3.481950975756393785e-01
2.600319461598402104e-01
4.531132587506818687e-01
4.374640549384759547e-01
6.095495384057426635e-01
4.840760813747399527e-01
3.030387807969816549e-01
5.403587408046265361e-01
5.471040465418599563e-01
2.836441042328736728e-01
4.260694721016349273e-01
3.891879790124854188e-01
1.895861258732226273e-01
3.022808580799102307e-01
5.114233999427409971e-01
4.143741038440884039e-01
5.343042847716047428e-01
3.704656066372807310e-01
3.127246088150313352e-01
6.241533265953668197e-01
5.364851860673021111e-01
4.551012630305353857e-01
5.427603882591718332e-01
3.023751618994858781e-01
4.543846228097319084e-01
2.463643555934161566e-01
4.425947371368670891e-01
1.695693722370243128e-01
6.468868585294914597e-01
2.836790455860462856e-01
2.558101580202595260e-01
3.904759282872308779e-01
3.092783951317767954e-01
3.766854287020562353e-01
2.738925037973540810e-01
3.692607064014813423e-01
3.260210500143617685e-01
3.554241768818195424e-01
4.742219005184852287e-01
3.921288433063385703e-02
1.782977495956422909e-01
4.385315226844273551e-01
3.328920095016223435e-01
4.168559500037366528e-01
2.949060076308207545e-01
1.070967179586393286e-01
5.068466063245005149e-01
1.730758421627354715e-01
5.176257448866791178e-01
2.033323764238870457e-01
5.093430934069196336e-01
3.910291075840009456e-01
2.071470718660929633e-01
3.476229848612198969e-01
3.357867281243170909e-01
2.979041088795747472e-01
6.096543254627863062e-01
1.376156956975872481e-01
2.425383830235808835e-01
3.667987812929354163e-01
4.043678498870333371e-01
2.056222226698101174e-01
1.824237210757287397e-01
4.023157813320129561e-01
5.706547624223529125e-01
1.521039828469339383e-01
2.951746433063601183e-01
4.008403125610984774e-01
1.780517870821887172e-01
8.988141789726375452e-02
1.685609829946688731e-01
1.372167059184105087e-01
3.772416826341840057e-01
5.431970839752487956e-01
3.381295592107714243e-01
2.848359208719413171e-01
2.281491318529176027e-01
6.387109174039142800e-01
3.411994917203160504e-01
4.404355827980672711e-01
1.438767428840079243e-01
2.490449903735187098e-01
3.358931592969109370e-01
5.307593164739855540e-01
2.163785462963785100e-01
5.300042515744036731e-01
4.161152409207836689e-01
2.807512253399321867e-01
3.714445580208536879e-01
5.461345319325259240e-01
5.294785665710682876e-01
2.718610382407191661e-01
3.686111743251002659e-01
2.979768325652050742e-01
6.941287403009090140e-02
5.393613937865534558e-01
4.751427964752962252e-01
2.482046906905285011e-01
4.892387227971313757e-01
2.038442017139897033e-01
3.500883545259253493e-01
4.330429420583242206e-01
3.111226152807941014e-01
2.614518363830899417e-01
1.715223993045659756e-01
3.005493184679735030e-01
3.386889005628195282e-01
3.658262755116895026e-01
4.316739181800220426e-01
3.150853044049666263e-01
1.616771015366520736e-01
4.201215724883455294e-01
3.924234287858058279e-01
2.945179516669923503e-01
1.418949256049206742e-01
2.583834328240916522e-01
4.490297920957841971e-01
4.225462621942620567e-01
2.015194240930892888e-01
3.845599973564393093e-01
5.139362863969687556e-01
2.614640451207633220e-01
3.925337230790629794e-01
3.375331510460181650e-01
2.835724308562352913e-01
6.358303234363246181e-01
4.801293076799053039e-01
4.057476200737643035e-01
2.686187370851305656e-01
5.250498747319097825e-01
5.367173425003225473e-01
2.979768325652050742e-01
3.354858544589470748e-01
1.552164113468069706e-01
2.992775894772193301e-01
6.241533265953668197e-01
2.016144048708504444e-01
1.559958366589313528e-01
4.979997737561673854e-01
2.954357393120365938e-01
4.085008439378005618e-01
1.947830750333868766e-01
4.199914015261671518e-01
4.747163077254057950e-01
3.708985847480421039e-01
3.770063236162394249e-01
5.051554649952153531e-01
5.033161395667370419e-01
2.213113757458802788e-01
4.097164704216986753e-01
6.322076361190671623e-01
2.979768325652050742e-01
2.526103314434552938e-01
5.344378776311241586e-01
2.511667199318581289e-01
1.612716979606456935e-01
2.762061433617217232e-01
1.282578687317869337e-01
4.845830368897917628e-01
4.772453603111275200e-01
5.897239098242111899e-01
5.367122920783614637e-01
2.479347899669198385e-01
3.610839129717247631e-01
4.516823538471262944e-01
4.826593772100284951e-01
4.392856930803789028e-01
2.350696400436521338e-01
5.641750209474266642e-01
1.522530127021158308e-01
3.121762688390286589e-01
5.735374715594612205e-01
5.536884863094678755e-01
3.019598345925234018e-01
6.306330680702929570e-01
1.288270867301822276e-01
1.334037198657821444e-01
1.579649199938795157e-01
4.981588562273276399e-01
4.153794864275414112e-01
6.161525605871933653e-01
4.987393459484965041e-01
2.260626408108787622e-01
3.376117268392359594e-01
1.772421451962925276e-01
3.284522929000232017e-01
2.908182622010630491e-01
1.461137271459290177e-01
5.554582287932171569e-01
2.884253204100739598e-01
5.571193401201941509e-01
4.211753418352210399e-01
1.600555350448121805e-01
3.124355367561796881e-01
5.387208323156009726e-01
1.531290112496030420e-01
1.523061961710967249e-01
3.111713663522835405e-01
8.863186658883634439e-02
4.425500506208579488e-01
3.735260677607216140e-01
2.527907723455347089e-01
3.178020769862185957e-01
2.296524045531387892e-01
4.758950794332483802e-01
2.493535970362849297e-01
4.131888148156402374e-01
5.212439108342040717e-01
1.873019048348841253e-01
2.706315286571931433e-01
1.946368592371507389e-01
5.115932569938833607e-01
4.070892200256964188e-01
3.307014704126270965e-01
2.165452195756523701e-01
3.004386177711381167e-01
3.969810649967009941e-01
2.905360290517354782e-01
4.515499122218863404e-01
3.725629293221058846e-01
3.599740111834073275e-01
2.174632116697601814e-01
4.999417114108782312e-01
1.295959779784063848e-01
2.064540831902095253e-01
3.081007134378281886e-01
2.678466514632054651e-01
3.991925044550886370e-01
7.027645429780403352e-02
4.162175429914465874e-01
3.610234331553303089e-01
2.784457823432828216e-01
3.279919447035704039e-01
3.209067150101330146e-01
3.409308389986931420e-01
3.888078759821073094e-01
3.058686157891624680e-01
2.199095549948726913e-01
3.869900910866119204e-01
1.712140475015373198e-01
2.756316814059528997e-01
1.991107646696957112e-01
2.414499562863398341e-01
5.356419335660881353e-01
2.924769619229703466e-01
3.838020746393678295e-01
4.514536333432840332e-01
2.855037369517628987e-01
5.068466063245005149e-01
3.232441663941822974e-01
5.337405468812044251e-01
3.732390547440401773e-01
5.323955464434753093e-01
5.388810783898452250e-01
2.453130838096050925e-01
5.438418886737407254e-01
4.255599184100496979e-01
2.767188642987895575e-01
1.258036301596654749e-01
2.913827890964665879e-01
5.412590914494935790e-01
3.885552907533605937e-01
5.228650815242982253e-01
4.027024631112612885e-01
1.741303486487867369e-01
4.052575480808707775e-01
5.664412210532854264e-01
4.300225478583001304e-01
1.865581857669636745e-01
4.275064238954648377e-01
4.013744564755361011e-01
1.936650997417595499e-01
4.329600703402232131e-01
3.567744313590570093e-01
5.815244288887131408e-01
2.008492130385233776e-01
2.932980675079595589e-01
2.119992302053093358e-01
1.405320730325151368e-01
2.728201801003098947e-01
3.281046965431713702e-01
3.363840053275147790e-01
2.524159404007485508e-01
2.500875790486524752e-01
3.024612840146966852e-01
3.358365500848262131e-01
1.662285712228691592e-01
2.883977625056444172e-01
6.555092757175141893e-02
3.685322521014153807e-01
1.086262940131136612e-01
3.001821850126582536e-01
3.083729601806606269e-01
4.077457683324466897e-01
3.949029194677327048e-01
2.893353986519962007e-01
1.840060343867641335e-01
2.993440230540655445e-01
3.603718665665091025e-01
3.363840340148261943e-01
2.703477809009748878e-01
1.900044246035854645e-01
1.574317987405177144e-01
3.863612829942339455e-01
4.348585377793527385e-01
2.318671956457425132e-01
2.593278349144145789e-01
