4.040615007909473810e-01
3.783339321635491026e-01
2.305956864871029077e-01
2.129111954694729025e-01
4.176327406565510936e-01
3.619004988500139630e-01
2.239866419451078949e-01
5.851339469630627566e-01
4.068147310992347165e-01
4.746295846318089318e-01
1.709262625259362622e-01
3.012271203306530198e-01
1.358941541333735237e-01
2.745848284035542486e-01
3.598735904183113510e-01
3.079615573186864630e-01
3.803894421565429118e-01
3.224903433641536643e-01
2.947224572736397707e-01
4.946626088587330328e-01
3.280337992830339444e-01
4.870623491075386502e-01
7.943045375847727907e-02
5.523700461645201232e-01
3.846317564831933655e-01
4.754995473066124245e-01
3.006075445634504573e-01
1.396241058025300685e-01
2.147774178508834453e-01
2.434651611265047089e-01
1.415858261648233751e-01
2.522351005787373257e-01
1.045277864761179343e-01
2.587281422603843195e-01
1.773673070005048480e-01
3.835431676002791224e-01
3.068159294337141074e-01
4.791276905139534859e-01
1.385813205777373380e-01
1.583033785065924570e-01
2.522193913654351416e-01
1.986113209687116188e-01
3.280337992830339444e-01
3.831071435414714621e-01
5.140288237641627012e-01
4.559299134823642241e-01
3.176520257172352757e-01
3.702338758366523486e-01
4.653736932458742981e-01
4.093713143572280111e-01
3.328984096823729977e-01
2.960065590186521378e-01
4.102401458580821059e-01
1.733887693840544530e-01
3.647911154989961768e-01
2.113949255462727883e-01
6.060890389611051088e-01
2.906250361126542781e-01
8.476340769504937811e-02
4.329217958540716449e-01
2.960213720652914438e-01
2.822904799320016811e-01
2.913803035903880789e-01
3.708985847480421039e-01
2.461042949294386661e-01
3.067188647722341455e-01
5.403169997271342062e-01
2.352493387135186353e-01
3.328984096823729977e-01
9.334026314421631221e-02
1.358531055010572530e-01
2.463495719616649593e-01
3.521713267989773355e-01
2.666201788889258073e-01
3.830652902092823164e-01
4.918447391778367761e-01
4.024710452725701049e-01
3.189542265572569701e-01
3.514967248187940707e-01
4.178114405714346002e-01
1.233306033734236917e-01
5.318253975626127117e-01
5.664412210532854264e-01
2.053847612669096323e-01
2.940465370283457669e-01
2.407656065448317007e-01
2.255932490434444937e-01
3.514426630607502267e-01
2.699704698943613534e-01
5.187632537428257251e-01
5.302377330286045520e-01
4.015578586149415319e-01
4.046911673199373727e-01
2.680371828152536273e-01
4.069473794602079808e-01
4.571014077597884140e-01
4.901908768018457541e-01
4.559299134823642241e-01
3.372193490695803986e-01
3.090180274304156205e-01
3.878345898228395261e-01
4.253111881946825545e-01
3.280337992830339444e-01
1.544129912814209693e-01
3.052338621475558789e-01
3.143688118822410282e-01
1.834018774258055207e-01
2.905874364019579437e-01
6.738835090675596162e-02
2.454566862541357752e-01
4.214834748455304481e-01
3.122939747486426221e-01
2.572661043481849208e-01
4.157601072846783263e-01
2.875762839856068620e-01
5.187632537428257251e-01
4.121752980281894185e-01
1.730194807425000092e-01
1.777303564636469047e-01
2.813419127766690342e-01
2.878139629339521721e-01
2.780063503150316251e-01
2.441867324466842071e-01
2.293358905863776831e-01
2.325992345085203805e-01
1.734752616279461312e-01
4.078082734106627250e-01
3.886215630160499424e-01
4.796506734012213058e-01
2.763020032600621567e-01
3.566460057495349778e-01
2.138013024574979271e-01
5.350211428496716159e-01
3.731884465848952503e-01
4.864940140754853704e-01
4.023252464817446694e-01
4.195908695961231838e-01
2.045896587548595436e-01
3.134836373448058877e-01
3.881941172948691898e-01
3.210409694447869389e-01
1.148977614496447391e-01
2.465607812525026088e-01
1.945882223952092316e-01
3.218533454601271715e-01
4.002427142886800238e-01
3.182732050635697085e-01
5.508410610582667455e-02
2.812369255320826267e-01
3.555210473842498331e-01
2.381518943770832564e-01
3.422127774501826369e-01
3.603562360354342076e-01
3.793245837086551830e-01
2.834871501315528453e-01
4.179359074359220161e-01
7.703710140632853698e-02
3.830368380091015990e-01
1.464682503451507356e-01
4.753567691025870068e-01
3.741086687017067813e-01
3.843128130337625792e-01
5.641750209474266642e-01
6.103305510824315050e-01
1.431742183795096102e-01
3.554615150806481050e-01
3.901865086545773242e-01
1.900882238780885747e-01
3.606929409842676293e-01
2.865959158022448050e-01
4.251338233831143398e-01
2.299742972868491497e-01
2.854432716869032549e-01
3.906166732260905605e-01
3.479838370426114325e-01
3.969810649967009941e-01
2.677252929104848023e-01
1.691975206544384380e-01
3.829496724449081291e-01
6.906134761551586954e-02
3.854342418203493548e-01
4.015578586149415319e-01
1.138404260412943514e-01
4.023157813320129561e-01
4.330686984827489816e-01
3.836743952117609990e-01
2.940004866177703402e-01
5.435288720644223526e-01
5.372637582437307380e-01
2.068494004738285208e-01
2.834506613265967978e-01
2.695596722722941596e-01
2.737953893488372925e-01
5.633357730285819542e-01
5.350211428496716159e-01
2.375676650154175951e-01
6.263137502437569060e-01
3.816846036916188845e-01
2.948824719784812198e-01
1.851030110861393019e-01
1.071077237001452215e-01
2.647364920673009880e-01
4.419959388825276392e-01
8.646970465567825614e-02
4.955672412927065729e-01
3.100865811366191327e-01
4.914784104223944294e-01
4.015578586149415319e-01
5.727543212623142921e-01
1.218020621409506982e-01
1.286447040297271083e-01
3.618733481806789554e-01
1.459538865398071761e-01
3.735373858405274250e-01
3.662669795519588045e-01
1.308688464582727085e-01
4.388773654773996391e-01
4.009347884006030371e-01
1.388247583999080437e-01
2.714317190094365784e-01
4.150000318759164419e-01
1.907708452090844664e-01
4.091698599995431396e-01
5.599614795783592891e-01
4.516149379377434325e-01
4.431185797080213207e-01
4.150037333706041998e-01
2.692185957305967547e-01
5.568173880821580823e-01
2.467051984790409602e-01
2.234756089860735762e-01
3.916665423458892126e-01
2.766465058566819901e-01
3.387467804357084389e-01
2.608205668986053882e-01
4.959875248524122648e-01
5.431970839752487956e-01
5.431970839752487956e-01
3.647911154989961768e-01
5.813703895637465369e-01
2.020224450810179373e-01
2.919755747605779495e-01
5.992073117538717630e-01
4.541590851942720747e-02
2.150597795734146833e-01
1.327334039362263185e-01
3.569659131342047820e-01
2.677146291300460113e-01
3.351587506127559624e-01
2.269221653579719666e-01
1.613352644693837878e-01
6.404071170545652114e-01
3.750562375178146390e-01
1.622697879385084085e-01
3.953562301262118495e-01
3.590117161101711307e-01
2.503054435878574457e-01
1.091414878795763932e-01
5.333263578160796214e-01
3.824461404902299577e-01
4.094403275054311342e-01
2.987736852111300689e-01
3.328984096823729977e-01
5.002786323460635121e-01
1.605567869818707027e-01
4.128511046675726881e-01
5.691551737549778167e-01
5.467967412020604545e-01
1.542243739758929755e-01
2.007238804616565675e-01
3.019305028560052007e-01
3.830671195450822131e-01
1.985310789208229454e-01
1.877280808307165150e-01
3.981315430121522558e-01
2.359450762782599742e-01
5.004135581261679455e-01
3.277504922304402268e-01
5.529201810723368693e-01
4.021786230346559021e-01
2.929397948979248767e-01
4.508868556372699343e-01
3.598792961790348022e-01
3.764662584744241647e-01
7.829404260775016389e-02
3.083729601806606269e-01
3.965144433217895337e-01
4.796506734012213058e-01
2.508645302880471162e-01
6.127027731509384623e-01
2.270364307650682423e-01
3.852991902734085872e-01
3.220277474752763491e-01
3.932058930820277465e-01
2.133725705885224366e-01
2.693800269234086775e-01
2.493871960103748731e-01
3.901162945889973810e-01
4.289919790627063079e-01
9.748323237600897695e-02
4.183975285798486876e-01
2.777113746985231946e-01
2.619704686732796661e-01
5.845652943957329040e-01
4.240482066511772063e-01
3.606658705562529321e-01
3.388579934505073221e-01
2.565707172675525394e-01
3.345209880255772261e-01
5.349976030397507465e-01
3.137630996740339295e-01
5.459662418737993850e-01
5.068153697920807499e-01
3.326809011360722934e-01
2.622270911214092393e-01
4.872126310183480524e-01
2.963525378684745415e-01
2.205302746166478700e-01
1.090552025792970864e-01
5.708513734056286371e-01
3.387467804357084389e-01
2.163030171787837519e-01
6.468868585294914597e-01
2.852461413177757032e-01
2.835170053075646845e-01
3.527396020657985187e-01
2.623791475918841321e-01
2.058191823702226753e-01
2.754630975101635126e-01
5.390667902735770678e-01
2.128483580965664090e-01
1.925419531464930278e-01
3.783339321635491026e-01
3.734186107049263792e-01
3.989912385397790251e-01
8.832228341414742612e-02
2.422429422776574137e-01
2.662437451319799031e-01
2.039005036808116955e-01
3.144325571669777664e-01
5.207071948320559640e-01
2.603341189654467258e-01
1.081583382742822841e-01
5.775626082832874264e-01
2.725959880340885766e-01
5.104654547390061747e-01
5.564454427461125174e-01
4.455548365328673710e-01
5.677892538229819541e-01
3.035013077739479037e-01
3.376067802528694428e-01
4.242744556807780398e-01
3.682856528543759778e-01
3.138802485716847279e-01
3.024485339599298217e-01
3.052338621475558789e-01
2.914442994733414394e-01
5.132951112670069982e-01
3.958009951880172572e-01
5.614428064853541622e-01
3.768434089983970781e-01
2.125510517399456512e-01
2.063107388275419729e-01
1.626491403175713557e-01
3.062702049921470770e-01
2.827682650246922114e-01
3.603818486075437977e-01
6.391534944345877989e-01
4.263790212880962383e-01
3.327970065847404291e-01
5.508463468513027372e-01
5.342730482391849778e-01
3.781243444333826642e-01
4.251471690114115298e-01
2.141313349040013525e-01
4.841803877634083542e-02
5.445265996051297241e-01
1.147607809928304773e-01
5.228650815242982253e-01
2.278111628954101742e-01
2.609641311973270317e-01
1.445172947925233431e-01
2.552453709642021895e-01
1.404576119975726178e-01
2.068642251616956973e-01
5.973455743633568904e-01
5.169177985842644540e-01
3.930363388067482089e-01
2.475091716066878111e-01
5.702189724353760036e-01
1.671978760822234455e-01
2.835744760744474124e-01
1.051975319855106977e-01
1.982060695601831068e-01
1.726943933232700790e-01
5.367173425003225473e-01
6.100599597845584032e-01
2.485496201668148386e-01
4.910376156429118732e-01
2.802119525291852375e-01
2.644851073401729424e-01
3.817314435229556269e-01
2.912384164599883252e-01
3.441364957518431300e-01
5.805346067810890354e-01
3.769062890904520957e-01
4.205847550119531930e-01
5.174480296949415248e-01
2.917956709140711591e-01
4.638191230595181680e-01
4.214834748455304481e-01
4.277967798154414525e-01
2.565707172675525394e-01
2.617174690376105617e-01
3.682856528543759778e-01
2.277979075905681439e-01
5.205085652390888384e-01
3.398294323963753638e-01
5.773311148805548854e-01
2.257147809673080152e-01
5.104380571093382057e-01
5.328703260205982506e-01
4.101806342384476389e-01
1.753898515439653583e-01
3.653955338678829823e-01
4.790366898927709838e-01
4.451013960539101921e-01
4.453086898385594239e-01
3.100865811366191327e-01
3.077148491430153898e-01
1.989393991440952525e-01
2.875585444174458827e-01
3.993403748647678664e-01
5.662745797873881548e-01
4.455984256552756873e-01
2.339920757152994801e-01
2.958939707798777796e-01
4.983160825462881749e-01
4.086824047883596545e-01
1.042954009603643817e-01
4.144066066718518626e-01
3.673482789474686872e-01
2.731345810802826568e-01
3.691806870960142040e-01
5.177554809658468926e-01
8.456124779580712070e-02
2.738925037973540810e-01
1.901427520128219084e-01
5.159832017338288335e-01
4.324576327648994023e-01
1.451908984334817077e-01
4.168194460236085974e-01
6.429709468209654499e-02
2.998666950581869717e-01
5.876900591670876084e-01
6.241283045037502308e-01
3.068159294337141074e-01
3.809806633227872941e-01
4.114239213190349354e-01
1.309465743127714576e-01
2.740015940550483697e-01
2.165798235410973382e-01
4.042545142190694385e-01
3.164653141723236529e-01
4.036340305400366035e-01
2.970423169954850562e-01
1.757942514798306599e-01
3.674135687736818645e-01
3.696245765711845266e-01
1.214361138042030636e-01
2.566958165001653192e-01
4.080642205636393904e-01
3.667535926450370964e-01
6.241533265953668197e-01
3.301431029740132805e-01
5.854331198658365709e-01
3.017381059971993573e-01
3.585970662810917808e-01
4.733127402705279430e-01
3.225484775770824375e-01
2.918177254280500676e-01
6.306330680702929570e-01
5.559997072008773245e-01
3.662033773919605162e-01
5.323955464434753093e-01
2.973095228787935307e-01
1.626491403175713557e-01
2.690224699370661332e-01
9.565229424429400051e-02
3.432834752210951468e-01
4.150378360356763441e-01
1.665860474481936915e-01
4.985710567212862654e-01
6.176485630288240936e-01
1.827297496222915762e-01
4.552007911109429150e-02
9.327001810465525289e-02
3.434897814762310486e-01
2.838141511815447937e-01
3.743428246195443787e-01
3.741086687017067813e-01
1.563809754557962117e-01
1.674627049723269867e-01
4.476812406678126188e-01
3.605930614323256123e-01
2.099179815615510314e-01
5.520809331534920483e-01
3.177534498106537320e-01
5.234982121500800778e-01
5.702189724353760036e-01
3.558030667299558192e-01
4.271852197611678004e-01
5.256795183942022387e-01
2.634809843999334489e-01
5.347793499745673307e-01
3.004131843907852928e-01
2.768612497153156715e-01
3.672317912091941916e-01
3.062702049921470770e-01
4.015578586149415319e-01
1.010780704463229429e-01
2.177734085034583322e-01
6.216089325344144045e-01
3.223380938779640270e-01
2.014851951414832754e-01
3.112522373382929919e-01
2.079406512482105951e-01
3.155192184912323783e-01
2.202060253658207900e-01
3.601796549279529525e-01
5.125121420325284838e-01
4.974814439300218050e-01
4.496781896721507299e-01
4.298474332337052783e-01
2.888661872196535696e-01
3.827059329902094964e-01
4.218592279024676595e-01
2.046516997430559148e-01
1.065104749763798736e-01
1.767232335166351864e-01
2.217280873195576762e-01
4.136611017148568159e-01
3.367037293628464822e-01
5.933334278985608057e-01
2.958088672721010393e-01
5.364851860673021111e-01
3.328984096823729977e-01
5.350211428496716159e-01
2.898074460745262981e-01
2.844744690633776441e-01
4.206718105041800659e-01
3.111999624047794843e-01
4.065815581375709642e-01
3.989465515040722110e-01
4.607364824867783981e-01
4.641876562685389174e-01
4.920545941365453424e-01
3.900025384856181110e-01
2.291055752343244822e-01
5.368123024901768625e-01
2.079670423274304902e-01
3.788975587347083729e-01
4.268543139107594531e-01
2.668051461498354149e-01
1.074692721724755939e-01
2.508645302880471162e-01
3.328984096823729977e-01
3.309715986598758541e-01
6.306330680702929570e-01
1.964511160091012287e-01
2.447530973048689107e-01
3.997103955524608510e-01
3.100865811366191327e-01
1.771470295050161514e-01
4.869616677660307258e-01
3.408208533019127517e-01
9.492502662188864737e-02
2.524159404007485508e-01
3.336059786842789920e-01
2.352940731456530099e-01
3.837193157996008908e-01
2.058290383326025486e-01
3.540695000892253863e-01
3.939600465358352177e-01
3.062401281131090780e-01
3.169363488080336189e-01
2.545647046319028939e-01
5.045592946441160853e-01
3.707030649219951735e-01
3.667987812929354163e-01
2.921530776038473998e-01
5.742567522601885743e-01
5.923191657607110860e-01
2.825016033687842154e-01
3.738044741682228778e-01
5.276206116441382044e-01
4.070892200256964188e-01
2.947390395790283057e-01
3.172719142677549176e-01
7.064025056649848866e-02
1.029530750947262735e-01
5.237663029745817100e-01
4.099350816625164651e-01
5.068153697920807499e-01
2.960670004813584777e-01
4.357517434127678446e-01
5.229080619767949578e-01
5.941879596061948599e-01
1.042356578673875322e-01
3.489165974893589373e-01
5.350211428496716159e-01
5.086832437726878098e-01
1.905223279658226632e-01
4.673627695580823693e-01
4.806158928132489572e-01
1.102332610540567720e-01
5.525413556667116977e-01
2.909188779567249417e-01
4.119368670773150276e-01
3.749933988976337229e-01
6.404071170545652114e-01
9.140795559127777581e-02
4.853443404480883294e-01
4.689957364498391068e-01
3.873928412941922694e-01
3.902749186868123554e-01
4.910376156429118732e-01
5.591839056372159833e-01
3.825572130827182282e-01
5.322807012616578293e-01
4.060270758548016889e-01
2.060622688767681787e-01
1.508064450462297812e-01
1.757407216843221986e-01
2.779481526989870388e-01
7.797485001525621129e-02
1.531614497387949470e-01
4.064787944714372547e-01
1.423709354103690483e-01
3.650238083639519848e-01
1.896636727689925139e-01
2.812269899520196681e-01
2.193133637519271151e-01
3.113815585947802278e-01
2.247182405200194022e-01
3.225862387058752168e-01
1.259449610056787849e-01
1.702372692857429537e-01
1.982855292551987392e-01
5.902751022128476244e-01
5.664957602056094332e-01
3.382139311921073532e-01
2.956595681095863237e-01
3.787701107804439249e-01
5.556396835215119401e-01
3.083729601806606269e-01
2.138013024574979271e-01
1.365795883799802712e-01
4.144804447971666694e-01
4.814935252902119434e-01
4.176982134163442772e-01
3.532358999328440441e-01
4.119360507362143098e-01
2.867009245623147184e-01
4.000941326207690940e-01
3.350090223878445794e-01
7.425194731742207344e-02
5.599614795783592891e-01
3.829516382533162400e-01
2.105126621473082660e-01
1.877645094546823157e-01
1.945540249372820496e-01
3.862084553963557321e-01
2.089998791875975481e-01
3.754486167426236976e-01
3.969810649967009941e-01
3.108493777863227669e-01
3.045210672737552748e-01
5.153782009917324824e-01
5.091138593378394805e-01
1.619193464447901132e-01
1.668638740809738341e-01
3.328984096823729977e-01
4.141641878728733461e-01
3.586817326191882316e-01
2.232146959139770515e-01
4.164774814225319921e-01
5.297414242479079327e-01
2.717693824886533438e-01
3.387467804357084389e-01
1.663532614014455457e-02
5.438418886737407254e-01
4.886423438393872609e-01
3.566152221856047078e-01
6.038583346218938663e-01
3.469227770649967457e-01
1.642501379031930109e-01
3.396112041727406550e-01
4.006339462289118525e-01
5.791039819945777989e-01
3.985064442846076305e-01
1.869394620668025087e-01
3.272044173047642945e-01
2.304112990009143935e-01
5.169177985842644540e-01
1.207202833763095784e-01
3.328984096823729977e-01
1.428247759525929361e-01
4.523073309361570482e-01
3.379778188204197176e-01
4.151587693717631034e-01
5.349976030397507465e-01
3.000258167145515298e-01
2.772135467375964057e-01
1.109361167099106871e-01
2.810443047875203493e-01
5.879877638200029510e-01
3.256926710379665080e-01
3.280337992830339444e-01
4.248304814656285178e-01
5.164103048703051480e-01
4.109913599018656938e-01
6.468868585294914597e-01
5.114233999427409971e-01
1.926212604661516892e-01
3.033663834489968569e-01
4.012028375453515205e-01
1.569955733508325291e-01
3.016633344948685402e-01
3.872943302101559682e-01
3.694156971889428487e-01
2.636155501334919160e-01
2.855037369517628987e-01
2.908709851139684166e-01
3.088518836191284089e-01
3.398506114276587109e-01
3.125687055424000715e-01
3.357243414332303777e-01
2.660153452816003128e-01
2.801877247434881868e-01
4.229827978434564928e-01
3.699569403814374491e-01
3.785195736802162703e-01
2.929527959666665682e-01
3.189350935757020999e-01
5.010735077502316281e-01
5.174048593449160904e-01
5.194891948888971100e-01
5.132951112670069982e-01
4.571014077597884140e-01
3.683011636471076322e-01
2.979768325652050742e-01
5.029734200528244159e-01
3.215673472051169823e-01
3.340359216567055922e-01
5.657084977486755983e-01
2.492940707611761564e-01
4.723007089868982433e-01
4.085817818608699081e-01
3.998526820185505093e-01
2.150185620393555430e-01
5.916559685459050755e-01
1.992150450215108004e-01
2.910202511197717556e-01
5.320182850160194432e-01
2.478259463577399402e-01
3.525925525705594921e-01
3.790918548806205268e-01
2.788879844640568262e-01
2.656634391759072344e-01
1.914335511017128677e-01
2.797239592230338356e-01
6.243987182728991669e-01
5.619052835713440608e-01
3.208482054715466880e-01
2.795685643186637814e-01
1.533796749481831923e-01
1.537380696871704089e-01
4.029630621820253777e-01
