4.188977621173523014e-01
2.964750890234092995e-01
3.578933980259603742e-01
4.363726497099462143e-01
3.981900390385991750e-01
4.859790292314256632e-01
1.749155796075268499e-01
4.382446893792003029e-01
4.222119184398244185e-01
2.591929623513515302e-01
2.161918404388822879e-01
2.137209763225261794e-01
3.088905321836631357e-01
4.800367703127113583e-01
3.241230459376752138e-01
4.460767880281385489e-01
1.936054121524939109e-01
3.925337230790629794e-01
5.426930275416815830e-01
3.363471027392735402e-01
3.002582149109282450e-01
5.431970839752487956e-01
2.654760505396116521e-01
2.556529998856332808e-01
4.251965183588591324e-01
3.280337992830339444e-01
2.502261272254593383e-01
2.790502468613227927e-01
4.060372505997325576e-01
3.650873209280718901e-01
3.872221956538048349e-01
4.668972079624790772e-01
3.845748425203946996e-01
3.176031827631976556e-01
4.255366568462614629e-01
8.003041426468684993e-02
1.917142197531734316e-01
3.264958033987221953e-01
3.526289578081301390e-01
3.800569512282397922e-01
4.247437493292921529e-01
2.529290384304460071e-01
3.623255466861434182e-01
1.901419251738282745e-01
1.673405263366823936e-01
3.597442012893083407e-01
5.367173425003225473e-01
5.512898641190014937e-01
7.740904746995089236e-02
4.734905106541581477e-01
3.951096169512748890e-01
3.413834226001313255e-01
5.540840369373408736e-01
4.358174112670664679e-01
3.480696799762337257e-01
5.104380571093382057e-01
2.662831499605646246e-01
1.130634765688718346e-01
2.416282475109753081e-01
4.840378804777785149e-01
3.238612547843947587e-01
2.345682415518505481e-01
3.983264339000784360e-01
2.710703441161281257e-01
2.117090669892289223e-01
1.930812011156913532e-01
6.369688201857728882e-02
5.925645574382435443e-01
3.349895528500783093e-01
1.001983343371296437e-01
5.050878337231178294e-01
3.589995128812930592e-01
1.616771015366520736e-01
1.748591015671341342e-01
3.280337992830339444e-01
1.604044789777233915e-01
3.522514519148901568e-01
3.402213506493508288e-01
5.367173425003225473e-01
3.420002382530064056e-01
2.121911031049238949e-01
3.912796189072241249e-01
3.052338621475558789e-01
2.035574884589245459e-01
8.289278243497508192e-02
3.401611058402429499e-01
3.323190177705631076e-01
3.227919167504670894e-01
3.174431745026073393e-01
2.082893482207888169e-01
2.601008672176161052e-01
4.147871457285754460e-01
1.525056258905972129e-01
4.200921825456882530e-01
2.701921372692998036e-01
2.297764335203691388e-01
1.711696855886931101e-01
5.458645002451043560e-01
5.019507895871763714e-02
5.339549656169754188e-01
5.350211428496716159e-01
2.058922326338690767e-01
4.447012612768260209e-01
5.794801888515207500e-01
4.756085589860189478e-01
3.149512485987623900e-01
4.907626729164444312e-01
1.142118867072925287e-01
2.503362213311737805e-01
4.598315007120307718e-01
5.925645574382435443e-01
5.664412210532854264e-01
3.419621917062530270e-01
4.418836811714717538e-01
3.328984096823729977e-01
2.887942576320636778e-01
4.150950858271096333e-01
3.280337992830339444e-01
2.986444463786933623e-01
2.018476140034720645e-01
5.287495641978391392e-01
1.750328551035301439e-01
2.858842618727098772e-01
6.112074238653398828e-01
4.271745700125661460e-01
2.357034150945453432e-01
2.772394482616107325e-01
3.977389877137724183e-01
6.217416441425941548e-02
4.438129387227221501e-01
5.565968934569827109e-01
6.128984867202769138e-01
1.556680021178156181e-01
3.019513190343750542e-01
3.850342072409759786e-01
5.364362567395116743e-01
2.986581287710809440e-01
2.985382490700511648e-01
2.715638712670136456e-01
1.815754579613952646e-01
5.438418886737407254e-01
3.696174277139698261e-01
2.088306867258361565e-01
5.324102195875016763e-01
2.106413914681488919e-01
3.098856650817812253e-01
1.558621648053659936e-01
2.961811270252372452e-01
2.230303146641605949e-01
2.926113038747119033e-01
3.504396063322513521e-01
3.924987925356018814e-01
1.169088469581948536e-01
3.210051876365416779e-01
3.907502985147446317e-01
4.784147272581076860e-01
1.647261083155580064e-01
1.054638153015146629e-01
3.602367724043593622e-01
3.379244483642169783e-01
1.656680306164767524e-01
2.979768325652050742e-01
3.765570965341753507e-01
4.862147661735161663e-01
4.047602149760657908e-01
3.790918548806205268e-01
4.900272286827113688e-01
6.174502582469009182e-01
3.790918548806205268e-01
3.324269839221962730e-01
4.325497161242084498e-01
3.089787601138344608e-01
4.344163257843229875e-01
3.622781462049597945e-01
3.925337230790629794e-01
5.267984391198315963e-01
2.447743800678072457e-01
3.085671588312897673e-01
4.230216814152777949e-01
2.311981540148745351e-01
1.532346798178353120e-01
3.044871214534400905e-01
4.734074613033934509e-01
3.809784471240415527e-01
3.418404774724467243e-01
2.026516662291043547e-01
4.760047163089524136e-01
1.341508596877087622e-01
6.289722913766458701e-02
2.964839278335086314e-01
3.923015666460425432e-01
2.471025839515091638e-01
3.969810649967009941e-01
3.829789557456034221e-01
4.316739181800220426e-01
5.068153697920807499e-01
9.079677678721512213e-02
4.040942153435418405e-01
3.083729601806606269e-01
2.965063328315964419e-01
1.999763736292350658e-01
4.743378340511639757e-01
2.591676152408119438e-01
5.708513734056286371e-01
1.952735527022819162e-01
6.127027731509384623e-01
4.115534645903669575e-01
2.104138710501671783e-01
1.974810079504491500e-01
1.425670964394017137e-01
3.793881890907789822e-01
1.296755127177656175e-01
3.682856528543759778e-01
5.591020935826649385e-01
1.101873459727547577e-01
2.454394683584963655e-01
4.790366898927709838e-01
2.744472499826004497e-01
2.924655233772445184e-01
2.978337768426236876e-01
3.092250280016392017e-01
2.668051461498354149e-01
3.243387131951296909e-01
5.367173425003225473e-01
5.571193401201941509e-01
3.245405436060488924e-01
1.378779342066223934e-01
2.897025270142742914e-01
5.051554649952153531e-01
2.792315899585580130e-01
4.810602206014344961e-01
3.026780283975428754e-01
2.150357817019670492e-01
6.252501844398847264e-02
3.398930508748805313e-01
3.290919392873176696e-01
3.925337230790629794e-01
3.095793537157461306e-01
3.286769661023478117e-01
2.161918404388822879e-01
4.577195246316906330e-01
2.783191781701560008e-01
6.243987182728991669e-01
2.105126621473082660e-01
4.172064729860496257e-01
2.611691443407194169e-01
2.665852589472972323e-01
2.564583172632744490e-01
5.064972871698713019e-01
1.321527994658117933e-01
1.149800354114852013e-01
3.144029841868009600e-01
2.966636153818449917e-01
3.021160910516914599e-01
4.146490430366117086e-01
2.754352327762293884e-01
4.234408227834434713e-01
2.801576478644501877e-01
1.225209994254574386e-01
3.476310466193624493e-01
4.548854235452729489e-01
4.834438581410906433e-01
3.326809011360722934e-01
2.827808257016279914e-01
4.396258030883488654e-01
4.797195900935367630e-01
1.616771015366520736e-01
2.117751976862728425e-01
5.483653712891920495e-01
5.533865671163245015e-01
4.531389798356650345e-01
1.577825419707034327e-01
2.467512488896163592e-01
6.071598455567098762e-01
2.866851588059060041e-01
1.842317044731601183e-01
1.966369975221526623e-01
3.971641186268485835e-01
5.415370176563473192e-01
4.015578586149415319e-01
2.937971093787049015e-01
5.431139229934244250e-01
5.431970839752487956e-01
2.434100367946039067e-01
1.943551180336379747e-01
4.666732042346934950e-01
3.777384081084727563e-01
4.151522253386972228e-01
5.482643148299055635e-01
3.645850865545371966e-01
2.139886660443658106e-01
3.875134152073701488e-01
2.599260301115772775e-01
3.682856528543759778e-01
2.381469312643308134e-01
1.482976519387333436e-01
3.119058254471125391e-01
4.571014077597884140e-01
3.696245765711845266e-01
4.934435071565128617e-01
2.699504540504039651e-01
2.524159404007485508e-01
2.270792858664868741e-01
4.955305801560030421e-01
3.396439238183722731e-01
2.726995264655093787e-01
4.108210531043594016e-01
3.179417997837000742e-01
2.088155141523484193e-01
3.678935262026347131e-01
4.130675953340161577e-01
2.116102021989581528e-01
4.164958605306461892e-01
1.839653442419009466e-01
4.171239564293366398e-01
2.279069799706625599e-01
3.328984096823729977e-01
3.734693433836331344e-01
2.138013024574979271e-01
4.318091987057564030e-01
2.834830790278818902e-01
4.377216000578496025e-01
2.278111628954101742e-01
2.248699063857251546e-01
4.363859923239968852e-01
1.047238186201283339e-01
2.161918404388822879e-01
6.243987182728991669e-01
4.344862842625885624e-01
1.833816398788219171e-01
2.144244044773338242e-01
5.431970839752487956e-01
2.499679294697511878e-01
4.407046378696266031e-01
2.591180641467286105e-01
3.638644957999222496e-01
5.160797709155497959e-01
3.768591505368943939e-01
5.773311148805548854e-01
1.815726827758352424e-01
5.207071948320559640e-01
3.930111168394076482e-01
1.897729536517923088e-01
3.144069958370584450e-01
4.093713143572280111e-01
5.187632537428257251e-01
4.518780411197625968e-01
4.509211171219501546e-01
4.395894842245310352e-01
4.133429232603968995e-01
4.088582757809440249e-01
4.104166834148985088e-01
3.829688858756624126e-01
1.420038883288066434e-01
2.379711626521875123e-01
2.134868053334561533e-01
4.274059517842390687e-01
3.387467804357084389e-01
2.859676155584303658e-01
4.767315032110126527e-01
6.537685753947411471e-02
4.267080840826862342e-01
3.368133638479412495e-01
1.547652896549156498e-01
3.925337230790629794e-01
3.083729601806606269e-01
5.367173425003225473e-01
5.611948368994974512e-01
1.578623041297632645e-01
3.510807686776504233e-01
4.538503619633184050e-01
1.549278675086675494e-01
6.067737314951967553e-01
1.245134191606583618e-01
2.552453709642021895e-01
5.046375111183645235e-01
3.324276582818934123e-01
6.404071170545652114e-01
4.313398972617772387e-01
3.630596894929701834e-01
4.231452588691720917e-01
3.770412980221838906e-01
2.600262723085536853e-01
4.311681726250864988e-01
4.814935252902119434e-01
4.015578586149415319e-01
3.078944770300591771e-01
3.046959640410866754e-01
2.178785100815321951e-01
5.360302554072448045e-01
5.120085443360949951e-02
1.865581857669636745e-01
3.920277950063055794e-01
4.077778648605714373e-01
2.932193124190454747e-01
3.464636133634743653e-01
4.668125346604338199e-01
5.037029682125470087e-01
3.523907613448446496e-01
2.150597795734146833e-01
1.500959229142814488e-01
5.173839642764398450e-01
2.016171910740010842e-01
2.759952900637883122e-01
3.386136786904875295e-01
2.161918404388822879e-01
2.714199566920620921e-01
5.443974947507524975e-01
4.234379189207402860e-01
1.759177049338607746e-01
2.724463482617207055e-01
1.891905984238657079e-01
1.491379067198448372e-01
3.482771242653282529e-01
6.222253566470645758e-01
3.225588593695652428e-01
3.328984096823729977e-01
5.737892602995582347e-01
4.664583097676749390e-01
4.030161394248024109e-01
1.949187988612340883e-01
3.845599973564393093e-01
5.068153697920807499e-01
2.707633894683166287e-01
3.013049138749372968e-01
4.208265227336902559e-01
3.974625658237954107e-01
5.368173749473191814e-01
4.635053057000292909e-01
2.772093182694708169e-01
1.361299938716632185e-01
2.490890342313886174e-01
4.316739181800220426e-01
2.287174790458963436e-01
1.657898204143243570e-01
3.198225356580127743e-01
2.489265377622918995e-01
4.443398638286386593e-01
4.741056776181435950e-01
5.480136145446093954e-01
4.286173961570438062e-01
3.048033090500641973e-01
2.041873153666156071e-01
4.297622019842411434e-01
2.765433706067139119e-01
4.315531167432040127e-01
3.785853582586117261e-01
2.801877247434881868e-01
2.161918404388822879e-01
3.289687781112574094e-01
2.132802306025037287e-01
3.707030649219951735e-01
2.553400742234073206e-01
1.240021286394585587e-01
4.015578586149415319e-01
1.387350589977527082e-01
2.451347875958719835e-01
5.132951112670069982e-01
2.254114982953565882e-01
5.367173425003225473e-01
8.389364167384437410e-02
3.958009951880172572e-01
3.174870196280881185e-01
1.534336454473161360e-01
3.047988186543127420e-01
1.511045715897139652e-01
1.609982030079484538e-01
3.720547816205981295e-01
1.652668622646656371e-01
2.349570215584734223e-01
2.018336536767703360e-01
3.961597238847274771e-01
3.387467804357084389e-01
2.688335086956198383e-01
2.860832898659111390e-01
1.647010094126258040e-01
4.393544421182258852e-01
2.144501198456426339e-01
4.738420845691002636e-01
4.527431354746687120e-01
4.121752980281894185e-01
1.516867120785631851e-01
5.292743066774794336e-01
4.379045244911563550e-01
5.367173425003225473e-01
3.029330967417588338e-01
3.782803932213616438e-01
4.529984862225988063e-01
3.062702049921470770e-01
5.322355088719363803e-01
4.231844921975255747e-01
2.888314514588793958e-01
3.510301528269799687e-01
3.541140374520031497e-01
5.383881339239877661e-01
3.286808685121549445e-01
5.132951112670069982e-01
2.467512488896163592e-01
4.604802295436924986e-01
2.942290487177626757e-01
5.650307297702842346e-01
3.294018524700273454e-01
3.864204773904103551e-01
3.445743559025203906e-01
2.885885296964953994e-01
3.403732175341154798e-01
2.475746536170995438e-01
4.198035811250469540e-01
3.974922601014084789e-01
5.431970839752487956e-01
5.875440673605474284e-01
3.630986593346047786e-01
4.008438837156104717e-01
3.996582692524811020e-01
1.647261083155580064e-01
1.820323540141025598e-01
8.655304337410586746e-02
3.199664548063037572e-01
6.167808070942686349e-01
4.028054227034167933e-01
2.965391899892316774e-01
4.212076288845117977e-01
4.373284237207536451e-01
1.914905366788505203e-01
2.227825219833908799e-01
3.366419226543599375e-01
4.006748463316339159e-01
5.346560273804106256e-01
2.590130472793750749e-01
1.207752766404579237e-01
1.080343916271629262e-01
4.198035811250469540e-01
2.770615961815067751e-01
3.682856528543759778e-01
4.989670489882396254e-01
2.876405359755722646e-01
4.928282154650865388e-01
5.875440673605474284e-01
3.971573120425196390e-01
4.723376219690929023e-01
3.776951078340296530e-01
5.132951112670069982e-01
2.824545078461935810e-01
2.465858130104957857e-01
8.479586302244579432e-02
2.500461825307156438e-01
2.516034969286506384e-01
2.833347051350996182e-01
5.412590914494935790e-01
2.598776330581408778e-01
2.054024388871082962e-01
1.751222359310135313e-01
4.365022893332263787e-01
1.400483272154240399e-01
1.092458142766050688e-01
3.738781388184552190e-01
4.450347598989120579e-01
1.909657943031497218e-01
3.328984096823729977e-01
3.126643001870495486e-01
3.865971599428768557e-01
4.624600715558740416e-01
2.069780893621903928e-01
3.662669795519588045e-01
1.606703811474558818e-01
5.587589794103413610e-01
5.064972871698713019e-01
3.387467804357084389e-01
3.741086687017067813e-01
3.407691789310272057e-01
2.798991594938047278e-01
5.775544027247994650e-02
4.316409894080478482e-01
3.614759565757783011e-01
2.089394738958490483e-01
4.499557108266402095e-01
2.616629121116262890e-01
6.151291910594881562e-01
2.971147497543594751e-01
3.387826975732270429e-01
3.062702049921470770e-01
3.207496674671710957e-01
1.693535531239105663e-01
4.168360391387086472e-01
6.243987182728991669e-01
2.737953893488372925e-01
3.133207445542657288e-01
4.385340733605937458e-01
2.337137706488439659e-01
2.720443835251994402e-01
4.920545941365453424e-01
3.962334125449922251e-01
2.456524212350182645e-01
1.474561196368084637e-01
2.171965734002473114e-01
4.117212853620970670e-01
5.587189766176170469e-01
3.412599941955289373e-01
4.349257686763649544e-01
2.592683495914822611e-01
1.785075860531137870e-01
2.944374825112217042e-01
3.050028723318660151e-01
4.124515931119348555e-01
4.119461887904896646e-01
2.660967937556610874e-01
4.047355170718561213e-01
6.174502582469009182e-01
1.499725196630462831e-01
3.504605993117686502e-01
4.015578586149415319e-01
3.015258593898115791e-01
5.691551737549778167e-01
2.881158407591609683e-01
1.957249581491012913e-01
5.713683237462778841e-01
4.312723710725487325e-01
2.817719836986620763e-01
2.733607596388793470e-01
6.113143496861764836e-01
1.369087064704024026e-01
3.938253777981984838e-01
5.132951112670069982e-01
3.168892411245175511e-01
2.425541695678964382e-01
5.570655541137342626e-01
4.354020917555690429e-01
2.008917596474048273e-01
3.700272703395978691e-01
3.709421382191901984e-01
3.800013803721005723e-01
2.040075680530471502e-01
2.463946705979267737e-01
1.538719815371199506e-01
3.356145569633879333e-01
3.148240286878356553e-01
3.574464679036600256e-01
3.078544639473209665e-01
6.408619065647351842e-01
3.846994751684389979e-01
1.973755335412665235e-01
8.786747176485662503e-02
2.685289581692316685e-01
1.301125273203330712e-01
5.431970839752487956e-01
8.055685906601638135e-02
9.226883997929540004e-02
4.277593840341110121e-01
3.007473258788896375e-01
3.562385359595305334e-01
3.638644957999222496e-01
4.277578962436201504e-01
1.350956967649818430e-01
3.469318963039590420e-01
3.615497073918844118e-01
5.486900717415365003e-01
1.595998352322026415e-01
3.020558371998441349e-01
5.390667902735770678e-01
1.417272546100591668e-01
4.390844988833477736e-01
4.427385633632146544e-01
6.222253566470645758e-01
3.822191421605279360e-01
2.908025591201933713e-01
1.676976146596657335e-01
3.682893643272590056e-01
4.209100273396142455e-01
2.803059849626374223e-01
2.007998826080709398e-01
1.532949773242869851e-01
1.971186068621206822e-01
2.883565671107060635e-01
5.442452929728089916e-01
4.161155685381951463e-01
3.932916457961344037e-01
4.189735878783773515e-01
2.136704420643899816e-01
4.801876380267349198e-01
2.573079816904064177e-01
2.646725430610774588e-01
3.759906369870750775e-01
2.020224450810179373e-01
5.367173425003225473e-01
5.496948410817384945e-01
2.130480741694832925e-01
2.678247077487699301e-01
5.122835122678994768e-01
4.391372615011551739e-01
1.767902769067278834e-01
3.051694285752244440e-01
4.262044817609434433e-01
5.672684456625857186e-01
2.841797327156766473e-01
3.950430724709457775e-01
3.698822867465382802e-01
2.821376239586306789e-01
1.964511160091012287e-01
2.734914626675326588e-01
4.351758040604615241e-01
2.592683495914822611e-01
6.097608937316256750e-01
2.619045026164577572e-01
2.500486770795336544e-01
2.068752725829547390e-01
5.587189766176170469e-01
4.169705084163795039e-01
5.156904527100194535e-01
2.884047220889675578e-01
3.335205109723747841e-01
3.775180973003634116e-02
5.508883836367696185e-01
3.020034704877220255e-01
2.872939847307356409e-01
4.848207833988342208e-01
4.788431260008764179e-01
2.255116238721757704e-01
4.107207664212623732e-01
1.605976809521602600e-01
3.104921776244007892e-01
2.207693994678518179e-01
5.525413556667116977e-01
5.144408185617833640e-01
3.569876818144649966e-01
3.839369041714638109e-01
3.200850411877109725e-01
5.987989072356373343e-01
2.984637544626391747e-01
3.864202958080443229e-01
3.546253865951001782e-01
4.796506734012213058e-01
1.446448764130286169e-01
5.068153697920807499e-01
3.183730275527075215e-01
3.245832068350875677e-01
5.686176548199288749e-01
1.935843093088890632e-01
3.702338605575408725e-01
3.387467804357084389e-01
4.351595006248429875e-01
6.004105218289074175e-01
4.286250002694177441e-01
1.303024401282139033e-01
3.459466788216343236e-01
3.938653748742484417e-01
5.132951112670069982e-01
3.126643001870495486e-01
3.152907775847368366e-01
4.591024337923509391e-01
1.777423769668240450e-01
3.530684678949714272e-01
2.648814859503744734e-01
4.015578586149415319e-01
3.376790856858146173e-01
4.855087834967793947e-01
5.051191701414298185e-01
1.768358568869720093e-01
2.407839642414018599e-01
3.530684678949714272e-01
4.095074930244763656e-01
1.917142197531734316e-01
3.183526268206554044e-01
4.254960532830301401e-01
3.854007254781889880e-01
1.676255334242955641e-01
4.184980543238741024e-01
5.504589249186322419e-01
2.907004531834312955e-01
2.183847952905286771e-01
5.132951112670069982e-01
3.226102910416386860e-01
7.330625138777889516e-02
3.627206322885409562e-01
2.440595796806965256e-01
3.035373083749123846e-01
2.770997215144269665e-01
2.929950046681227271e-01
5.431970839752487956e-01
3.901676176442577249e-01
5.582652799277083577e-01
3.636863538324577316e-01
2.732600013821162022e-01
3.320746890826457576e-01
4.386607916593289191e-01
2.574599298558867821e-01
5.582652799277083577e-01
4.814935252902119434e-01
1.720533806508000862e-01
5.614428064853541622e-01
3.176353656650752755e-01
2.497802710064251086e-01
3.747153314369531252e-01
2.024319625837833203e-01
2.623958211561835396e-01
2.426284400816730025e-01
1.409212325223769269e-01
1.205290141575089818e-01
2.377966789405645542e-01
3.885391194248898339e-01
3.063791827872655027e-01
2.485094139644223321e-01
4.010418091182342271e-01
2.709112452225215240e-01
3.042823004942462606e-01
3.068584123276611453e-01
4.746295846318089318e-01
3.153264535825363590e-01
3.706803729468537423e-01
2.939313676591215341e-01
1.491440543275276975e-01
6.101870617241139660e-01
4.369908049355365476e-01
3.047208192058114551e-01
3.083729601806606269e-01
3.495277585197613113e-01
3.601556692174308072e-01
4.142126119505885606e-01
3.272386464642493831e-01
4.331450169171655595e-01
1.854921373153501918e-01
4.643470493110269937e-01
3.790918548806205268e-01
3.639921056919808162e-01
1.834102622280199824e-01
2.161918404388822879e-01
5.418291850345239302e-01
4.561894493556341024e-01
3.387171598512250248e-01
2.936534572510769436e-01
1.541921085460253027e-01
4.814935252902119434e-01
4.838000912495875605e-01
3.897369826424131878e-01
2.839899379831065662e-01
3.613307035714463655e-01
1.839780203956590809e-01
3.069360292786770250e-01
4.373907077195806625e-01
1.318972898982736230e-01
3.004555661515657117e-01
2.993606999444300976e-01
1.313649130598549264e-01
1.550570483428442281e-01
3.177697539738490451e-01
4.480995038508548411e-01
5.287989766365839284e-01
3.818899405027204041e-01
4.769854072245677812e-01
4.531764319522230133e-01
1.423650947361303487e-01
3.410440402728394660e-01
3.701534421242628214e-01
8.492210642144977506e-02
4.758676947960222003e-01
3.446958036353613419e-01
2.515473535735576749e-01
2.352493387135186353e-01
4.498057350177586677e-01
3.270456784577037146e-01
5.671636134957841469e-01
4.515203209483515945e-01
3.915609602553492552e-01
1.354899770438692808e-01
6.031676727364203572e-01
5.587189766176170469e-01
1.649002610837044247e-01
2.699036807403690230e-01
3.122708254395512029e-01
4.125191529775724120e-01
3.411467980144197720e-01
5.442427298238985411e-01
5.766753346869615271e-01
6.468868585294914597e-01
3.641457607524898332e-01
3.775709249323493388e-01
5.322328027022269481e-01
2.929178485850009728e-01
5.129813072117784811e-01
4.843274456257798399e-01
3.398867855037055463e-01
5.354761967820164115e-01
4.353070695059337858e-01
3.529669050422749588e-01
5.211873409112632860e-01
4.276763861334156869e-01
2.905196987997171187e-01
5.545836104588030002e-01
2.564583172632744490e-01
2.120883887061293105e-01
5.624788212967758438e-01
6.071669526822016244e-02
4.171046205578112231e-01
5.676563261764806523e-01
4.070892200256964188e-01
3.987195154443193279e-01
3.101815444525385379e-01
4.075695570418277347e-01
3.098507168685993296e-01
3.446579450112856047e-01
3.414742320765106753e-01
5.386202903570082023e-01
2.757283356102127603e-01
2.538261150839289382e-01
4.283787963044265457e-01
2.852737013009959410e-01
4.428778555392064997e-01
4.994125097173466865e-01
2.144585685706705547e-01
2.561181453073421710e-01
4.499849454836335472e-01
1.876506055492855873e-01
3.914284994012955377e-01
5.211407065683854034e-01
1.964815871307920292e-01
2.821591134573023241e-01
4.006522726396822831e-01
1.536047532028720908e-01
3.740038380939982865e-01
1.766558196860430197e-01
4.161064586537909227e-01
2.016148465099307785e-01
1.564667340944563279e-01
3.399414360792100132e-01
2.531391287082597197e-01
5.141780792720730409e-01
4.576888384591038528e-01
4.015531531682940414e-01
5.525413556667116977e-01
1.687295036952214944e-01
1.569449124943438356e-01
3.140661059707642311e-01
2.871052312644179483e-01
4.359663818767139376e-01
3.790918548806205268e-01
3.350592216488624264e-01
5.319422441001588897e-01
6.127027731509384623e-01
2.978170445524874754e-01
4.441359604476516898e-01
3.396846723772536381e-01
1.986272625908120371e-01
6.306330680702929570e-01
4.060503841913802314e-01
2.606195254926893523e-01
2.045407096785576417e-01
1.464174858609465502e-01
5.358402383480113107e-01
5.559997072008773245e-01
1.150318650680346583e-01
5.528708054281870066e-01
3.699971328638114731e-01
2.632164040292558904e-01
2.524291343812654631e-01
3.950430724709457775e-01
4.808636579500421004e-01
3.889258819651561505e-01
3.097208266471025429e-01
2.029979781011939932e-01
5.319422441001588897e-01
8.266761811835195151e-02
3.027911161697179887e-01
3.823607325435577908e-01
3.754753783662826416e-01
2.911725058029380753e-01
2.892470472416583949e-01
3.083729601806606269e-01
2.970768640020653439e-01
2.577353813663735838e-01
3.968999908089024253e-01
2.334509803248223936e-01
3.015009195143665277e-01
5.169177985842644540e-01
3.140789005116516597e-01
3.690401518031947714e-01
4.806282801710116265e-02
4.724245245662651027e-01
4.497966259648706888e-01
5.554231404695433305e-01
1.669974726571676338e-01
5.366822978312529857e-01
2.349638869725786394e-01
2.345932464934439299e-01
4.197120231800826606e-01
8.003172463039302797e-02
3.988383047156970340e-01
2.161918404388822879e-01
4.939066267967024415e-01
3.029201990928535593e-01
2.928818086948926647e-01
3.887203710553350788e-01
5.132951112670069982e-01
2.807289563986944958e-01
1.397441544053027174e-01
1.550473205379098995e-01
5.187632537428257251e-01
3.765116109310281955e-01
5.478723908602557424e-01
3.164002059284765078e-01
2.248523275080838713e-01
2.781801638245388064e-01
2.932297865098345557e-01
1.519974445126804630e-01
1.268533761111162173e-01
5.579020276785352506e-01
7.094547545258378385e-02
2.853222154942872124e-01
5.187632537428257251e-01
2.196952450837938164e-01
2.558127945504810596e-01
2.326131129308692536e-01
3.588350070531234337e-01
3.654067772151637916e-01
2.199860294425299290e-01
3.034314204942631932e-01
5.218283104488266044e-01
4.340977126547315712e-01
3.450442298454532430e-01
4.041056111701191167e-01
3.637795164998887110e-01
3.475789155381641127e-01
2.861664261101263262e-01
1.658977347001300284e-01
1.718074416276812177e-01
3.661262713037546357e-01
2.512565479072170760e-01
4.449334844390273047e-01
1.666198729065284101e-01
2.605700141035081074e-01
2.848739351974390877e-01
4.152951987411676593e-01
1.462361966043899675e-01
1.283598638690056637e-01
2.018336536767703360e-01
4.186052833363315684e-01
3.557730121979176263e-01
5.114233999427409971e-01
4.629956801862259996e-01
3.443951837903335700e-01
2.988712950354662778e-01
3.085303940668707723e-01
2.976134855231769571e-01
6.287396492861524466e-01
2.055488313805523548e-01
3.803327462588867447e-01
2.733245653985628687e-01
5.582652799277083577e-01
4.746796751720741558e-01
6.287050981219908241e-01
8.857508203075761810e-02
2.172297729347077710e-01
2.756249843738928784e-01
3.556563510885002444e-01
2.905520547609189430e-01
1.593528674155754166e-01
9.690257895007389766e-02
1.884775695821738761e-01
5.731944484381694682e-01
2.240832978124003283e-01
4.015578586149415319e-01
5.713043236018036097e-01
5.431970839752487956e-01
3.318038697414348870e-01
3.291505553639264559e-01
2.917750925493552971e-01
4.040775681798840502e-01
3.642189015474704417e-01
5.319422441001588897e-01
3.053828947051656639e-01
6.404071170545652114e-01
2.011003240928582181e-01
1.537380696871704089e-01
2.282586751830409377e-01
3.675569088748285584e-01
2.212818180448150041e-01
1.638781491204221730e-01
4.446231670354696131e-01
4.559299134823642241e-01
2.289214338769526846e-01
2.797743256188224836e-01
3.227019380627836886e-01
6.205291569964137555e-01
4.345183186348719473e-01
4.104627226000042151e-01
9.352128891405397937e-02
4.734074613033934509e-01
1.834976265246026084e-01
2.458251196812037964e-01
4.048635338871905964e-01
3.208547773604076836e-01
4.275106026804931236e-01
4.765066203626477925e-01
4.355141259966266998e-01
3.066823832430454755e-01
3.040551285855223052e-01
4.806017186829256160e-01
3.240596097691128552e-01
3.013327808955412190e-01
2.605743350778189638e-01
3.129364186684969185e-01
5.350211428496716159e-01
4.814935252902119434e-01
2.182802644444364892e-01
4.152356519899706444e-01
6.195765329771262264e-01
2.037187448254401401e-01
9.574809198679304356e-02
3.594631850640458426e-01
3.965126870554821492e-01
2.302632279879344157e-01
5.315408337771123648e-01
3.083729601806606269e-01
5.524186709494756098e-01
4.271547920862022729e-01
2.135786117978464016e-01
4.248019956929782182e-01
4.195459083679254908e-01
3.659749926128133546e-01
4.990443966319226821e-01
4.796506734012213058e-01
2.428412279022147680e-01
2.875762839856068620e-01
2.574299897612756238e-01
3.040645165081802270e-01
2.156251334117513796e-01
2.852394388808598968e-01
3.761035913008884402e-01
3.999384718390708304e-01
2.384777103085075622e-01
1.957090067566846781e-01
4.186386637255813392e-01
2.786056471673160617e-01
3.328984096823729977e-01
2.481149855716988095e-01
2.979768325652050742e-01
2.910819360111243648e-01
2.608718822623402045e-01
4.803253342111808433e-01
6.306330680702929570e-01
1.789485393403857927e-01
2.286705333001743667e-01
5.470142371716776308e-01
5.099935085535822754e-01
4.328131427660577013e-01
1.818280792571602966e-01
5.620991104302598407e-01
5.104380571093382057e-01
5.187632537428257251e-01
4.901908768018457541e-01
5.449886753805786022e-01
4.188556252381142042e-01
3.032655353884762817e-01
4.106217881290204486e-01
2.921530776038473998e-01
8.766237089649749070e-02
2.046380764922632045e-01
6.128984867202769138e-01
1.570243563905502904e-01
5.321405488820819540e-01
3.843986405843338172e-01
2.010332535745470994e-01
2.119018633916038008e-01
4.013257021819210957e-01
2.447337297317855875e-01
3.882561097433031572e-01
5.923191657607110860e-01
5.438418886737407254e-01
4.177304584740632598e-01
2.931041819232070300e-01
4.068569968634950795e-01
2.855037369517628987e-01
5.189214185318395955e-01
3.302145083945328685e-01
4.490413605659275831e-01
2.875730886764500949e-01
3.375340426393415583e-01
5.190038026695861229e-01
2.612809370262998421e-01
2.890512626816181818e-01
2.632376023932925246e-01
2.932893510346918919e-01
2.713857563238279424e-01
3.843657012105271553e-01
3.421254374754509886e-01
5.451736255954046095e-01
4.299001307853643761e-01
3.019513190343750542e-01
3.172719142677549176e-01
1.829815373229932707e-01
2.116130975386195656e-01
2.917337851075991750e-01
2.226630047195164719e-01
3.248454016895184204e-01
6.287050981219908241e-01
2.948702455710870418e-01
4.183487325025410097e-01
3.834409505521551575e-01
5.265798690390692816e-01
4.132664204372468730e-01
3.609494766428862356e-01
4.043437389293726425e-01
2.067331113640036577e-01
3.943837909702072597e-01
5.051554649952153531e-01
4.412598266294090466e-01
3.692857602985952781e-01
3.810308933499071959e-01
2.610263797527729857e-01
4.507479767248656621e-01
3.805666378584891540e-01
4.438129387227221501e-01
3.012893970537127153e-01
6.241533265953668197e-01
2.909188779567249417e-01
4.213270892934610767e-01
3.996901849258165940e-01
3.543987885365438850e-01
5.461701701483048094e-02
4.607816471246443113e-01
4.015578586149415319e-01
3.838184822223995596e-01
4.765066203626477925e-01
1.200990870878310968e-01
5.503216301486668627e-01
2.913577295866178196e-01
2.920573135377574348e-01
5.114233999427409971e-01
2.766315822183783579e-01
2.255458312043586988e-01
5.431970839752487956e-01
3.105499949256901315e-01
2.960418644720126391e-01
3.387467804357084389e-01
5.026519451560410578e-01
1.466311969763695600e-01
2.668320656576466110e-01
4.476862878676481916e-01
2.489839545845564661e-01
4.603186769495047903e-01
5.472698211599221763e-01
2.148148357713346446e-01
3.513941236101521537e-01
2.676658482279102858e-01
1.996601658683413716e-01
1.645770784603761139e-01
5.285517335880705048e-01
4.277967798154414525e-01
1.530147657988973064e-01
4.068039680565408989e-01
4.362083248405054792e-01
2.101863017806044343e-01
2.648292687033023673e-01
1.668638740809738341e-01
1.344531359131516945e-01
1.794735985237864706e-01
5.505979814637003145e-01
5.856499233902776602e-01
3.714000466429594471e-01
2.508645302880471162e-01
2.979768325652050742e-01
2.129682722015819318e-01
1.511097402948648472e-01
4.472750556743890216e-01
4.041741812240884357e-01
3.613718124886923788e-01
3.489601023168051319e-01
4.907626729164444312e-01
3.308355861919424767e-01
2.478422784806699197e-01
1.915167578169321982e-01
3.328984096823729977e-01
3.245311276197168082e-01
2.795286969591523896e-01
2.126325736992570326e-01
1.798669726578157879e-01
1.553714510897890588e-01
4.023157813320129561e-01
1.941965068243252657e-01
4.310189275111295237e-01
2.605133041740148592e-01
3.102619897022163564e-01
3.813300270674766512e-01
3.805515992630608690e-01
3.594693209265613087e-01
3.067188647722341455e-01
3.771745290681851603e-01
4.122345395089747622e-01
3.155607036695917689e-01
4.559299134823642241e-01
3.078544639473209665e-01
4.208944712292457258e-01
2.720443835251994402e-01
2.057544633799306688e-01
2.960933910408807268e-01
3.458463665694119227e-01
5.188648567161823211e-01
2.901516302004137349e-01
4.219598562348131909e-01
1.528833529671657088e-01
5.610758668772699576e-01
3.689428542132189293e-01
2.950893705850218263e-01
1.990772225505309245e-01
2.013282068440557515e-01
1.648657381910960396e-01
4.765066203626477925e-01
4.398071577228723772e-01
5.283633072194665603e-01
3.210409694447869389e-01
3.845599973564393093e-01
2.970056805963905977e-01
3.932916457961344037e-01
3.412688623165768820e-01
3.950524909518267069e-01
5.585135877328090137e-01
1.017933607004577884e-01
4.273618567881183328e-01
4.236133738433696672e-01
4.068471277007943976e-01
1.915274610943939193e-01
5.402272693509977408e-01
4.478799140193236439e-01
1.734752623555228523e-01
5.035438426064801076e-01
3.165998000803199042e-01
1.746875217182143614e-01
5.319422441001588897e-01
3.829433065642036671e-01
3.065802641059625633e-01
3.783339321635491026e-01
3.112276609393986315e-01
3.839336673904329422e-01
4.053157798930220879e-01
3.280337992830339444e-01
2.902283111759251799e-01
5.187632537428257251e-01
2.979768325652050742e-01
1.719517610471180125e-01
3.323564041973354755e-01
2.908182622010630491e-01
3.803705553038047582e-01
2.240832978124003283e-01
2.164689263985425660e-01
3.781632865231616680e-01
3.306234444595446131e-01
3.663476603286208166e-01
4.220128370217026137e-01
3.956996484256121160e-01
3.098856650817812253e-01
3.636942070878949052e-01
2.988172226755899108e-01
9.808099528864942795e-02
6.468868585294914597e-01
3.716697121514024871e-01
2.110402176464989954e-01
5.183702445924703167e-02
5.079617162110522388e-01
4.014939819506337382e-01
3.268049107382240970e-01
3.013573156146823750e-01
2.948001750460036985e-01
2.799189990563123454e-01
2.816050205320276834e-01
3.600248430204295857e-01
2.647254433987675237e-01
2.878616900970913939e-01
4.489148026458935070e-01
5.118389637121435465e-01
1.690353247784742996e-01
3.415997640094038945e-01
1.426130237855687544e-01
4.095074930244763656e-01
2.138013024574979271e-01
1.849394401940787636e-01
5.102501298583770328e-01
4.970148219432917736e-01
5.178133749745124081e-01
4.149057514427359483e-01
4.623204143442385394e-01
1.622679424920807634e-01
2.843604645445119150e-01
1.664661114119364571e-01
4.045391518016389631e-01
8.047949292109625452e-02
4.510729082347944563e-01
6.201000794245478120e-01
4.276470316341395295e-01
3.812160095561691886e-01
5.088421948123072330e-02
2.773013498668919219e-01
5.114233999427409971e-01
3.817314435229556269e-01
4.136936434160060627e-01
1.834853770426318753e-01
4.647191473342481283e-01
2.447897811003909019e-01
5.587189766176170469e-01
2.994387186217452035e-01
3.235405900962796122e-01
2.088306867258361565e-01
2.617161440164300634e-01
6.404071170545652114e-01
2.598171749651090878e-01
2.891725083560048315e-01
3.093272555476561103e-01
5.132951112670069982e-01
2.045896587548595436e-01
1.441094639165775015e-01
3.266941723113378493e-01
4.723633845259501696e-01
3.130659985265449308e-01
4.202252020747376804e-01
4.123964209678483428e-01
2.631636934851550591e-01
2.191526549388770617e-01
1.014436914774777404e-01
5.205085652390888384e-01
4.533468880069002616e-01
2.979768325652050742e-01
3.875106348248334442e-01
3.062702049921470770e-01
3.351658490592966388e-01
2.272111769240147683e-01
5.618644274350449441e-01
2.240832978124003283e-01
2.772290595051791762e-01
2.499520284880085985e-01
1.883083512394684855e-01
4.282331763935393054e-01
2.798542136486580345e-01
1.397475017779978568e-01
3.023805479422025377e-01
2.862254045199509322e-01
4.047945207389874733e-01
4.074297952670209444e-01
5.649933292077351510e-01
3.324798797904863767e-01
5.113571187412517816e-01
2.060286330041436464e-01
3.847809076358115199e-01
4.143718792262404138e-01
4.465229640691191215e-01
4.317128736780009302e-01
1.993178211603886252e-01
6.356320186544015538e-01
2.715913775134947139e-01
3.759497192146322164e-01
2.635949889187991779e-01
5.536884863094678755e-01
1.767232335166351864e-01
3.606140050405642339e-01
5.431970839752487956e-01
1.400312074387047856e-01
2.700830794407401148e-01
1.755271647112282285e-01
3.535630972206763589e-01
2.946288310358867735e-01
4.018295907531407307e-01
2.855037369517628987e-01
3.542760588134896138e-01
5.654438740352123460e-01
5.522648836778792925e-01
3.790918548806205268e-01
1.585517956560829334e-01
1.626886434729553355e-01
3.647657333608335661e-01
4.458249932595484966e-01
5.464216943103178403e-01
3.054194649987164167e-01
2.436674075034393483e-01
2.435059584330275806e-01
3.541960253722458152e-01
3.736890401689448860e-01
3.312130173526574572e-01
5.708513734056286371e-01
2.600156170511567222e-01
1.751222359310135313e-01
2.632439696252109051e-01
6.423100649112508664e-01
4.851343791592364618e-01
2.770987284761183278e-01
3.646309421824256991e-01
3.925337230790629794e-01
4.798920164260221388e-01
3.977389877137724183e-01
3.024105704608642253e-01
3.584775171077804190e-01
3.100865811366191327e-01
4.304876726999812275e-01
1.401457631489197442e-01
3.783339321635491026e-01
5.068153697920807499e-01
4.090910992978942229e-01
2.363974092814815076e-01
3.113741705726976172e-01
3.980864391789137868e-01
4.267078400326602128e-01
7.919232859771214994e-02
6.404071170545652114e-01
2.158383021706855587e-01
4.468082785059345752e-01
3.526029242809075037e-01
4.070725706793084098e-01
3.715183071739272536e-01
2.384777103085075622e-01
3.670587414473834298e-01
6.195765329771262264e-01
6.113143496861764836e-01
4.689331894839908199e-01
4.788431260008764179e-01
9.843314461285222750e-02
2.855037369517628987e-01
4.523756329300679391e-01
3.774386580294661897e-01
2.786580424628100072e-01
5.303951338620429556e-01
3.207229142626144558e-01
4.015578586149415319e-01
5.180858203457945343e-01
4.420164847141693221e-01
4.223011399280020561e-01
1.980256320881083609e-01
2.674689310387671770e-01
5.192202298289743112e-01
2.934596488933982616e-01
3.987920821812531713e-01
5.132951112670069982e-01
3.018373080712582479e-01
3.431765084480821737e-01
3.568593101495611264e-01
3.896849033231029047e-01
1.840211900181078220e-01
9.731990719700700510e-02
5.632978452327462582e-02
4.105630057491571061e-01
3.650552880109419474e-01
5.691551737549778167e-01
5.987989072356373343e-01
4.253138117324623546e-01
2.972824435119789666e-01
4.143410884904823455e-01
3.633474718700829276e-01
5.923191657607110860e-01
4.348585377793527385e-01
4.343382314390270560e-01
5.244913395348880236e-01
2.058922326338690767e-01
2.029979781011939932e-01
2.998183841706243413e-01
4.497877062898138489e-01
4.571014077597884140e-01
3.040343552302405272e-01
3.218886824071665043e-01
5.406313180751773917e-01
4.288814194118186762e-01
5.893253689598820788e-01
5.431970839752487956e-01
1.578538937584234025e-01
4.545649910580769615e-01
3.387467804357084389e-01
3.614895127855715096e-01
2.626684008173436613e-01
1.943425334506093671e-01
4.405495329565566331e-01
5.987989072356373343e-01
7.211931969893409233e-02
2.796494557807613912e-01
5.185310973098052889e-01
2.660017888639280015e-01
4.283263482076492545e-01
4.347397785465004216e-01
3.269911586381331614e-01
3.328984096823729977e-01
2.118705470336218477e-01
4.743378340511639757e-01
6.942097923495868517e-02
1.581070776788864596e-01
3.688694072123709367e-01
1.578538937584234025e-01
3.172719142677549176e-01
2.903378399545137878e-01
3.604701944051467710e-01
2.033790312428531422e-01
2.939772351361169545e-01
5.431970839752487956e-01
2.129510133537660943e-01
5.031811776156747129e-01
3.102815277361355428e-01
1.618652772030997888e-01
1.797312129708293349e-01
3.138840809262458675e-01
2.504048879449702336e-01
6.086066919264565556e-02
2.618254589913970865e-01
5.400538165116738343e-01
3.178356903039642467e-01
1.904722818077385360e-01
4.338856932591652615e-01
1.780172768702034947e-01
3.212145777776538313e-01
4.011423000425156649e-01
5.974442878176660088e-01
3.253817311405391988e-01
6.022395872820368590e-01
4.091289469043792870e-01
3.174431745026073393e-01
2.495393992434718211e-01
4.961505382128119646e-01
1.537977113351620129e-01
3.984693658306747710e-01
4.171132647931027337e-01
3.069630956530499111e-01
2.368240855382914289e-01
1.906074381257296391e-01
2.505673524006905017e-01
4.493867995538100013e-01
3.387467804357084389e-01
5.139362863969687556e-01
2.897628768023116086e-01
4.678741683842767007e-01
2.444883808773412326e-01
3.083729601806606269e-01
5.550599618095604093e-01
3.881941172948691898e-01
1.947830750333868766e-01
4.214834748455304481e-01
3.384147329134577498e-01
3.970941617076760299e-01
5.459389294745493615e-01
1.481358286859988938e-01
5.664412210532854264e-01
2.694201969548433162e-01
3.818544986806911568e-01
5.778296447451553020e-01
4.097513749802761951e-01
2.695444768321089146e-01
4.337119142575833752e-01
5.321405488820819540e-01
5.167121127961772642e-02
2.830638467126239122e-01
2.046380764922632045e-01
4.129388107173433964e-01
9.789310327319025729e-02
5.503862713921874317e-01
3.380888353894991316e-01
2.945826319917776437e-01
5.461080397201393266e-01
4.543706640421231735e-01
5.237663029745817100e-01
6.468868585294914597e-01
3.267549513696508812e-01
2.364436514604972839e-01
3.012805543978506195e-01
2.635898156403088111e-01
4.506513946546424343e-01
3.171197276649834196e-01
4.743378340511639757e-01
3.761856166393633960e-01
3.985454215059491823e-01
5.051191701414298185e-01
5.184222808808135879e-02
4.128511046675726881e-01
5.933840547668218779e-01
3.846673798875886452e-01
1.819521068731767000e-01
4.196008647335391917e-01
2.754845051044823023e-01
8.942648536629481393e-02
4.157778601570996657e-01
5.347793499745673307e-01
5.046778200130167535e-01
2.183092145149855001e-01
3.088306553205059091e-01
2.690600085313163969e-01
2.623699171376203676e-01
4.135906830962738367e-01
1.705386914400343068e-01
4.788756037792122333e-01
4.089984868863566492e-01
4.047007366170822240e-01
4.527274233510595880e-01
1.042621723228343844e-01
2.831356726724983952e-01
4.239911807455003512e-01
3.891550515917251984e-01
3.972832470529260029e-01
2.350291942606335671e-01
3.277333699591721827e-01
5.302025563563268484e-01
4.122624258623319715e-01
4.485990976405261343e-01
2.290106611857442021e-01
6.291522771794753055e-01
2.218228283088136965e-01
5.039642988097520204e-01
4.013744564755361011e-01
2.473273652509491993e-01
2.681280981020786602e-01
2.546541329597533099e-01
3.551789667866531719e-01
4.876502014895437997e-01
2.881495500130965559e-01
1.579649199938795157e-01
6.917443725860260295e-02
2.551193638197591929e-01
4.245254623798206950e-01
1.899700691575664790e-01
3.855885514920440182e-01
3.809640463015943612e-01
2.235142320854224540e-01
3.074508888755981828e-01
1.767902769067278834e-01
2.785280996479089777e-01
3.749667686535458899e-01
3.921265090842518952e-01
2.963628291296231398e-01
5.114233999427409971e-01
2.341775810711770600e-01
4.060947888233729652e-01
3.534409919663428212e-01
2.064527720969265845e-01
5.417067735743230639e-01
4.411481310233534847e-01
3.004386177711381167e-01
1.790147031941410893e-01
2.502697745540067298e-01
3.659971916027445760e-01
5.367173425003225473e-01
2.239769972918008167e-01
3.745009218478610458e-01
4.827854504600151420e-01
5.925645574382435443e-01
2.104769223306348358e-01
2.537864776386669630e-01
1.659613485013561318e-01
4.494005393208204135e-01
5.214271874146523267e-01
3.531153641654751763e-01
5.386202903570082023e-01
1.424865436123061435e-01
2.509565470221147843e-01
4.632245550402763201e-01
3.806398551529668328e-01
