2.957846043548414405e-01
2.136151866647366671e-01
3.248498533158236667e-01
1.781985824452669009e-01
2.858014529340874854e-01
6.423100649112508664e-01
5.630454171086053394e-01
1.467127246523552975e-01
1.524140934108187961e-01
3.143688118822410282e-01
1.348372984059729163e-01
5.887566342803203234e-01
4.257159419407218759e-01
4.074895251596769574e-01
1.688801338034701116e-01
3.918488080104289284e-01
5.244913395348880236e-01
5.132951112670069982e-01
5.431970839752487956e-01
1.607871845500953856e-01
5.185479461161591752e-01
3.399807017327586278e-01
3.131439524495303051e-01
5.116319371560364981e-01
2.283374992878056675e-01
3.835085403523785241e-01
1.534408354645863393e-01
4.287360445903528050e-01
2.946288310358867735e-01
4.491313135805460877e-01
4.193065587994488363e-01
1.718093542190478884e-01
2.264966527042460986e-01
1.821262237821838770e-01
2.258530444537310000e-01
5.082481970573191621e-01
4.145568164486246876e-01
1.166974857077583833e-01
5.350211428496716159e-01
5.545157109187680566e-01
2.753684850941111595e-01
9.477352695549788597e-02
5.414865022112668180e-01
3.064864774895085242e-01
4.300796563959066177e-01
3.874302328140017959e-01
6.606120624158691446e-02
4.382253609913213666e-01
2.557004257280632298e-01
3.270117373146675943e-01
4.708590819928252791e-01
3.328984096823729977e-01
3.281711298081990136e-01
4.216197644162616442e-01
2.017646004079070854e-01
1.727783537040510353e-01
3.767880530892143143e-01
1.433419420717148840e-01
2.370735202558205690e-01
2.983831484185021088e-01
4.361149956619408963e-01
4.151551141301679793e-01
3.734961231967104944e-01
2.737953893488372925e-01
4.028391876169729047e-02
3.849993151551425186e-01
2.212660720369177270e-01
5.396544419483418897e-01
4.326138562752351868e-01
4.830691979044147710e-01
4.491368591704475444e-01
5.720163332124241773e-01
5.975875522508319326e-01
1.838189308566105240e-01
2.801377483288314263e-01
1.607706159647253885e-01
7.538370738187805120e-02
5.504589249186322419e-01
2.093373002798208093e-01
3.892756879725630670e-01
1.725458798396935223e-01
1.132563453131624209e-01
1.653626180155929049e-01
3.159313808393820477e-01
3.040418629906663783e-01
3.836736522519713644e-01
7.053828754659578759e-02
1.578538937584234025e-01
5.773311148805548854e-01
1.340962223125251318e-01
3.025751338715357286e-01
5.695701228259757443e-01
2.700674104520376373e-01
1.880072165819284269e-01
8.695220122350923175e-02
2.142364688072703194e-01
3.637618398151458154e-01
1.610029369340282568e-01
5.587589794103413610e-01
5.068153697920807499e-01
1.606703811474558818e-01
2.497802710064251086e-01
5.043966958985177662e-01
2.259451726109792391e-01
5.813703895637465369e-01
5.342730482391849778e-01
4.423199232954219129e-01
4.364853642352544694e-01
4.354615313451064007e-01
2.698775886951886305e-01
3.159349700793729898e-01
4.252725462822779523e-01
2.240832978124003283e-01
3.359444303824042355e-01
3.204253140689308221e-01
1.978723088025921006e-01
5.068153697920807499e-01
4.260921947389389453e-01
2.565707172675525394e-01
3.005240490002659137e-01
2.822904799320016811e-01
3.838184522878137495e-01
4.499849454836335472e-01
3.797698972593819278e-01
4.110680470098097006e-01
1.942970041928578639e-01
3.494561310843969371e-01
1.723172321974646704e-01
5.423177185144339996e-01
2.191961991594066628e-01
2.070706455424400072e-01
2.944034338947073004e-01
3.083729601806606269e-01
3.846673798875886452e-01
2.747627626998297434e-01
4.113822442682956160e-01
3.706743269920352302e-01
3.950430724709457775e-01
4.151132997753041454e-01
3.387467804357084389e-01
4.601434548514316547e-01
3.317577349319578150e-01
4.299036307412955060e-01
4.840378804777785149e-01
3.052314013790864422e-01
5.773311148805548854e-01
3.968668665266646411e-01
3.668882756223900143e-01
1.616702699028954304e-01
3.098106790482520467e-01
3.485533576089904773e-01
1.616572530353445614e-01
3.365181320204812532e-01
4.564050805460702631e-01
4.015578586149415319e-01
3.866879407319447903e-01
1.375445805801863985e-01
2.301750368523581558e-01
1.731728118234812930e-01
1.664766103442741618e-01
2.565201517236165851e-01
3.819434577215451987e-01
4.194475506986414803e-01
2.701921372692998036e-01
1.605463851290578337e-01
2.674400032112784209e-01
3.745009218478610458e-01
1.349291860471392990e-01
2.045407096785576417e-01
6.205291569964137555e-01
2.960670004813584777e-01
6.201000794245478120e-01
3.552452030862637278e-01
