2.066252093430629988e-01
4.418836811714717538e-01
4.449334844390273047e-01
4.386311820924361782e-01
4.522504658249393850e-01
1.815805372785468108e-01
2.614177458789433417e-01
4.087995314429501703e-01
3.883180277710306938e-01
5.310368598715352606e-01
3.783339321635491026e-01
2.522193913654351416e-01
3.500485929768596405e-01
1.712621147548320788e-01
1.595746375867130584e-01
4.695372345020712435e-01
3.689383474989606504e-01
3.961264694701930322e-01
4.254475211081995001e-01
4.036042807587123527e-01
3.958659309961773398e-01
8.541512998529264544e-02
5.643464303355105738e-01
4.117212853620970670e-01
5.319232404193843244e-01
4.228608291656707485e-01
4.407079652859312024e-01
2.963972810315297912e-01
2.289905689462292671e-01
4.263377781849116976e-01
5.051191701414298185e-01
2.901535811454684644e-01
4.352410895212143194e-01
5.123326241135117698e-01
1.969109608263904798e-01
4.647660188671428050e-01
2.601853095660165982e-01
3.019513190343750542e-01
3.504396063322513521e-01
4.009177924158688899e-01
3.718158028044395991e-01
4.987393459484965041e-01
2.464997773729773189e-01
2.692636815822958551e-01
4.036159720853850774e-01
5.032062190400444779e-01
3.494758013294035348e-01
5.132951112670069982e-01
2.475091716066878111e-01
2.592683495914822611e-01
3.076547720923155094e-01
3.073051968306743098e-01
5.324690244183044596e-01
4.157778601570996657e-01
2.405177014014861225e-01
6.083409143282556553e-01
3.729476486190111961e-01
4.851162126074694547e-01
1.749340754397377962e-01
3.280337992830339444e-01
4.255367657748931887e-01
1.947830750333868766e-01
4.683261442512591244e-01
4.524017032518856674e-01
2.558959090713336382e-01
3.148368232287231394e-01
2.594035612053054995e-01
3.843157204304099572e-01
4.720523936981511626e-01
3.885311079734818374e-01
6.274560775288243741e-01
2.337892549684995325e-01
5.677613183062251156e-01
4.561596888685378604e-01
2.754230423319140031e-01
4.923809183322913063e-01
4.120176758035434816e-01
5.706547624223529125e-01
4.140617356095837032e-01
5.236259166271146626e-01
5.319422441001588897e-01
2.182349270590648871e-01
2.762143735019094715e-01
3.055306279146598469e-01
4.113537654595941229e-01
3.719867880152848416e-01
3.200740270271028032e-01
4.393960122151846504e-01
2.001844911346918887e-01
3.142308729989830018e-01
3.259079618264285605e-01
5.068153697920807499e-01
5.290498012335628220e-01
2.161918404388822879e-01
2.224757523479500565e-01
3.963285026671432565e-01
3.009555117765598808e-01
5.504568178563973291e-01
4.981910787301677135e-01
3.396112041727406550e-01
5.141780792720730409e-01
3.325732134384509209e-01
3.456129685786569206e-01
4.140288493488789578e-01
3.870277456773822400e-01
3.977389877137724183e-01
2.959054193037988778e-01
5.193679701063568244e-01
9.578270270830774313e-02
5.487066397032693832e-01
5.216435870300638600e-01
1.341291787324153661e-01
2.465549100200408739e-01
6.263137502437569060e-01
5.820434992840389787e-01
1.354138573418418867e-01
2.893712392900177344e-01
3.873928412941922694e-01
2.824539431427049441e-01
3.492161116256231601e-01
5.890126363133709742e-01
4.572721108787382027e-01
4.169993821953104640e-01
5.234011875053207197e-01
2.047486170182765408e-01
4.561621366445655079e-01
4.344952855301796868e-01
4.015578586149415319e-01
3.259962486903156820e-01
5.024492674300400363e-01
5.497572192497833798e-01
2.601162964178135306e-01
4.067812680780553691e-01
4.591044546887120825e-01
3.374526016489272084e-01
6.071598455567098762e-01
6.077954978595281332e-01
3.810530551294852852e-01
1.506124721522686116e-01
3.066643762384632654e-01
3.246346126262170673e-01
5.395481157546774265e-01
4.414032549752201495e-01
3.328984096823729977e-01
6.195765329771262264e-01
5.563527451041569982e-01
2.453187735636403466e-01
4.509443815960452739e-01
4.104093411262109137e-01
4.792137298932951373e-01
2.885528324950309420e-01
3.790918548806205268e-01
4.417354091394328219e-01
2.778101545701945896e-01
5.350211428496716159e-01
3.230615289379291655e-01
3.428608229833472465e-01
9.411421240198752924e-02
5.514694610320641788e-01
4.022629799447593468e-01
5.055740133883390719e-01
4.713670995620363735e-01
4.015578586149415319e-01
2.765827857253125299e-01
5.140288237641627012e-01
3.280337992830339444e-01
2.625306617058700831e-01
4.071048108518692810e-01
5.567580065948203316e-01
4.151151334765644241e-01
5.233230460754159097e-01
5.942221136173968521e-01
2.808192193610036247e-01
2.844487894502685243e-01
3.265091119206056658e-01
4.232120310810204011e-01
1.523536975775679203e-01
4.238495612594009310e-01
2.757298851407868900e-01
3.366607381006382349e-01
5.805346067810890354e-01
1.768358568869720093e-01
5.676326650691233544e-01
3.662668107541554030e-01
1.320509766603405744e-01
4.183575283856127425e-01
5.353603262366952720e-01
3.788553738354055178e-01
6.062230316760122140e-01
5.525425465019536686e-01
5.773311148805548854e-01
5.955528410783056392e-01
3.348940473855491207e-01
5.875440673605474284e-01
5.878411271725932918e-01
1.337631009909478197e-01
3.364072372685357748e-01
3.172719142677549176e-01
4.706954545576582105e-01
6.243987182728991669e-01
5.102603701891539334e-01
4.779605213684214871e-01
6.039438496262860001e-01
5.139230039639083314e-01
5.023992644068624447e-01
1.649126744783204201e-01
5.708513734056286371e-01
5.104380571093382057e-01
2.827644130255591026e-01
3.585419264622003999e-01
2.228652078576049134e-01
4.334165257932455773e-01
2.959570972086286167e-01
3.328984096823729977e-01
1.783020083101722886e-01
2.617974100766085610e-01
4.040244330427865127e-01
5.635990815951203992e-01
4.023157813320129561e-01
2.760624002870014082e-01
5.645709332848783957e-01
6.690752236056796143e-02
4.398221429973196983e-01
2.195660658087101313e-01
4.390821920493283570e-01
3.592749390305335355e-01
4.397311642034393286e-01
3.162439792999547361e-01
5.028948104792579921e-01
1.490001351792366591e-01
4.079458895616674408e-01
5.785704994473954699e-01
2.745848284035542486e-01
4.276170368673334332e-01
3.153976737828061427e-01
3.172719142677549176e-01
1.587760153702203192e-01
2.838777206005898557e-01
4.997392478003173655e-01
1.721734091932426436e-01
4.366250741442337380e-01
1.063701483941448811e-01
2.161918404388822879e-01
3.862127714855085325e-01
9.108992348368186165e-02
3.083729601806606269e-01
3.594248235805042047e-01
4.635644082136575750e-01
2.633673906501063922e-01
2.352493387135186353e-01
3.565722345612801769e-01
4.837200743347296883e-01
1.767232335166351864e-01
3.776337007730516948e-01
4.219418317683892861e-01
9.536212281699037174e-02
3.143412561605417044e-01
2.860401360422715755e-01
3.083729601806606269e-01
5.296566112511289504e-01
1.594488116088779717e-01
4.688216805533384490e-01
5.365392483450436290e-01
4.817664600088204518e-01
2.898074460745262981e-01
8.169823946192845965e-02
4.082534181635861792e-01
3.852980409100407178e-01
5.092546136312572358e-01
2.059993423237414245e-01
5.102207486466405761e-01
2.973034113381289867e-01
5.122426762958699475e-01
3.172719142677549176e-01
5.782960269433802258e-01
5.293633495975375025e-01
1.785071785062006533e-01
5.267020489219883528e-01
2.520285365535569477e-01
4.417868109808600341e-01
4.438129387227221501e-01
7.119566383567456358e-02
3.582828996847683967e-01
3.730159422977593620e-01
4.016356418692119123e-01
3.354676548544082704e-01
2.176109752295983246e-01
5.987989072356373343e-01
2.296105095411964947e-01
4.042263010798170519e-01
5.556396835215119401e-01
3.814985158585922909e-01
5.113571187412517816e-01
2.408468430861824827e-01
3.235049397715449859e-01
3.681565645263846220e-01
3.729132128277323210e-01
3.794763528902577732e-01
2.663400247381589314e-01
2.147986919868404565e-01
3.893444057246103207e-01
3.081778747179266253e-01
3.195896007178820608e-01
3.673940773046739383e-01
1.708322588837350164e-01
2.056529935531171971e-01
8.467217726355699692e-02
3.528370528626476044e-01
2.024174122962861533e-01
1.028882436418583901e-01
4.807328895434218596e-01
2.095026417818444675e-01
5.432178227706354473e-02
2.782558981187738811e-01
2.310884315969339575e-01
1.489266551256168136e-01
3.219537280794141365e-01
4.199062184007072429e-01
5.431970839752487956e-01
4.603139202606669755e-01
3.760376677553359248e-01
5.068153697920807499e-01
4.029927634235871969e-01
5.104380571093382057e-01
3.711973713075676917e-01
3.187497368533582787e-01
3.925337230790629794e-01
1.340842897421938296e-01
3.019598345925234018e-01
2.890512626816181818e-01
2.883864080470016633e-01
4.364472259098925444e-01
5.364851860673021111e-01
2.740748215356004214e-01
1.364789387400302534e-01
2.116102021989581528e-01
3.690401518031947714e-01
3.978958832971355997e-01
1.982060695601831068e-01
6.333164429043930399e-01
5.987989072356373343e-01
4.848826370879901759e-01
2.452391274011005706e-01
3.977622705851651119e-01
2.541730931044925423e-01
5.118335112520646657e-01
1.441812604615637927e-01
5.342662930009858258e-01
