2.084036259966896565e-01
2.720443835251994402e-01
2.637421493175210463e-01
5.431970839752487956e-01
2.805615007665475669e-01
3.745009218478610458e-01
4.199914015261671518e-01
3.220626228268447799e-01
4.321318149625634764e-01
5.386208000764833859e-01
2.453375187467935759e-01
1.498171824451176581e-01
5.981308328660736029e-01
3.408911231830224486e-01
3.557109968827861790e-01
2.421228909724568723e-01
2.944824348006194747e-01
2.129086920857945209e-01
2.820367906575239614e-01
5.279219570910533843e-01
6.134788076436423765e-01
2.127525377991884570e-01
5.431970839752487956e-01
4.049037843678246484e-01
3.633474718700829276e-01
5.925645574382435443e-01
2.164847768656715798e-01
3.713121272053253041e-01
5.024492674300400363e-01
2.483557848887968100e-01
2.996007163889573555e-01
1.996604887045342336e-01
3.819241817191914024e-01
4.016747734407615789e-01
5.874418604984977810e-01
3.462767506612212109e-01
3.977450589258977320e-01
4.796506734012213058e-01
3.595020638546485570e-01
3.570937069992387025e-01
2.873768132099904227e-01
3.838020746393678295e-01
2.469406309822361478e-01
4.345526589057189804e-01
1.468377793988475122e-01
2.276784404255491612e-01
3.032314360494692829e-01
4.647819861623081472e-01
5.423199798229375590e-01
2.252714102543523222e-01
4.325029835584708882e-01
3.527068254613022202e-01
2.481991930167522509e-01
4.228676126754231102e-01
2.879214698807238126e-01
3.789796491393316313e-01
3.922839172973971444e-01
3.920858529276163296e-01
2.937971093787049015e-01
3.099193148823033428e-01
3.135579310370985584e-01
2.389797487560205158e-01
8.107568447586044336e-02
5.114233999427409971e-01
3.511446281919350931e-01
3.951133913075760562e-01
3.098955738454444164e-01
3.793804135821133294e-01
3.484114321249026647e-01
4.547163119484690652e-01
3.262769554875852296e-01
3.492215432977952561e-01
3.973273151287073923e-01
3.280337992830339444e-01
2.706834879263416149e-01
3.280337992830339444e-01
6.006801040817836279e-01
3.242056805696989508e-01
1.856707354734298265e-01
1.977128004911607451e-01
1.567850354054455275e-01
5.967145958056282451e-01
3.719365768012206086e-01
3.806350026318786606e-01
5.319422441001588897e-01
3.309923995591341761e-01
6.263137502437569060e-01
3.704198402934519851e-01
1.600013333841553975e-01
6.097608937316256750e-01
3.150853044049666263e-01
2.566958165001653192e-01
2.999639121989634005e-01
1.728143129370809106e-01
4.011144443513210422e-01
5.041945789263031497e-01
4.588765265159381879e-01
1.463029197567781714e-01
1.313962311848089481e-01
3.676567192030408271e-01
2.578088835591141881e-01
6.306330680702929570e-01
4.566005273026246813e-01
4.198035811250469540e-01
3.245366659338508319e-01
5.192509451046306568e-01
3.908148871648609024e-01
3.669883734473535775e-01
5.645783801367372234e-01
1.596785409498380215e-01
1.670557988464158872e-01
4.205615038421184337e-01
4.178376739743812629e-01
1.174658230622054045e-01
5.961841058855112951e-01
2.513291771118109641e-01
4.734451599645261854e-01
3.280337992830339444e-01
5.418192376053541093e-01
3.030170767671117038e-01
3.357164223840681250e-01
3.910545478243630524e-01
1.563567053667088147e-01
2.508645302880471162e-01
3.463225896587842634e-01
5.132951112670069982e-01
5.238277387228711390e-01
3.190392692604063218e-01
4.474029399668175699e-01
3.387467804357084389e-01
4.743463317317124783e-01
5.716595408052943528e-01
1.647261083155580064e-01
4.902152669410950181e-01
1.436925009131671538e-01
6.287050981219908241e-01
6.138581686496866752e-01
2.078432844345050323e-01
3.639720870936257596e-02
4.124624583271906397e-01
5.140288237641627012e-01
5.350211428496716159e-01
2.488091402412755671e-01
3.854584783369672252e-01
2.870484355848090807e-01
5.708513734056286371e-01
2.863071737514139015e-01
1.928659647915451913e-01
3.662669795519588045e-01
3.646110003434165914e-01
4.143388427729089440e-01
4.578024912465862295e-01
4.168698837219176334e-01
1.533003878967336697e-01
4.341389100245210964e-01
3.456460734242018384e-01
4.467633845266154036e-01
1.974669603145387808e-01
3.000570460751434410e-01
2.090652026902198035e-01
2.826071578114080496e-01
3.046254774460484538e-01
2.933631165062722812e-01
3.975132502745583607e-01
3.053864706408962459e-01
2.991724564054666358e-01
2.683272587221254279e-01
4.018329951886400742e-01
5.364851860673021111e-01
6.659036604748623522e-02
3.134575255511141134e-01
2.941400373953229619e-01
2.619915500014009524e-01
5.900099134840771642e-01
4.260353530141164358e-01
2.784223869053746858e-01
5.443897741221608300e-01
5.123326241135117698e-01
3.764662584744241647e-01
3.554221995361231401e-01
4.273618567881183328e-01
2.920793961154105056e-01
4.749910275015726824e-01
2.366739232618857158e-01
3.845599973564393093e-01
2.698802554718146007e-01
2.727825709311159641e-01
3.055465204773001875e-01
4.133369632635731095e-01
4.428559005993012443e-01
3.610967577154071684e-01
3.510194412343555226e-01
2.447337297317855875e-01
3.402183384816530598e-01
5.587589794103413610e-01
1.433890691919238458e-01
2.937971093787049015e-01
4.117212853620970670e-01
4.358649837681790040e-01
4.287700675338022571e-01
2.544874482471307098e-01
4.195998624446120595e-01
3.708716902896586065e-01
3.479109842640797923e-01
3.682856528543759778e-01
5.690194094946517955e-01
4.071097674164311231e-01
3.786848317187940793e-01
3.079243445748755525e-01
3.724412288083180367e-01
1.726432466533990573e-01
6.134788076436423765e-01
3.083729601806606269e-01
2.797188977834821344e-01
2.079753757835151318e-01
4.786899118518709861e-01
2.205302746166478700e-01
5.132951112670069982e-01
2.148426587215760686e-01
4.827831830190791318e-01
3.120468051853797498e-01
3.825422132567361522e-01
2.521484010794147190e-01
2.104987277015505365e-01
4.325029835584708882e-01
4.431371250154505503e-01
1.144545440475018133e-01
3.577399369166219811e-01
5.407527897141111151e-01
5.400538165116738343e-01
4.449004754257327998e-01
1.571521495280074343e-01
2.085171117533407836e-01
3.983786761965781853e-01
5.041020415591092041e-01
4.705083454147697686e-01
3.062702049921470770e-01
2.508645302880471162e-01
5.026519451560410578e-01
3.300944258035325429e-01
5.169177985842644540e-01
3.059327445068403817e-01
4.325583405070489995e-01
5.987989072356373343e-01
2.237706838648370888e-01
4.526941622843949076e-01
8.085558741940290783e-02
6.016462380577716207e-01
3.897191634565690954e-01
2.884006359140641185e-01
4.932305136396331613e-01
2.445124605492021985e-01
3.027950232568041300e-01
3.995845305973004802e-01
4.559947764289108973e-01
2.352493387135186353e-01
3.387695488064074167e-01
3.724317831992187133e-01
2.522742138569289971e-01
3.134836373448058877e-01
3.738781388184552190e-01
1.459468579406334177e-01
2.387882034738174064e-01
4.431988302789517942e-01
5.456415414214548232e-01
5.186770290392948013e-01
4.336623521459094799e-01
1.071188291196643050e-01
3.216130566940205715e-01
3.759541730236676815e-01
2.889820320919097574e-01
1.389503700544238718e-01
3.542346395327947706e-01
6.205291569964137555e-01
1.396083121903261837e-01
2.828291243243256092e-01
2.983174800445058117e-01
2.958998645672184513e-01
2.655153150498253956e-01
1.990066257795865268e-01
4.025838987650353640e-01
4.427332544436323181e-01
3.387467804357084389e-01
4.668707443334643714e-01
1.836941368944093322e-01
5.237663029745817100e-01
4.146255570673694213e-01
2.866665338807937169e-01
5.006038122714787653e-01
5.158742789227238612e-01
6.195765329771262264e-01
2.071947094333538020e-01
2.468713998728300774e-01
1.795158982762744826e-01
5.068153697920807499e-01
2.564721899689489382e-01
3.752775888126299586e-01
1.757089133805254388e-01
5.132951112670069982e-01
1.808961549000249747e-01
3.085471581625043869e-01
2.151474606776971887e-01
4.253657325439831882e-01
