2.740371519775371967e-01
4.607309100804771185e-01
4.188324648074926437e-01
5.664412210532854264e-01
5.766987139103022519e-01
1.936818007460959778e-01
2.072254087023218949e-01
4.603482872439742524e-01
5.319422441001588897e-01
4.605661074009981815e-01
1.912209923639042464e-01
2.508645302880471162e-01
4.341267731090657778e-01
4.163359428013900798e-01
2.829896628844187911e-01
4.276496837552912211e-01
3.085244947707347918e-01
5.876900591670876084e-01
5.595982273291861819e-01
3.909488496333635710e-01
5.064972871698713019e-01
1.989393991440952525e-01
1.587760153702203192e-01
5.307835326184547897e-01
4.062130229536990988e-01
3.080360265648521834e-01
4.172064729860496257e-01
5.019204935516307087e-01
2.350341745234091340e-01
3.530678702426504612e-01
4.287234007617897746e-01
2.745993307749262646e-01
2.101074284085005517e-01
5.254625026252326414e-01
7.483380935225947272e-02
1.433890691919238458e-01
2.792859466969996318e-01
5.051191701414298185e-01
2.477129091001784023e-01
3.670985573568255056e-01
5.702189724353760036e-01
5.277117535191475639e-01
5.743002569836951343e-01
4.599785682927487462e-01
1.601152727329332448e-01
6.039438496262860001e-01
3.125011381931160903e-01
1.495605213314813997e-01
3.671874651554892233e-01
3.335119349214175632e-01
4.245596233549713827e-01
3.062702049921470770e-01
3.929064843404511120e-01
2.041117105810400512e-01
4.151551141301679793e-01
2.717660503950696804e-01
2.354608503644609330e-01
3.127764225688320909e-01
1.251950390342433383e-01
4.712117808453448187e-01
3.591636495162375819e-01
3.814969384722231016e-01
5.350211428496716159e-01
3.948548675455192808e-02
4.402986255197690602e-01
3.597957365890973036e-01
2.884394656452067829e-01
4.212322222255501791e-01
4.042672978463058286e-01
4.414001725443973956e-01
1.031103192912867228e-01
2.521096590732387899e-01
5.852284916105389145e-01
1.766761446461747875e-01
3.168707683668831598e-01
4.648020837027392882e-01
5.464215026458170144e-01
5.698620016680057132e-01
4.408002439476247925e-01
2.527609234058948995e-01
3.280200598278421587e-01
2.467611758426980217e-01
4.418836811714717538e-01
4.373505556696853924e-01
4.611427289084666925e-01
2.627284710080342589e-01
3.638644957999222496e-01
9.718701156388219464e-02
2.801877247434881868e-01
1.541809508449205890e-01
3.919812409047480073e-01
1.885311505159331102e-01
5.635990815951203992e-01
4.015546353460500706e-01
4.015578586149415319e-01
4.840250236771101444e-01
5.367173425003225473e-01
2.592683495914822611e-01
5.296266683501503758e-01
3.728313379937027716e-01
6.296867818680357276e-01
4.970148219432917736e-01
4.323911772568114764e-01
5.456415414214548232e-01
1.580913144170265350e-01
3.426723644974273286e-01
1.302349610235943311e-01
1.610342255401545908e-01
4.208851107466248798e-01
3.358365500848262131e-01
2.149542864551159393e-01
1.666322433741168063e-01
5.583684438649878512e-01
4.908289987079937911e-01
3.017296179830275538e-01
5.077489694466263970e-01
2.132917361892290309e-01
1.663824288615301239e-01
3.578165715351012133e-01
1.222065712133267729e-01
1.344181598441746839e-01
3.842663273244184552e-01
7.928836342628843570e-02
4.055190864532043360e-01
1.825608586891185325e-01
5.858953150678100075e-01
4.112479417096374656e-01
4.050603493195298332e-01
4.065495333277246992e-01
5.860907344882669845e-01
3.820603385591376244e-01
5.156282577873730899e-01
3.056737029699945762e-01
2.249533041418081414e-01
3.660987742039525372e-01
1.409448293951020836e-01
4.506513946546424343e-01
3.265090684738804483e-01
2.920918480715936072e-01
2.783308522428660781e-01
3.062702049921470770e-01
1.799024940975281206e-01
3.290646998536205792e-01
2.146738698570255233e-01
2.833426967340566538e-01
2.886629580944242157e-01
3.888564863194676202e-01
5.613706418904776951e-01
1.999609776896885960e-01
4.025519823641231509e-01
5.141780792720730409e-01
3.326809011360722934e-01
2.029979781011939932e-01
4.007082867979344099e-01
3.269973416891971407e-01
5.001685600676512022e-01
5.421665641351754994e-01
5.622335057029823613e-01
4.303555812470316044e-01
3.109455872333163340e-01
4.145948194447132695e-01
3.747653943293022261e-01
2.987805593561561612e-01
3.158846802870209913e-01
2.756803770776706797e-01
4.060399385800235184e-01
2.716844709571960004e-01
1.266978045095382144e-01
4.125729533276880634e-01
5.816489751630046223e-01
4.490971351435536496e-01
2.737953893488372925e-01
5.092546136312572358e-01
2.722426418461508235e-01
2.792304599279434307e-01
3.776671167096221082e-01
3.785544657660497858e-01
3.818899405027204041e-01
4.874498803845990214e-01
1.450305979988610883e-01
1.396493271462334040e-01
4.132608803561407251e-01
4.745686278368925759e-01
5.084975966432857541e-01
4.314454875635403419e-01
4.668320437991625993e-01
2.863526175708683841e-01
1.932476579928552318e-01
3.236455049989502286e-01
4.803455448378251558e-01
5.068153697920807499e-01
5.387208323156009726e-01
2.992179651871298973e-01
2.140992408704253946e-01
5.816489751630046223e-01
2.894004415178764167e-01
4.814935252902119434e-01
5.066983730619077919e-01
4.063778301025779971e-01
2.229550657675497261e-01
2.897028510977415761e-01
3.083729601806606269e-01
3.789483721744331124e-01
2.729668641441470589e-01
1.780230957171400341e-01
4.518144906177127829e-01
3.688464644311337248e-01
6.297082508386493693e-02
3.955840705740190089e-01
2.362221628615574498e-01
4.348631377273731169e-01
5.702189724353760036e-01
2.356510266590606528e-01
2.937853809456185683e-01
4.803253342111808433e-01
2.959419140333083842e-01
3.642590814531608268e-01
3.445129381357703857e-01
6.306330680702929570e-01
4.650573197014237770e-01
1.624743232718625918e-01
4.749524233192189970e-01
4.668047087410941431e-01
6.134831359976602450e-01
1.860460212182217798e-01
4.969811249542211984e-01
3.911753426090508468e-01
4.748192480887474809e-01
4.351111224884017803e-01
4.624600715558740416e-01
5.126070240677322865e-01
1.474095444355255080e-01
5.132951112670069982e-01
4.133075337199533239e-01
3.772593656592384548e-01
1.616542401400700990e-01
5.715104712452104829e-01
2.299921886067298749e-01
2.754230423319140031e-01
4.080957601837404969e-01
3.790918548806205268e-01
1.624088662069390621e-01
8.008289073695691596e-02
4.440609185985927021e-01
4.448117894340348211e-01
3.111999624047794843e-01
2.153150623448894518e-01
5.718578455872175281e-01
2.502697745540067298e-01
3.850686746298732088e-01
4.297733119770996701e-01
3.176353656650752755e-01
6.099997639309711062e-01
5.652466564608157329e-01
4.316739181800220426e-01
2.729182851965260559e-01
3.280337992830339444e-01
3.706779141532354771e-01
2.853886538523520144e-01
2.903771729608804475e-01
3.855014994298217590e-01
4.908353183356055638e-01
4.124895370703680619e-01
3.685452110746457732e-01
3.969810649967009941e-01
3.062702049921470770e-01
5.125121420325284838e-01
4.306353938524895009e-01
3.991981456693614594e-01
1.615518613620310906e-01
4.878202718246100744e-01
5.438679833174093758e-01
1.904930979861083618e-01
3.823607325435577908e-01
3.184185793653379060e-01
3.087706650593170510e-01
4.477756238971923319e-01
5.761534941991127701e-01
5.801956422907241784e-01
4.107024792996358808e-01
1.528562159139097154e-01
5.132951112670069982e-01
3.416456597579525245e-01
3.789160599717751321e-01
1.850079385297695722e-01
3.790918548806205268e-01
2.617542115589693297e-01
2.743726383392730006e-01
6.404071170545652114e-01
1.589049389540501678e-01
5.599449252327054483e-01
4.667208307843637161e-01
4.178696641723626537e-01
2.663782544263713636e-01
6.006801040817836279e-01
4.309257865670611531e-01
2.508645302880471162e-01
5.967018401381265491e-01
5.051191701414298185e-01
3.873928412941922694e-01
3.141063937656909943e-01
5.132951112670069982e-01
3.787949974388474805e-01
2.767354126159504157e-01
4.355857222501308135e-01
4.216737636027060310e-01
4.019676268198631441e-01
3.198398080179680192e-01
1.335708310423130707e-01
2.018336536767703360e-01
3.695223444518280775e-01
3.993239672817361363e-01
1.373847145088787081e-01
3.889881775012715148e-01
5.068153697920807499e-01
3.919155288761473899e-01
3.551355353405180604e-01
3.925337230790629794e-01
6.039438496262860001e-01
4.822215938706669314e-01
3.060490027466236662e-01
4.277967798154414525e-01
3.276449055665607846e-01
4.386362891614433157e-01
3.881507640112636937e-01
5.132951112670069982e-01
2.460555802367861422e-01
1.551266260905964922e-01
4.147574278566881767e-01
4.266825966537756143e-01
3.987920821812531713e-01
4.178383295210227333e-01
5.703941352879147164e-01
1.149430192173332144e-01
3.424768999672125336e-01
2.979768325652050742e-01
3.499460006030780668e-01
2.935765802456041795e-01
1.959712263487246031e-01
4.811312053786596099e-01
3.807128107276977480e-01
4.297734597791171840e-01
4.170680592030603928e-01
2.467512488896163592e-01
1.275242229638121338e-01
4.266871841290519329e-01
1.612005544677520275e-01
2.223163824839780589e-01
4.707365546400438805e-01
4.006179259245841728e-01
2.946591281627975456e-01
1.494632250927194761e-01
1.535389473168721763e-01
2.315466152525894883e-01
4.220180163286859631e-01
5.558556503327036769e-01
6.159952435290194650e-01
2.515308355028012532e-01
2.699751753410087884e-01
1.890656295314286361e-01
5.082481970573191621e-01
3.613572623051347632e-01
8.121037265019004359e-02
2.524039182345388377e-01
4.232501778254845748e-01
3.194654165689272962e-01
7.870768973214420372e-02
5.169948007329362438e-01
3.624378949285335105e-01
1.838768267361876596e-01
3.797705781672697234e-01
3.183618554040075210e-01
4.887069792622938391e-01
4.341451419271660783e-01
1.853008711107961004e-01
5.285178615648244982e-01
5.205085652390888384e-01
2.620213258715482496e-01
3.001488148094828556e-01
4.378953884139895059e-01
2.787281438579349846e-01
2.636839227023464738e-01
5.367173425003225473e-01
2.542052436811750304e-01
5.432150996068122462e-01
6.343821650898090470e-01
1.820669248228361792e-01
1.950572775024926042e-01
4.203745724358332048e-01
4.173830626165726532e-01
2.538962102426818856e-01
2.610733797549317226e-01
1.896061971169516747e-01
3.914696614316434675e-01
5.274659924405110667e-01
5.019204935516307087e-01
3.056266014189110147e-01
4.298382585949713230e-01
3.599683893018878478e-01
3.328984096823729977e-01
4.712787449295730013e-01
2.718943523165461840e-01
3.231267274012918911e-01
6.306330680702929570e-01
2.362221628615574498e-01
6.314263195231806236e-01
2.716372440550343104e-01
3.083729601806606269e-01
3.580803546895523493e-01
2.950830353664799510e-01
4.445129746029559126e-01
4.007782448604418346e-01
2.786082038719754350e-01
3.764662584744241647e-01
3.387467804357084389e-01
2.462389892362007726e-01
3.083729601806606269e-01
2.915615766323773062e-01
2.774938486903806845e-01
3.741086687017067813e-01
2.013599201471183708e-01
3.395148950477339111e-01
4.814935252902119434e-01
4.511598484580780499e-01
5.401227213548823736e-01
4.200921825456882530e-01
1.708322588837350164e-01
3.813499920850018654e-01
1.881150636188555492e-01
2.475091716066878111e-01
3.999776316821737621e-01
4.007334211442477034e-01
2.745087054794013159e-01
5.472698211599221763e-01
5.556307594809947181e-01
1.688268705089270572e-01
2.466630793734631844e-01
3.973605044770934791e-01
2.802976680329387071e-01
2.720443835251994402e-01
2.461844930109044205e-01
3.977342099252092478e-01
3.774142543780775183e-01
5.633357730285819542e-01
3.053783346699263657e-01
1.751007200317002410e-01
4.471479842930565218e-01
3.854257448673776287e-01
4.198445740457729114e-01
2.895134009247269380e-01
2.737658584641718407e-01
1.823051038242799460e-01
4.604461266707413070e-01
3.019513190343750542e-01
4.205638438328492268e-01
2.979768325652050742e-01
3.895861985997146060e-01
3.214601455287569576e-01
5.708513734056286371e-01
2.467512488896163592e-01
4.133369632635731095e-01
4.137674422521769868e-01
2.086083586072795260e-01
3.388978642400233277e-01
3.346292255633339097e-01
1.768358568869720093e-01
3.233001336757045374e-01
4.084782755467651350e-01
5.333846843171464736e-01
4.271762961364086730e-01
6.291522771794753055e-01
3.861587076486739378e-01
5.095477216622172900e-01
2.200764591238517365e-01
3.073916100805200724e-01
3.594515154607357266e-01
1.817437598692286382e-01
1.453456321784754590e-01
4.023157813320129561e-01
2.132802306025037287e-01
2.863593134595935341e-01
2.436762813411616491e-01
9.154683523125881073e-02
3.423932843538661785e-01
5.007273318310525578e-01
5.835012490668203267e-01
5.962600790327956535e-01
9.561240526535949580e-02
3.013645268356174856e-01
5.240590147880379579e-01
2.029979781011939932e-01
4.985002168357716701e-01
3.633474718700829276e-01
2.015706927879733212e-01
8.571302370422048678e-02
3.036352520530321009e-01
6.170626524451945372e-01
3.024885217853612307e-01
4.172941796594575314e-01
6.024097375466047621e-01
1.979622931030103616e-01
2.512565479072170760e-01
5.350211428496716159e-01
5.367173425003225473e-01
3.354676548544082704e-01
2.134483695331476638e-01
4.829364800078932429e-01
4.071444917438565847e-01
2.870215235606443649e-01
4.541392311321995057e-01
3.095692332272520497e-01
1.098360372075640884e-01
2.436001005226882121e-01
3.412478662188735412e-01
4.707365546400438805e-01
5.105150592580099955e-01
2.486476994860265244e-01
1.852950732596454209e-01
3.541382075512587990e-01
3.172719142677549176e-01
1.663000596910764461e-01
3.665513366017257857e-01
3.164721321900013651e-01
6.378627229936129073e-01
2.138013024574979271e-01
2.405177014014861225e-01
4.338856932591652615e-01
3.988893317511643111e-01
3.679032281266250703e-01
1.717648219493072836e-01
3.353316860410792133e-01
2.100925051859550974e-01
3.712496766953646277e-01
5.460278572296036748e-01
5.178777687380022865e-01
5.501698471431062387e-01
3.577145800357661720e-01
2.807174546577319574e-01
5.187632537428257251e-01
2.717098856284326791e-01
7.135752325936689511e-02
3.687633893033645527e-01
4.730860880594744411e-01
2.413137068362687654e-01
3.870524564700941750e-01
2.092891180694013975e-01
6.241533265953668197e-01
3.840861778687926220e-01
4.891079310041159256e-01
3.738384615643516873e-01
2.631272495820777269e-01
3.861470246371639936e-01
3.987040840613917392e-01
3.849863782170933613e-01
2.931041819232070300e-01
1.513910702096412375e-01
1.937519701176762255e-01
6.626235501704162700e-02
5.367173425003225473e-01
2.222673595066674279e-01
3.134836373448058877e-01
5.219201678435885228e-01
3.620682837626048034e-01
6.412101799317422579e-02
6.340519159293770413e-01
2.045896587548595436e-01
2.769967421737599689e-01
4.538175779791152054e-01
4.103774699389960423e-01
3.857811506171832105e-01
2.081006572221311690e-01
2.969965220682844187e-01
3.852920145997941193e-01
1.366673438010296560e-01
3.328984096823729977e-01
1.521370275114886095e-01
3.835598309785042126e-01
3.829688858756624126e-01
3.541172495993644698e-01
3.542760588134896138e-01
2.018476140034720645e-01
4.081257083856353329e-01
4.163495212542435708e-01
1.033768497755027382e-01
4.951505709830242297e-01
2.828955466757021586e-01
2.869565824515680208e-01
4.341267731090657778e-01
3.048842911474355377e-01
3.896978897363702621e-01
3.100865811366191327e-01
4.148142183393203619e-01
2.043312241209532254e-01
3.553572233994238272e-01
3.964062002752375968e-01
4.170546447667916601e-01
3.000921609033984638e-01
3.166363815993403774e-01
4.361149956619408963e-01
4.289136016900590431e-01
3.725725657641897337e-01
5.000267250109580175e-01
3.954706536253394522e-01
4.985710567212862654e-01
4.248019956929782182e-01
2.437120395551326257e-01
3.620232615219005634e-01
3.255159412969515498e-01
5.504302026315721630e-02
5.386202903570082023e-01
4.851188158770400882e-01
4.607364824867783981e-01
3.976898036301839690e-01
4.283030420538009309e-01
3.131040038093032551e-01
1.893514965108072934e-01
3.045369451809212813e-01
5.987989072356373343e-01
4.955305801560030421e-01
3.560436383155346496e-01
1.551929783867270762e-01
3.918504534771929948e-01
5.708513734056286371e-01
2.699769453273346831e-01
1.461849026521991612e-01
4.193272092982013310e-01
5.585135877328090137e-01
3.724074170700018560e-01
3.277704681616165350e-01
3.786724090735595349e-01
4.429912417217839460e-01
2.873817168693293400e-01
5.063102045315639455e-01
2.021880786531323471e-01
1.571443465793047611e-01
4.081133841711396260e-01
4.178376739743812629e-01
4.179372252852746605e-01
4.327891663061541050e-01
5.664412210532854264e-01
5.223540203976501095e-01
2.508458352037493122e-01
5.942221136173968521e-01
5.114233999427409971e-01
2.852699193571087699e-01
1.285600426807282926e-01
1.566964107380726112e-01
3.810442514509484457e-01
4.297359256542668260e-01
4.627354018728641050e-01
3.227930311901515137e-01
6.311713219617873794e-01
3.646113824251438484e-01
5.401227213548823736e-01
2.696436610285679047e-01
2.957358478784962164e-01
4.197071808450688057e-01
3.444490656290439268e-01
3.862287308812692443e-01
1.560581579720511369e-01
3.144029841868009600e-01
3.912255177560968189e-01
4.309341031849412973e-01
3.444187685021332102e-01
2.899018214045014363e-01
2.993488578014933954e-01
3.299884085181634119e-01
2.708419920779341905e-01
4.344935917315322915e-01
2.797998334198817383e-01
1.698428584588006773e-01
2.869139785720032920e-01
1.191669982983528248e-01
3.085078662122536231e-01
5.353603262366952720e-01
2.943385697008861768e-01
3.882485161288221076e-01
4.830229771369430325e-01
2.844945152576789926e-01
3.805666378584891540e-01
5.298569428539666726e-01
3.977389877137724183e-01
6.166018983648612339e-01
5.539576824269749622e-01
5.238277387228711390e-01
4.367862111881641862e-01
4.748192480887474809e-01
4.495562714050390096e-01
3.324143227357310160e-01
4.957003851334387812e-01
2.991039001754553506e-01
4.116811654295178813e-01
5.103913425251400682e-01
4.501337943800866048e-01
5.237663029745817100e-01
2.401645894932581682e-01
3.074403345434887913e-01
3.653866734383605652e-01
2.599925508936926088e-01
5.052352922204234043e-01
4.140128295642488965e-01
3.130944313939723611e-01
4.255366568462614629e-01
3.499625756326991688e-01
3.504913501347456384e-01
4.022803153960118339e-01
3.052338621475558789e-01
1.609197042339254036e-01
4.324576327648994023e-01
3.907546693800318938e-01
6.408619065647351842e-01
5.319422441001588897e-01
2.767571768268106136e-01
3.929151721264074193e-01
2.913860631917901678e-01
1.936650997417595499e-01
3.576530603043332479e-01
2.059993423237414245e-01
2.815656040622151468e-01
2.677216618868011322e-01
3.718913038583601116e-01
4.719010608547126173e-01
2.705800046868134245e-01
2.879643270609331118e-01
3.064148425704977252e-01
3.056470836395578372e-01
3.901823398477443083e-01
3.349119835033690373e-01
3.982638986793974878e-01
4.052565672034876831e-01
1.395644398326875146e-01
2.475091716066878111e-01
1.531906918794347372e-01
4.414807473027346774e-01
2.839457518320144813e-01
2.410024616684298682e-01
3.341513138722908560e-01
3.840674213562301764e-01
2.195489677553535135e-01
3.430484745866640983e-01
2.986408599450698365e-01
5.485954806330887168e-01
2.564583172632744490e-01
1.612782529073626125e-01
3.764103064720134006e-01
1.209283221995390983e-01
5.066983730619077919e-01
3.138495820436698613e-01
4.732655098344221156e-01
4.796506734012213058e-01
3.763996231509422752e-01
2.113999318978714292e-01
5.941185656235388191e-01
3.186994662898200437e-01
8.931326881303697229e-02
3.960526848737383476e-01
4.031228268083477673e-01
2.004379304345901835e-01
5.525877811950655749e-01
3.457153293751565326e-01
6.306330680702929570e-01
3.077057946583828252e-01
4.299483361742998944e-01
6.253554887000500884e-02
2.603354568751294340e-01
4.060888503420326257e-01
2.887980473714158447e-01
2.475807775265686239e-01
3.259069126607714861e-01
2.015562443612195498e-01
2.042540367520317146e-01
4.198035811250469540e-01
3.289601956160491114e-01
2.498002743776384094e-01
2.975392974334509222e-01
4.220312694507977747e-01
5.899539927674661843e-01
2.980475136311115936e-01
3.093851746057493801e-01
3.270117373146675943e-01
4.694536618157524321e-01
3.083729601806606269e-01
2.004379304345901835e-01
3.987920821812531713e-01
1.506427176212309094e-01
2.837468744471980941e-01
3.338568956835036849e-01
4.170797512573097832e-01
4.255599184100496979e-01
1.948849319310252681e-01
3.484727510451557375e-01
5.051191701414298185e-01
5.165558110713421858e-01
2.088306867258361565e-01
3.519289962446632281e-01
8.107568447586044336e-02
1.941665719266908174e-01
3.597851324699510855e-01
4.117212853620970670e-01
1.561788360326421821e-01
3.838134999847728213e-01
2.157805953571209079e-01
1.880551146216616620e-01
4.486028485064926241e-01
3.623282505691830524e-01
1.120726053995302340e-01
5.923191657607110860e-01
3.814793666624701207e-01
2.934635726108098530e-01
3.042821088297454346e-01
4.228676126754231102e-01
5.664412210532854264e-01
2.854314380670083806e-01
3.686466976357242187e-01
5.237663029745817100e-01
2.772929408467660339e-01
3.806773331504687552e-01
5.925645574382435443e-01
6.062230316760122140e-01
3.673983973435290262e-01
2.104987277015505365e-01
5.529201810723368693e-01
1.920709731829779721e-01
2.348082119511642474e-01
3.122164085201193928e-01
4.354117910810710312e-01
2.175026044413589654e-01
3.100865811366191327e-01
5.229506345705599024e-01
2.539303906545254397e-01
5.386202903570082023e-01
3.768166817787239609e-01
2.059993423237414245e-01
6.392357022908845554e-01
4.583763301887877617e-01
4.730635632191038109e-01
2.432300027118609320e-01
2.087087200229015560e-01
5.223540203976501095e-01
4.273114158676837859e-01
3.530225367030416228e-01
1.820746347456558278e-01
3.619825868640279554e-01
2.794761236152365491e-01
4.460236844886593666e-01
2.498791686415886282e-01
4.171239564293366398e-01
1.421427023829416603e-01
3.174431745026073393e-01
5.664412210532854264e-01
3.912100621552577762e-01
3.666532139754524189e-01
1.801836133268689411e-01
2.921530776038473998e-01
5.064681905445791443e-01
2.970869993539128617e-01
4.254141390559171843e-01
5.223540203976501095e-01
5.633357730285819542e-01
4.877136833915011738e-01
2.508645302880471162e-01
2.246628542604927059e-01
3.943998465100370665e-01
1.578538937584234025e-01
4.012885956643140184e-01
5.811185947951564845e-01
2.627282804868683042e-01
4.117212853620970670e-01
4.171132647931027337e-01
4.751427964752962252e-01
1.441592286064033446e-01
4.651191322305242015e-01
3.591611156782757441e-01
4.550851370197015466e-01
1.849695170731167904e-01
4.313180687123454038e-01
5.206560726919150506e-01
1.642501379031930109e-01
1.857329739467409591e-01
3.845599973564393093e-01
5.738902451445057062e-01
2.422131853245053090e-01
3.838020746393678295e-01
5.304443492314311337e-01
5.957245446152710233e-01
4.653736932458742981e-01
3.164580308173518541e-01
4.004341933613999038e-01
2.099396038949472298e-01
2.656320428884236251e-01
3.280337992830339444e-01
5.718879773463294569e-01
2.918490330551111733e-01
4.083348907516188286e-01
5.431970839752487956e-01
1.818397687129214013e-01
3.214576382993157844e-01
3.717259512348063399e-01
4.103540637953159154e-01
2.075935356117039055e-01
2.933631219111280664e-01
5.761464657038785075e-01
5.051191701414298185e-01
3.020558371998441349e-01
4.211082880511749504e-01
3.336059786842789920e-01
4.207493242432385760e-01
3.924173065393692927e-01
2.603154570378602983e-01
4.661619002013542845e-01
2.245389187349035032e-01
3.351270774303535260e-01
5.087418574586873854e-01
4.121442343472148107e-01
3.597110884404193243e-01
5.719893284741950357e-01
3.157140331914800591e-01
4.725035854452884765e-01
4.188865092076343721e-01
2.937971093787049015e-01
2.724829097204110595e-01
3.606140050405642339e-01
2.456082444384842245e-01
3.752326865181480064e-01
3.355349243129875925e-01
2.376886664318991760e-01
3.280337992830339444e-01
4.839439303644373358e-01
3.458358522540231905e-01
5.554231404695433305e-01
3.828766818425542451e-01
6.134831359976602450e-01
4.888468972582203365e-01
4.005886990630558864e-01
9.928315536651177720e-02
2.522742138569289971e-01
3.155607036695917689e-01
1.681346154382751812e-01
2.163918502449225234e-01
2.409883571775943700e-01
4.246741667483516086e-02
4.955672412927065729e-01
2.979768325652050742e-01
1.870722722616303124e-01
3.035710312449269588e-01
1.545992984268644566e-01
5.341488666367488064e-02
1.963242956417435847e-01
3.267401628527416002e-01
4.106946865370075250e-01
3.443884973601060162e-01
5.494871875623618118e-01
3.994794158189057809e-01
3.943991933540048622e-01
1.433419420717148840e-01
2.994387186217452035e-01
4.451218400248084794e-01
5.094854074169858915e-01
4.288241863546503607e-01
4.215578425427713438e-01
3.123951744366070260e-01
2.922701744277916291e-01
4.126810060609531483e-01
1.144056124330416341e-01
5.282675679949252467e-01
3.164246450232463537e-01
3.481747541142705682e-01
1.626357048855167353e-01
4.900479209651565915e-01
1.384839662367758906e-01
1.087848961796868963e-01
3.764697194530300384e-01
1.918615601751683386e-01
3.295560840831319172e-01
4.198035811250469540e-01
3.915187537366233150e-01
3.246669518531539178e-01
3.629407462871425127e-01
2.590130472793750749e-01
5.589519558359892226e-01
3.503206025296752846e-01
2.050788347889692664e-01
4.145978251681598503e-01
3.757655017735214709e-01
6.071598455567098762e-01
4.229650370716305785e-01
2.059469991019540480e-01
4.547066027487113304e-01
5.817171244697398880e-01
2.716311684774485591e-01
2.646868879640553174e-01
6.370939186908089469e-02
3.326159687579167690e-01
3.684615368394021373e-01
2.393916185143817321e-01
2.882208978511142106e-01
3.935524486923248078e-01
3.328984096823729977e-01
2.635450404638770561e-01
5.395481157546774265e-01
1.025884443994522083e-01
4.204923709555720146e-01
1.463320331163352195e-01
3.602738511701108481e-01
3.592424718540302431e-01
2.883977625056444172e-01
5.614428064853541622e-01
3.774539259155066939e-01
1.536340242387023713e-01
5.132951112670069982e-01
3.550662142194754844e-01
3.083729601806606269e-01
4.982924855696235222e-01
4.457782928111269638e-01
2.853525101266491393e-01
3.624193864156993738e-01
3.471451764860737366e-01
5.909760474600651570e-01
1.993608549338663216e-01
2.924655233772445184e-01
3.542427944207598434e-01
4.595911189200411751e-01
8.708907680533360673e-02
2.321657207973399084e-01
4.803253342111808433e-01
1.309500433986610091e-01
4.255599184100496979e-01
3.637062631383926603e-01
4.177044019762035654e-01
3.097462221934649818e-01
3.001405786408021248e-01
5.295328221763432319e-01
5.122835122678994768e-01
2.644851073401729424e-01
2.978469147997317434e-01
4.123956160600963927e-01
7.905870819421619011e-02
5.923191657607110860e-01
2.872802184591440322e-01
6.917079386611439673e-02
2.218933388099448012e-01
1.706262493759689303e-01
2.654944147843724678e-01
4.765066203626477925e-01
2.440081495677160761e-01
2.481140009524924195e-01
2.848703250656017816e-01
1.048982058758636676e-01
4.389054316461508121e-01
4.149292236919597254e-01
5.027800545815004352e-01
3.795608319293138355e-01
3.307790466193455958e-01
4.134928202831116839e-01
3.150309402868180508e-01
4.102626006432067429e-01
2.058922326338690767e-01
4.947398316710356903e-01
4.215815108219564400e-01
3.969810649967009941e-01
3.336723470910373246e-01
2.514490074415620113e-01
5.350211428496716159e-01
2.882208978511142106e-01
3.885548399676012621e-01
2.685511660979628679e-01
1.525089726396551548e-01
4.082447245570159367e-01
5.691551737549778167e-01
4.258479655211557247e-01
4.724030731094630009e-01
2.101874970852463942e-01
4.180512288686845657e-01
2.492545096075321487e-01
4.591259887774438719e-01
2.929356990566448493e-01
1.612996938662718260e-01
1.767232335166351864e-01
6.240680291883891201e-02
2.581505234530863113e-01
3.414354516127071637e-01
4.345997600410444472e-01
3.596051241642125862e-01
5.773311148805548854e-01
4.438129387227221501e-01
5.205085652390888384e-01
3.281341854362651023e-01
1.703770289817590489e-01
2.920291916574159763e-01
3.311856522560636673e-01
1.845264762642422618e-01
3.230714377015923011e-01
1.985310789208229454e-01
2.016221985689345964e-01
3.806773331504687552e-01
6.036786376150599098e-01
2.613166995017917049e-01
1.509799239743767618e-01
3.743486804689550862e-01
4.472017179139913257e-01
2.229968447829719924e-01
2.177989231645268420e-01
3.800181761692920657e-01
2.592396204963826611e-01
4.325029835584708882e-01
3.021012549304755712e-01
1.928233374216457574e-01
3.062702049921470770e-01
4.210949328604406405e-01
5.170314427447655348e-01
5.927020325433004500e-01
6.586186092098808564e-02
3.788553738354055178e-01
3.856719791827127874e-01
2.957779591886089410e-01
4.313180687123454038e-01
2.400738328181621639e-01
5.132951112670069982e-01
1.554205254132295100e-01
3.670244599023732013e-01
3.166323869951664927e-01
4.754000189663560860e-01
4.905803363651424220e-01
2.699601489065059923e-01
3.595237200723328530e-01
4.181548127216817567e-01
5.300042515744036731e-01
1.484736749948560863e-01
4.235237844092414328e-01
3.077491409780395148e-01
4.770301486206509622e-01
2.327764470486711479e-01
4.939066267967024415e-01
2.591651920984538449e-01
1.282848078841700434e-01
2.708750239579261754e-01
6.404071170545652114e-01
1.537380696871704089e-01
4.004161919695525818e-01
4.790776668068086885e-01
5.353117014517397854e-01
1.479630356548373160e-01
5.169177985842644540e-01
3.058906592855507589e-01
4.486574472161695692e-01
2.432819773640604311e-01
5.122835122678994768e-01
3.790918548806205268e-01
2.440415558379098182e-01
4.170797512573097832e-01
3.496375692863058493e-01
5.234416503344229143e-01
5.412158488614918772e-01
3.945072139699539182e-01
3.427570312512819295e-01
3.748855072706464564e-01
3.921547569393086796e-01
1.905904647998139245e-01
5.202223074470621045e-01
2.225318254399179796e-01
5.104027058186432209e-01
3.955902844951246222e-01
1.678475238433059513e-01
2.456485460573690494e-01
1.378889430663143012e-01
3.346214743765191790e-01
2.738222022146865053e-01
3.786286453327339929e-01
5.164103048703051480e-01
3.404412546900935643e-01
2.151368145669792231e-01
5.087418574586873854e-01
2.988881644218479572e-01
5.441683005944534246e-01
2.883175550696205902e-01
6.626235501704162700e-02
5.512697795710120863e-01
4.126871635428917551e-01
1.833893362895021584e-01
2.821591134573023241e-01
3.866919622564579662e-01
5.486900717415365003e-01
3.025562267505883529e-01
3.094089518135661465e-01
2.844293281237254556e-01
4.252337244505399183e-01
2.808302149164351724e-01
4.050428039104185252e-01
2.647362784715584505e-01
4.970148219432917736e-01
9.202560421557895443e-02
1.275242229638121338e-01
4.141616686903857869e-01
1.756655439862921941e-01
4.135216248383129511e-01
3.146213694630716762e-01
2.844945152576789926e-01
5.637606992554564656e-01
1.659613485013561318e-01
5.528708054281870066e-01
5.412590914494935790e-01
4.095074930244763656e-01
2.663443074627213081e-01
3.701534421242628214e-01
3.789119907390157693e-01
1.808371780492933623e-01
2.348267608964771380e-01
4.692014676075328961e-01
3.803705553038047582e-01
3.809539612564813993e-01
3.280337992830339444e-01
4.606189726071256985e-01
3.230754942537285013e-01
5.132951112670069982e-01
5.185261077964111731e-01
5.430726935063189265e-01
2.205263568237897098e-01
3.083729601806606269e-01
3.263044762856011083e-01
1.901228859457331222e-01
2.713065826704101347e-01
3.625539849941505910e-01
2.469415158194898097e-01
4.786485394479060296e-01
3.243387131951296909e-01
2.943037464230243150e-01
4.087343164532015183e-01
4.355857222501308135e-01
5.272597153923842539e-01
6.404071170545652114e-01
4.127150929272160873e-01
2.904205974430668080e-01
2.932193124190454747e-01
3.647657333608335661e-01
3.815958248819169008e-01
1.472254104578606115e-01
3.963718193640327070e-01
4.618768498879913253e-01
1.273969412088626629e-01
3.804631327916588313e-01
2.598658291649527663e-01
3.799690643236798282e-01
1.954740753459832947e-01
2.529937602271054575e-01
2.818014209338073339e-01
2.750893207595273560e-01
3.177818472347000434e-01
2.316499024621563874e-01
2.364887108076151878e-01
4.512822543055441393e-01
4.313180687123454038e-01
1.537901717692387038e-01
2.901144564339280807e-01
7.005985667758000968e-02
2.518702431913394379e-01
5.367173425003225473e-01
3.622022432168609529e-01
1.014436914774777404e-01
2.478394972666169149e-01
4.064040650646177366e-01
3.794922562626096840e-01
2.240832978124003283e-01
4.222150017021634172e-01
1.023534259913608108e-01
5.017912330997709169e-01
2.041100513942574746e-01
3.245487951577806229e-01
4.684647502184469126e-01
5.209203761157040619e-02
2.235018696211781841e-01
1.611529080656307900e-01
5.244605552433810880e-01
4.116072319916503353e-01
1.675831986441845833e-01
3.673477677728400614e-01
5.816489751630046223e-01
4.200214994009910385e-01
1.000028103535013646e-01
3.039752799487701607e-01
3.669676280518064382e-01
2.094491109469406587e-01
2.522742138569289971e-01
4.398074723478420101e-01
2.673062596394345514e-01
6.243987182728991669e-01
5.304443492314311337e-01
5.214271874146523267e-01
5.187632537428257251e-01
6.119636016455132221e-01
5.367173425003225473e-01
5.703941352879147164e-01
1.920676140651154939e-01
5.279219570910533843e-01
4.580879726102934368e-01
5.916617457130884938e-01
4.015578586149415319e-01
2.942154257787885641e-01
5.632192208477962980e-01
3.513167185918462665e-01
3.643107430394836865e-01
4.734074613033934509e-01
5.501553538144737798e-01
6.006801040817836279e-01
4.084415609851410611e-01
4.364816394581110814e-01
3.843723560431363540e-01
2.664237223597977211e-01
3.450453862767094981e-01
1.308688464582727085e-01
3.863109968397656080e-01
3.997103955524608510e-01
6.306330680702929570e-01
2.525440881798959869e-01
3.072986953088778783e-01
1.991085951398008091e-01
2.943134533361123073e-01
3.379778188204197176e-01
5.028234063060128545e-01
3.314764298587300484e-01
5.319422441001588897e-01
5.429546416859355462e-01
4.571014077597884140e-01
5.691316339450568362e-01
4.905803363651424220e-01
3.242398342690822610e-01
4.792137298932951373e-01
1.881996021113250539e-01
9.458746988857341664e-02
4.219598562348131909e-01
3.837349081848667742e-01
3.012191802857049350e-01
3.969810649967009941e-01
2.195184394669189853e-01
2.990984638260042461e-01
3.847183661787585418e-01
3.602021486904029013e-01
5.766804617123592047e-01
3.896643272450567852e-01
2.848614538263678497e-01
1.087696357772928585e-01
4.035467387932487604e-01
5.734027553214573469e-01
1.811931945478012507e-01
1.858369605654326961e-01
2.132340701199617328e-01
3.450699405364830441e-01
2.086640874515105770e-01
3.819344009502428916e-01
4.856690181376749349e-01
5.130054082951834848e-01
1.488547813535566755e-01
2.899380752021709085e-01
4.528878941425765192e-01
5.590925045370086499e-01
4.559299134823642241e-01
1.745991766481881369e-01
1.179711193904746380e-01
5.237663029745817100e-01
4.506399201458378134e-01
3.773073941430869493e-01
4.489856115574269446e-01
2.875807460058655285e-01
2.522742138569289971e-01
3.515943734125765441e-01
2.998881921444445653e-01
2.106643749936834287e-01
2.046501410658027875e-01
5.328703260205982506e-01
3.727744496000294783e-01
3.992078773200585795e-01
2.061651961437285518e-01
2.521232116451483374e-01
3.387467804357084389e-01
3.504659217434904495e-01
4.456818156158935951e-01
1.537380696871704089e-01
6.333164429043930399e-01
2.799743917600901466e-01
2.981826941670141506e-01
5.027800545815004352e-01
3.062702049921470770e-01
1.086182488852965866e-01
3.840685170867985110e-01
4.198035811250469540e-01
4.627050774098558916e-01
3.387467804357084389e-01
2.988546268760226554e-01
2.867812660803375491e-01
6.260562744520524747e-01
2.184074602413912658e-01
9.185307560659210224e-02
2.516158831950482400e-01
5.677107422643962176e-01
3.175806962765151398e-01
2.033837439652679824e-01
3.351971407836090155e-01
4.425947371368670891e-01
1.979834781627866636e-01
2.522742138569289971e-01
3.056936891911847809e-01
3.949918786125263259e-01
4.684647502184469126e-01
4.791126943258550708e-01
3.927093271549237929e-01
3.491427761518952066e-01
1.547952009582758692e-01
5.273722055122384011e-01
2.045896587548595436e-01
6.169157676941171564e-01
2.534735192354877209e-01
4.412809320715022632e-01
3.548685005416826743e-01
5.437082251353381190e-01
4.821449971901176079e-01
1.401071724787054940e-01
4.497966259648706888e-01
1.703333115979656920e-01
3.602367724043593622e-01
5.268216619141735668e-01
3.091958255659014165e-01
1.578538937584234025e-01
5.165558110713421858e-01
4.221372553464276534e-01
5.987989072356373343e-01
3.737115326841204399e-01
