3.698534948719601201e-01
5.676745783744236995e-01
5.907032595040787593e-01
3.500658566058940657e-01
3.776951078340296530e-01
5.426979328640531008e-01
3.114074999276361111e-01
6.208456077679380680e-01
6.039438496262860001e-01
1.746965616513121433e-01
5.993670560080455179e-01
5.123038383713661714e-01
3.579207835986424335e-01
5.973455743633568904e-01
4.162607138611697510e-01
3.404412546900935643e-01
5.654438740352123460e-01
5.431970839752487956e-01
5.431970839752487956e-01
3.828736238375219925e-01
5.660762750054649795e-01
5.400538165116738343e-01
5.805346067810890354e-01
5.852284916105389145e-01
3.950430724709457775e-01
4.125062135449744094e-01
2.873135032240224374e-01
6.468868585294914597e-01
4.843876447014927034e-01
6.468868585294914597e-01
6.387109174039142800e-01
4.070712708114951894e-01
5.002176760708447745e-01
4.905193823765934824e-01
4.463553736273965233e-01
4.549066666033093065e-01
5.062651307368508657e-01
5.296266683501503758e-01
2.478878289420863579e-01
4.700134965687688404e-01
2.844945152576789926e-01
3.713014069857195065e-01
3.102512558665316278e-01
5.026519451560410578e-01
6.387109174039142800e-01
4.476942721908377942e-01
6.468868585294914597e-01
5.587189766176170469e-01
5.630903813510494960e-01
5.158742789227238612e-01
3.789160599717751321e-01
6.244932757049379557e-01
4.839667922807169842e-01
4.842710827503908799e-01
5.035836491613641108e-01
5.146576645974938469e-01
3.548022997893927610e-01
5.669230138465310986e-01
5.064972871698713019e-01
4.195089259541220361e-01
3.062702049921470770e-01
4.436739914181044298e-01
3.418365310962167003e-01
5.304443492314311337e-01
5.786673747310443483e-01
4.708590819928252791e-01
2.855037369517628987e-01
3.208806703613802380e-01
2.028537056624266088e-01
5.835404219023649919e-01
4.316739181800220426e-01
4.340839980410883814e-01
2.969889574529334109e-01
5.098446772229104917e-01
5.026519451560410578e-01
4.955305801560030421e-01
5.766987139103022519e-01
3.637618398151458154e-01
3.022838717027614419e-01
5.514229135826368422e-01
5.319422441001588897e-01
6.358303234363246181e-01
6.468868585294914597e-01
5.051191701414298185e-01
5.319422441001588897e-01
2.872506853917483061e-01
4.058904564839287965e-01
4.410082416107988235e-01
6.468868585294914597e-01
3.215866943021120639e-01
5.105873126172486565e-01
4.982978062343731973e-01
5.214271874146523267e-01
5.347793499745673307e-01
5.431970839752487956e-01
3.890595357332425897e-01
5.745271883763372056e-01
5.107598472547284496e-01
4.387612637705547436e-01
4.391714950261007000e-01
3.250252155243886776e-01
4.276763861334156869e-01
5.164103048703051480e-01
6.134831359976602450e-01
3.444494083176878330e-01
1.240937725424175186e-01
5.105873126172486565e-01
4.734231607463794678e-01
3.358644610718530266e-01
4.777584864044991941e-01
4.035780699106445435e-01
4.476942721908377942e-01
6.066447146776048349e-01
3.123182194764836939e-01
1.520830164759373604e-01
3.972294853683170368e-01
3.328984096823729977e-01
5.115524828658766232e-01
4.114891289290766863e-01
2.536292822936875302e-01
6.081259795326978690e-01
2.802688447686212392e-01
5.124971252644023867e-01
4.175007682143679899e-01
4.388504465932256959e-01
3.427947090205683001e-01
3.961401225516320013e-01
4.992048423740119700e-01
2.756248262818615236e-01
6.404071170545652114e-01
4.015578586149415319e-01
2.508645302880471162e-01
5.952135834784547663e-01
5.319422441001588897e-01
5.405291465525693395e-01
2.012805229197626999e-01
6.234247754236550421e-01
5.138269641462344106e-01
2.979768325652050742e-01
4.425947371368670891e-01
5.959050056816199703e-01
3.280337992830339444e-01
5.350211428496716159e-01
3.812704968426656182e-01
3.135551025305575723e-01
2.176923414874876450e-01
2.861046197134584079e-01
3.678546334841344412e-01
3.479905377125551702e-01
5.819004950115269637e-01
5.367173425003225473e-01
3.434928863579931879e-01
2.782831875473868455e-01
6.174502582469009182e-01
3.388518959416798593e-01
6.210979676557749629e-01
2.868442440834336749e-01
5.465324666214922411e-01
5.633357730285819542e-01
5.068153697920807499e-01
2.752310547869933899e-01
5.028234063060128545e-01
3.086745991528200284e-01
5.393505399007069157e-01
3.064037675013225881e-01
2.774324686536815965e-01
4.812402803572423671e-01
5.545836104588030002e-01
5.656745706374766147e-01
2.973095228787935307e-01
5.627022623998634288e-01
3.001405786408021248e-01
3.757982179891484753e-01
4.146490430366117086e-01
4.949283648894806098e-01
2.897766020177872104e-01
4.159962625833935057e-01
5.925645574382435443e-01
4.527666257054319132e-01
5.305239802187988740e-01
3.000384434970309599e-01
6.241533265953668197e-01
5.105873126172486565e-01
4.705655929195333154e-01
5.571462384243404120e-01
3.853201328422518612e-01
4.133369632635731095e-01
5.001685600676512022e-01
2.731283542706747780e-01
3.707030649219951735e-01
2.083758227949596975e-01
4.015578586149415319e-01
6.423100649112508664e-01
4.438129387227221501e-01
5.412590914494935790e-01
5.431970839752487956e-01
2.706271504121989802e-01
5.962600790327956535e-01
5.319422441001588897e-01
5.649933292077351510e-01
3.034768052760623003e-01
3.530684678949714272e-01
5.504194285193180214e-01
5.558556503327036769e-01
3.393150670319388107e-01
4.087995314429501703e-01
3.337146936163156719e-01
5.211407065683854034e-01
4.008472033364500198e-01
4.409683624021805137e-01
5.503216301486668627e-01
5.582652799277083577e-01
6.468868585294914597e-01
5.875440673605474284e-01
5.987989072356373343e-01
5.633668584329191154e-01
2.934432247839806052e-01
4.566124947966394565e-01
5.051191701414298185e-01
3.176520257172352757e-01
3.170099006838715261e-01
5.604584797648365369e-01
3.916155303816543642e-01
6.208456077679380680e-01
4.386362891614433157e-01
4.117212853620970670e-01
4.214834748455304481e-01
4.523666305191419990e-01
4.839667922807169842e-01
1.537380696871704089e-01
5.346560273804106256e-01
5.197996510517327584e-01
5.367173425003225473e-01
6.154410779500105733e-01
5.438418886737407254e-01
2.802688447686212392e-01
4.263828053107740490e-01
2.659981539944816231e-01
3.100865811366191327e-01
3.900395724534304609e-01
2.745063141425406750e-01
3.029229493329254064e-01
4.341267731090657778e-01
3.694156971889428487e-01
4.585687740282630154e-01
5.441683005944534246e-01
5.879877638200029510e-01
4.224644559603250027e-01
5.987989072356373343e-01
1.230373338204276690e-01
4.411781333777455294e-01
3.431738471802515122e-01
6.062230316760122140e-01
2.522742138569289971e-01
5.431970839752487956e-01
6.062230316760122140e-01
3.692824564765649353e-01
3.017134344936313051e-01
5.584908507518493437e-01
4.336934381738838939e-01
3.890314888972447593e-01
3.034768052760623003e-01
4.415738516600870023e-01
6.089063423794196517e-01
4.590042761027305351e-01
2.948824719784812198e-01
4.914784104223944294e-01
5.997248733629209072e-01
4.619306142750281841e-01
5.387208323156009726e-01
2.701444097943419553e-01
3.735433795137603208e-01
5.599614795783592891e-01
5.237663029745817100e-01
4.955672412927065729e-01
1.047145314148789641e-01
1.720480555166504222e-01
5.431970839752487956e-01
3.737689252884735525e-01
5.208911367294619676e-01
5.593999225472630066e-01
5.386202903570082023e-01
3.245500344288455019e-01
6.182980980155120543e-01
5.432150996068122462e-01
3.565092845179186898e-01
4.741715948233845013e-01
4.640341213621312355e-01
6.113143496861764836e-01
5.084508286341671290e-01
5.132951112670069982e-01
4.112479417096374656e-01
4.227177789518846707e-01
4.418836811714717538e-01
6.347146256677681508e-01
5.773311148805548854e-01
5.287536419536402743e-01
6.018916297353040790e-01
5.773311148805548854e-01
6.127027731509384623e-01
4.165419399403516021e-01
5.987989072356373343e-01
3.083729601806606269e-01
5.731944484381694682e-01
5.630903813510494960e-01
5.407748074334949306e-01
3.149076313087403323e-01
5.276932069644439949e-01
6.016462380577716207e-01
5.201099943362345046e-01
3.618180218942634307e-01
3.412510810686627538e-01
3.083729601806606269e-01
6.306330680702929570e-01
3.805666378584891540e-01
5.086968697259084404e-01
6.089315291112581408e-01
4.411468452913168692e-01
4.734074613033934509e-01
4.086824047883596545e-01
5.695701228259757443e-01
5.346675370207777389e-01
4.121924061636808023e-01
5.582417401177873773e-01
4.236036979042628325e-01
5.431970839752487956e-01
5.412590914494935790e-01
4.989926776709770473e-01
5.621177310938512139e-01
2.471025839515091638e-01
1.047145314148789641e-01
3.208764396065849067e-01
5.524201907533430322e-01
3.280337992830339444e-01
3.085791749690064978e-01
6.140258757115665267e-01
4.717063571618873574e-01
5.987989072356373343e-01
4.021786230346559021e-01
5.534546857608972914e-01
6.387109174039142800e-01
4.982305675418959856e-01
5.360545244569367984e-01
4.113719584120028028e-01
6.404071170545652114e-01
3.487981924824387625e-01
5.599614795783592891e-01
3.000460614333629872e-01
4.718143580293249206e-01
5.773311148805548854e-01
4.904422146522439130e-01
5.791039819945777989e-01
5.878411271725932918e-01
5.064681905445791443e-01
2.444624365302388302e-01
4.559299134823642241e-01
3.667987812929354163e-01
6.170626524451945372e-01
5.135636910230769736e-01
5.633357730285819542e-01
6.092739624796335018e-01
1.796503849118474827e-01
4.317576205828793645e-01
3.826423386256762593e-01
4.260586002342489631e-01
3.758726296528123179e-01
2.000625444920873797e-01
2.994656811605234670e-01
4.582406051136661551e-01
4.275221898597526549e-01
5.510539658627541248e-01
2.372731031821943004e-01
3.697267516277367716e-01
5.695701228259757443e-01
4.367900496751578876e-01
5.877423721424706038e-01
5.718879773463294569e-01
5.051191701414298185e-01
2.637521845755971817e-01
4.547359018482158288e-01
5.816489751630046223e-01
5.927020325433004500e-01
4.331178262311099481e-01
4.405637395160146297e-01
3.744894169887124646e-01
4.955672412927065729e-01
2.508645302880471162e-01
3.745468720607255664e-01
5.482901386071484806e-01
3.992574803839089026e-01
3.999743215198318103e-01
6.039438496262860001e-01
3.969810649967009941e-01
5.367173425003225473e-01
4.647191473342481283e-01
4.087405648822324267e-01
3.679275405191028692e-01
5.026519451560410578e-01
3.682205245501987689e-01
6.360853209977179734e-01
4.169150049130583291e-01
5.540908794847485552e-01
5.304443492314311337e-01
4.347619913603897324e-01
4.670193489720123048e-01
2.911350956779519272e-01
2.892855494593291610e-01
2.018476140034720645e-01
6.243987182728991669e-01
5.223540203976501095e-01
2.468957428235308837e-01
2.677015127923610405e-01
5.380925406987677739e-01
3.432606438630385615e-01
4.047945207389874733e-01
5.132951112670069982e-01
6.306330680702929570e-01
3.299153665696797355e-01
5.816489751630046223e-01
3.083729601806606269e-01
5.386202903570082023e-01
5.367173425003225473e-01
6.234247754236550421e-01
3.986762582008433475e-01
4.161763309661827281e-01
4.722814241496840482e-01
5.595965335305387311e-01
5.686176548199288749e-01
3.380731528886571913e-01
6.134831359976602450e-01
3.226650483630446598e-01
5.505430354920399783e-01
3.545828798989997810e-01
3.172719142677549176e-01
3.074127409877990824e-01
4.709294301404041705e-01
3.435840874785369148e-01
6.151131744969836612e-01
3.794763528902577732e-01
3.195523251945925347e-01
3.931418459568840618e-01
5.216714995761837503e-01
6.134831359976602450e-01
4.721142702540046532e-01
5.342851463851939764e-01
3.596442193569252543e-01
4.344886209272543209e-01
6.387109174039142800e-01
5.223540203976501095e-01
5.835404219023649919e-01
6.241533265953668197e-01
4.531389798356650345e-01
3.641819177824531240e-01
6.387109174039142800e-01
5.431970839752487956e-01
2.745063141425406750e-01
3.074127409877990824e-01
2.614197805992625190e-01
3.396375827792164626e-01
5.431970839752487956e-01
5.609556928194797676e-01
4.855520062323300245e-01
2.241312220448961612e-01
5.703941352879147164e-01
4.880244945078457408e-01
3.969810649967009941e-01
3.461342239908682950e-01
2.981527577102867088e-01
1.105847455809995800e-01
3.295231301577905003e-01
2.508645302880471162e-01
4.298944931050356910e-01
3.221051391893218208e-01
5.113801671250556291e-01
4.592669335920275819e-01
5.766987139103022519e-01
4.914784104223944294e-01
5.605459872900971918e-01
5.169177985842644540e-01
3.808259507814584777e-01
2.891591196967405741e-01
5.987989072356373343e-01
5.115091176292246855e-01
3.409608276330667320e-01
5.097577580993524204e-01
4.497078798961219870e-01
4.990541964669541475e-01
5.105873126172486565e-01
5.114233999427409971e-01
3.328984096823729977e-01
5.498116988447543374e-01
3.562899892510270616e-01
4.133369632635731095e-01
2.844945152576789926e-01
2.970423169954850562e-01
5.002540750720433360e-01
6.341341237856737978e-01
5.816489751630046223e-01
3.393648470008761575e-01
5.122835122678994768e-01
5.065832133590603137e-01
4.015578586149415319e-01
2.869017758628228942e-01
5.532668653597770936e-01
6.174502582469009182e-01
5.523442417200304932e-01
2.204236745423111543e-01
2.802688447686212392e-01
1.728900582489065751e-01
5.118335112520646657e-01
1.897540876909004914e-01
3.982927454340496332e-01
3.548599877899017430e-01
4.665267576926916959e-01
3.062702049921470770e-01
4.435838880029800979e-01
4.420375133449468419e-01
4.796506734012213058e-01
6.241533265953668197e-01
6.291522771794753055e-01
2.910968117333027627e-01
3.847809076358115199e-01
5.122835122678994768e-01
4.168934235318385584e-01
4.882812461528162062e-01
5.664412210532854264e-01
5.349976030397507465e-01
5.366822978312529857e-01
3.952030294893458251e-01
5.299512521823376288e-01
6.170626524451945372e-01
3.540622936495088635e-01
4.019676268198631441e-01
4.070712708114951894e-01
5.695701228259757443e-01
3.190550235834663240e-01
4.297734597791171840e-01
3.611054452934844283e-01
5.533637858571233137e-01
5.766987139103022519e-01
3.606916130527801911e-01
4.374771629609982004e-01
3.337705636104340012e-01
3.741086687017067813e-01
2.899884142618621152e-01
3.280337992830339444e-01
4.779605213684214871e-01
5.749033952332802677e-01
2.801877247434881868e-01
2.842174640138231401e-01
5.350211428496716159e-01
5.480602112613759402e-01
1.882487313148395180e-01
5.633846747084562123e-01
2.896191594006561898e-01
5.296266683501503758e-01
5.633668584329191154e-01
4.944945436212187517e-01
4.047945207389874733e-01
1.381517585437031514e-01
4.432394973492384538e-01
4.819747628384665750e-01
3.546787696279865010e-01
2.430317896046068626e-01
5.991323575258400425e-01
4.688463671281389300e-01
4.635053057000292909e-01
5.319422441001588897e-01
2.665291873104827514e-01
3.627981497694227064e-01
2.990866589973603107e-01
2.928444723669756944e-01
2.846007094481351474e-01
5.633846747084562123e-01
4.655335278235031571e-01
4.447012612768260209e-01
2.833347051350996182e-01
3.551852579348325767e-01
2.979768325652050742e-01
3.648914822155344129e-01
5.656421788171355214e-01
2.911894340190960273e-01
4.093713143572280111e-01
3.716438328704483873e-01
5.365392483450436290e-01
4.201215724883455294e-01
3.573419300936190313e-01
6.012786337563670314e-01
5.527975440633469129e-01
3.083729601806606269e-01
5.622532120150073309e-01
5.467967412020604545e-01
5.370037216937251223e-01
5.069044975267986697e-01
2.235659532290983353e-01
2.975162886506095838e-01
1.805079346077931302e-01
3.053672043049190932e-01
2.273841867730444222e-01
4.294057459254436160e-01
4.757485405929403055e-01
4.095074930244763656e-01
6.306330680702929570e-01
5.158742789227238612e-01
4.086572982978414759e-01
6.069136935614857231e-01
5.708513734056286371e-01
6.468868585294914597e-01
5.105873126172486565e-01
1.162364235506459648e-01
3.817124279930742548e-01
5.431970839752487956e-01
5.386202903570082023e-01
5.571193401201941509e-01
3.724203901790088533e-01
3.880217169472673922e-01
3.973855239702216435e-01
3.996901849258165940e-01
4.102779815115207840e-01
3.617212204076837301e-01
4.571014077597884140e-01
3.277006768181217611e-01
4.041741812240884357e-01
5.335140532818798409e-01
4.570823305937633529e-01
3.466173025161505827e-01
4.329115226784019388e-01
4.023359919586572686e-01
4.624659414371218302e-01
5.002540750720433360e-01
4.884115500536586607e-01
5.132951112670069982e-01
5.223540203976501095e-01
2.522742138569289971e-01
6.423100649112508664e-01
4.928282154650865388e-01
4.244387434438051665e-01
2.437882397063594331e-01
4.247744038003210543e-01
1.511408425374065612e-01
5.486900717415365003e-01
5.927020325433004500e-01
5.398905649218620484e-01
6.468868585294914597e-01
5.132951112670069982e-01
4.041850246120420875e-01
5.375915978778836868e-01
4.364305830077556680e-01
1.427020242982969256e-01
5.068153697920807499e-01
5.108294593025269892e-01
5.237663029745817100e-01
6.404071170545652114e-01
5.574170855174068739e-01
5.835404219023649919e-01
3.674873051421927994e-01
6.241533265953668197e-01
4.688352004882342383e-01
5.367173425003225473e-01
6.358303234363246181e-01
4.477994357168739725e-01
5.552879093150876466e-01
3.527156632320062046e-01
2.207807230564529377e-01
3.113286215664345935e-01
2.266382783227780529e-01
4.116811654295178813e-01
3.881507640112636937e-01
3.041959381747721958e-01
5.643464303355105738e-01
3.090793233800316897e-01
4.295499794908252400e-01
3.354858544589470748e-01
4.852746384925928913e-01
5.350211428496716159e-01
2.964659973284235472e-01
4.601434548514316547e-01
4.184980543238741024e-01
4.678638985346720847e-01
5.703283927010910359e-01
4.576888384591038528e-01
3.083729601806606269e-01
5.489970145402411905e-01
3.935492999480793008e-01
5.925645574382435443e-01
3.479935315868948886e-01
3.921367178174104406e-01
5.503216301486668627e-01
6.195765329771262264e-01
4.436238955769229997e-01
5.794383151471830251e-01
4.609307608590302308e-01
3.909430283958177377e-01
5.504589249186322419e-01
5.309522848962893171e-01
3.895593038295125377e-01
4.595788214180057119e-01
5.350831007901802883e-01
3.636524580070584212e-01
5.773311148805548854e-01
4.661543317402405129e-01
4.318019914345235244e-01
5.122835122678994768e-01
3.574823377486905929e-01
3.170181403864963943e-01
4.205615038421184337e-01
6.468868585294914597e-01
3.371694961350901187e-01
5.111835661199751746e-01
5.633357730285819542e-01
4.117212853620970670e-01
4.815582646526526123e-01
4.316313702199266467e-01
5.030796728651777405e-01
5.144723123445500423e-01
4.146490430366117086e-01
2.338396551446367544e-01
5.611948368994974512e-01
4.924243303417335516e-01
5.245198649085007769e-01
4.019706984409743278e-01
5.685227727847251833e-01
5.512239814216859379e-01
5.114233999427409971e-01
1.265744060395216364e-01
5.446395241922363795e-01
4.049587569480057048e-01
3.767399613061895303e-01
4.813593959987571003e-01
3.626006122691401434e-01
4.672647406495447076e-01
3.053194613429707216e-01
4.389631507245804753e-01
5.122835122678994768e-01
2.273736226706188635e-01
4.756143649444533050e-01
5.235348510437233260e-01
5.635990815951203992e-01
2.742089273367205315e-01
4.045521532861387493e-01
4.049403644316916240e-01
6.468868585294914597e-01
4.975173571178381215e-01
6.306330680702929570e-01
3.144029841868009600e-01
5.540662458151709435e-01
3.113063223787925216e-01
5.708513734056286371e-01
5.949681918009223081e-01
5.586131968340832810e-01
4.537253825729883894e-01
5.154316996053807109e-01
3.984792593152264306e-01
4.985002168357716701e-01
5.431970839752487956e-01
3.145921107960459873e-01
3.830671195450822131e-01
2.283197162729194429e-01
4.454894982708313411e-01
4.343544323902650550e-01
4.023157813320129561e-01
6.241283045037502308e-01
1.643171812932857079e-01
5.800718198513480361e-01
4.783347282208497142e-01
5.321744209053279606e-01
3.670872221269965707e-01
4.895584758315931206e-01
5.600350224114576392e-01
4.420375133449468419e-01
5.955528410783056392e-01
5.198482814494231885e-01
3.031393015519094347e-01
5.881252389250599677e-01
4.561596888685378604e-01
4.475507938501108174e-01
2.970423169954850562e-01
3.259678954405713647e-01
5.100082502977012489e-01
6.408619065647351842e-01
3.679865351434948306e-01
4.439463926150845063e-01
3.600333247982293594e-01
1.675041799646120599e-01
5.350211428496716159e-01
5.319422441001588897e-01
5.114233999427409971e-01
6.002669580498833923e-01
3.606140050405642339e-01
3.492046373246975866e-01
6.151291910594881562e-01
2.741336116069892359e-01
4.178545993841717987e-01
5.333263578160796214e-01
4.114891289290766863e-01
5.027398274872615369e-01
5.341729484393702432e-01
6.298053714715684537e-01
5.165558110713421858e-01
4.979997737561673854e-01
5.695701228259757443e-01
4.900049291832506704e-01
3.969810649967009941e-01
5.296566112511289504e-01
5.367173425003225473e-01
4.960629019064686784e-01
2.717629858418467714e-01
4.813593959987571003e-01
4.345183186348719473e-01
5.923191657607110860e-01
5.041945789263031497e-01
1.880028677518224001e-01
4.282735627231443742e-01
3.387467804357084389e-01
4.878202718246100744e-01
5.389108489590762607e-01
5.720163332124241773e-01
5.431970839752487956e-01
3.781282802077802208e-01
1.732192792394674219e-01
4.092779219834267179e-01
4.634429871932769229e-01
5.392040850435423360e-01
3.906660493899380415e-01
5.862222910683742017e-01
5.693439650552858389e-01
5.505430354920399783e-01
4.006478696570789921e-01
6.468868585294914597e-01
5.367173425003225473e-01
4.130213414098329872e-01
2.632439696252109051e-01
3.104746888623355350e-01
3.861636444647242872e-01
5.512239814216859379e-01
5.367173425003225473e-01
2.051372719856399129e-01
6.468868585294914597e-01
6.168748054355536192e-01
5.247430096799766686e-01
4.345183186348719473e-01
3.981160354415461677e-01
4.290445236153712094e-01
2.569927076183474157e-01
2.498002743776384094e-01
4.097115969048246154e-01
5.706547624223529125e-01
5.504589249186322419e-01
4.331918148608701058e-01
5.158742789227238612e-01
4.141049077265812617e-01
4.590042761027305351e-01
5.635990815951203992e-01
4.237266194996970881e-01
3.870568660008880668e-01
6.287050981219908241e-01
5.124971252644023867e-01
2.522742138569289971e-01
2.780509336190834513e-01
6.222253566470645758e-01
4.503301714994106253e-01
4.276963266212108761e-01
1.668638740809738341e-01
5.421456890230897940e-01
5.347793499745673307e-01
4.937392889280476371e-01
5.022546491755116582e-01
5.431970839752487956e-01
6.468868585294914597e-01
3.812027382446388502e-01
5.330831503239165103e-01
5.881252389250599677e-01
4.046637428738696363e-01
5.939332712649154633e-01
5.635990815951203992e-01
2.760043831099879830e-01
4.363859923239968852e-01
4.982305675418959856e-01
6.129443881854998999e-01
2.508645302880471162e-01
3.923741899260829169e-01
5.766753346869615271e-01
5.662745797873881548e-01
3.185100491695772584e-01
4.307507487537819979e-01
4.418836811714717538e-01
3.847183661787585418e-01
6.071598455567098762e-01
2.873439581311458824e-01
3.901865086545773242e-01
4.866906221484540995e-01
5.635990815951203992e-01
4.239131969918686904e-01
4.363345563904025282e-01
4.239035299915617783e-01
4.240482066511772063e-01
5.462209321899299530e-01
4.630416440151694513e-01
3.969810649967009941e-01
5.266271139227703957e-01
5.955528410783056392e-01
4.121352535557119001e-01
2.984425900868301618e-01
4.283787963044265457e-01
5.907774168277026838e-01
5.304443492314311337e-01
5.238277387228711390e-01
5.035866422041875845e-01
5.708513734056286371e-01
4.270971245617815049e-01
2.722127899962040742e-01
5.708513734056286371e-01
3.259858805139118632e-01
3.757104229671365814e-01
3.783339321635491026e-01
3.172719142677549176e-01
2.043468014349866801e-01
5.323955464434753093e-01
5.105873126172486565e-01
5.702189724353760036e-01
2.566958165001653192e-01
3.845187189138131734e-01
3.638587881682871505e-01
5.408817630849778180e-01
2.692070548044298572e-01
5.987989072356373343e-01
3.307442645015392091e-01
5.248710097610461700e-01
6.081259795326978690e-01
4.689008544146353596e-01
5.987989072356373343e-01
5.114934200571503720e-01
6.224021839873020712e-01
5.565465542933519805e-01
3.358365500848262131e-01
2.798645618686713132e-01
2.177018332457400784e-01
2.836723993804184385e-01
2.980141686852429417e-01
5.727543212623142921e-01
5.695701228259757443e-01
2.963392412996374570e-01
4.560859051035994205e-01
3.778300617817479390e-01
5.635990815951203992e-01
6.333164429043930399e-01
3.862108206443933267e-01
5.417174936899892268e-01
5.214271874146523267e-01
4.255366568462614629e-01
4.956761641038114896e-01
4.660378660371472526e-01
5.553846859601186958e-01
4.757485405929403055e-01
5.641750209474266642e-01
3.523565611844895473e-01
5.630903813510494960e-01
4.943600266353017636e-01
6.039542718512476149e-01
4.087995314429501703e-01
4.010533324786198506e-01
3.377745426105814297e-01
4.383141649543905727e-01
3.104195287752349874e-01
3.967105926056548881e-01
6.062230316760122140e-01
2.352493387135186353e-01
2.732579976357781826e-01
5.350211428496716159e-01
4.561621366445655079e-01
5.319422441001588897e-01
4.876502014895437997e-01
5.487066397032693832e-01
3.062702049921470770e-01
4.592153286527507761e-01
4.601434548514316547e-01
6.201000794245478120e-01
5.367173425003225473e-01
4.345612954494850189e-01
3.594248235805042047e-01
4.291292278913975689e-01
4.830691979044147710e-01
5.026519451560410578e-01
5.448866254672253273e-01
3.083729601806606269e-01
5.472698211599221763e-01
5.164103048703051480e-01
2.803427869374096604e-01
3.172719142677549176e-01
2.973263550548219669e-01
4.248874387712128775e-01
3.176520257172352757e-01
5.051191701414298185e-01
4.316739181800220426e-01
3.398506114276587109e-01
4.123648404995102768e-01
4.177044019762035654e-01
4.794579058940369176e-01
3.075391031896905214e-01
5.068153697920807499e-01
2.324101609084377740e-01
5.092546136312572358e-01
6.306330680702929570e-01
6.387109174039142800e-01
5.499119348053587153e-01
2.861664261101263262e-01
6.198219246546585737e-01
1.873494223519830970e-01
4.692617689597473607e-01
5.470718758009078808e-01
4.684647502184469126e-01
4.888468972582203365e-01
5.229135090320180534e-01
5.611652615287113788e-01
5.852284916105389145e-01
4.107024792996358808e-01
4.910201487081488070e-01
3.614006049869077364e-01
4.368221295729571851e-01
4.703756297009784593e-01
5.217895160571255353e-01
4.182510332902054651e-01
3.477743167692026738e-01
3.721706761759516202e-01
3.776951078340296530e-01
5.992848481517487613e-01
3.092595377978663018e-01
5.141780792720730409e-01
4.998342927087710552e-01
5.022546491755116582e-01
1.367652966258283698e-01
3.384147329134577498e-01
2.163460909689820799e-01
2.566958165001653192e-01
5.102207486466405761e-01
4.229018327921687526e-01
2.887942576320636778e-01
5.194028672852274431e-01
3.551852579348325767e-01
2.740580983921432345e-01
5.587189766176170469e-01
5.258807602994794994e-01
4.851343791592364618e-01
3.172719142677549176e-01
5.319422441001588897e-01
5.867687842467352866e-01
1.898601433299576813e-01
5.132951112670069982e-01
5.431970839752487956e-01
6.423100649112508664e-01
4.186264206878617111e-01
4.313180687123454038e-01
1.875820774868880436e-01
3.001973416833972896e-01
2.574443351839511007e-01
4.276470316341395295e-01
3.029553690090616147e-01
5.321405488820819540e-01
2.666295539230814637e-01
3.536781897785848394e-01
5.695701228259757443e-01
4.173830626165726532e-01
5.611736870752231932e-01
4.397525976787020618e-01
2.508645302880471162e-01
5.202223074470621045e-01
6.074163766419889976e-01
5.988453114563867530e-01
6.386873775939934106e-01
3.925337230790629794e-01
5.222112124669180400e-01
4.548028948276344741e-01
4.144425039569194502e-01
4.720833668477915634e-01
4.235957094234918396e-01
2.402562712302075409e-01
4.146709390428011122e-01
4.957573905630274225e-01
5.431970839752487956e-01
2.632439696252109051e-01
1.535980321607796906e-01
5.630903813510494960e-01
4.772557932418610704e-01
5.039173655367741311e-01
6.306330680702929570e-01
5.571193401201941509e-01
4.117212853620970670e-01
3.206925940611271564e-01
4.348585377793527385e-01
4.734074613033934509e-01
2.138013024574979271e-01
4.803290691743986041e-01
3.969810649967009941e-01
5.624788212967758438e-01
1.587760153702203192e-01
5.955528410783056392e-01
3.899264588003113485e-01
4.087708365439573499e-01
6.191029793668078041e-01
2.895077848638213935e-01
3.971638965080642736e-01
6.306330680702929570e-01
4.559299134823642241e-01
5.558556503327036769e-01
6.202887982790006305e-01
3.103440416492119769e-01
6.074993883666424122e-01
5.982606621790034218e-01
3.599320130634472426e-01
6.243987182728991669e-01
2.971366408753908228e-01
3.280337992830339444e-01
2.882094758317743088e-01
5.468967734411780413e-01
6.067375560679358903e-01
3.257936489189651730e-01
3.332172734101811473e-01
4.077397317321861947e-01
1.994942679779918016e-01
5.283633072194665603e-01
5.296266683501503758e-01
4.830691979044147710e-01
5.687132471779086096e-01
5.554231404695433305e-01
5.139218461814381023e-01
3.940097022970293628e-01
4.851946754184137123e-01
4.112479417096374656e-01
3.704198402934519851e-01
4.576693160161147134e-01
2.762125145433423912e-01
4.404170590061216028e-01
6.151131744969836612e-01
5.325768485885340464e-01
5.852284916105389145e-01
4.939880083337032657e-01
4.010195815449310586e-01
5.064972871698713019e-01
3.033616747802238556e-01
5.350211428496716159e-01
3.636306673955565505e-01
2.564583172632744490e-01
1.964511160091012287e-01
2.376886664318991760e-01
1.537901717692387038e-01
5.176628570170210830e-01
3.536781897785848394e-01
3.704198402934519851e-01
3.150772772586889481e-01
4.213270892934610767e-01
2.728959072227170601e-01
5.743002569836951343e-01
2.652321270079981974e-01
3.083729601806606269e-01
3.707030649219951735e-01
3.367370041495296173e-01
3.126643001870495486e-01
3.704464784369443930e-01
4.145803701864431701e-01
6.222253566470645758e-01
5.702189724353760036e-01
5.385679297773187102e-01
3.817349169743056159e-01
6.404071170545652114e-01
6.306330680702929570e-01
4.170360994593624304e-01
6.074993883666424122e-01
3.770224055567108490e-01
4.253138117324623546e-01
3.659896875841419650e-01
5.482901386071484806e-01
4.095074930244763656e-01
3.229218860699493154e-01
2.996301247289121505e-01
5.791039819945777989e-01
3.681288369926354886e-01
4.800931777781604626e-01
4.238631465722636493e-01
2.862549907004485750e-01
5.234982121500800778e-01
3.850036767698112317e-01
5.536884863094678755e-01
5.791316169182020301e-01
4.100701556603966180e-01
5.035694712892175851e-01
5.341745615809391223e-01
5.638414848031688686e-01
3.421099446642587028e-01
2.509946204892074539e-01
5.386202903570082023e-01
5.082481970573191621e-01
5.571150012682833941e-01
4.367541572752484114e-01
5.068153697920807499e-01
4.734147884169090936e-01
3.154611759529726833e-01
5.068153697920807499e-01
2.941274546832059467e-01
1.803054056192653631e-01
2.570303825812664256e-01
2.311444351533535890e-01
5.068466063245005149e-01
3.342698179335870101e-01
6.468868585294914597e-01
2.918327202649345087e-01
4.423964176994696906e-01
2.592651801632694375e-01
3.135551025305575723e-01
5.068153697920807499e-01
5.695701228259757443e-01
3.847183661787585418e-01
6.039438496262860001e-01
4.920545941365453424e-01
4.353992244795818478e-01
5.624011047716862555e-01
3.483125902013294306e-01
5.141780792720730409e-01
3.133662306771106132e-01
6.151131744969836612e-01
4.601434548514316547e-01
3.810348301637001001e-01
4.761721689268528235e-01
3.176661542181031250e-01
5.987989072356373343e-01
5.118335112520646657e-01
3.803330548553634505e-01
2.502697745540067298e-01
2.156254874298044744e-01
4.074841069996443244e-01
2.589766212538975876e-01
5.702189724353760036e-01
5.708513734056286371e-01
6.217285757730041107e-01
4.448237457025798758e-01
4.417487252489023519e-01
5.530124079721424613e-01
5.923191657607110860e-01
3.516068230820899032e-01
3.287792094471739257e-01
5.300907434025372567e-01
4.698465404700227777e-01
5.584171295585104167e-01
4.093713143572280111e-01
2.598453083827388377e-01
5.503216301486668627e-01
4.347397785465004216e-01
5.211688818736472939e-01
5.554458298461963928e-01
3.275790123713522850e-01
5.749033952332802677e-01
3.274385962971784192e-01
5.051191701414298185e-01
2.219470224359637034e-01
1.321792725533240676e-01
5.336701900027046586e-01
5.875080503371366003e-01
4.420375133449468419e-01
4.111933117141607363e-01
4.472953192062561478e-01
8.610776994403923634e-02
4.514093173717139140e-01
6.287050981219908241e-01
5.614428064853541622e-01
4.414788645420142932e-01
4.352355220000711511e-01
4.601423537160075905e-01
5.296266683501503758e-01
5.908658328884306421e-01
3.794763528902577732e-01
6.404071170545652114e-01
5.987989072356373343e-01
3.790933209477487797e-01
5.649933292077351510e-01
3.210421077905641907e-01
3.360433083729958414e-01
3.083729601806606269e-01
5.549630650104279139e-01
6.358303234363246181e-01
5.770721815447640290e-01
2.893729454574696658e-01
6.275175132771138031e-01
5.296266683501503758e-01
5.442459124524321457e-01
5.633357730285819542e-01
2.305235320783007302e-01
1.652368476454085522e-01
5.614428064853541622e-01
5.367173425003225473e-01
1.973318405832636679e-01
3.714282294318678734e-01
3.669659920435399680e-01
5.445404248104371847e-01
2.088306867258361565e-01
3.995997879854480406e-01
2.284720161697831042e-01
6.408619065647351842e-01
4.252620480775169964e-01
4.419171976175715888e-01
4.158049165532772262e-01
5.987989072356373343e-01
4.733127402705279430e-01
6.062230316760122140e-01
5.383881339239877661e-01
4.749524233192189970e-01
6.222253566470645758e-01
3.083729601806606269e-01
2.979768325652050742e-01
1.936650997417595499e-01
5.766987139103022519e-01
3.562226259350484980e-01
5.597466204507822729e-01
5.364851860673021111e-01
3.575272010658472333e-01
6.468868585294914597e-01
5.026519451560410578e-01
4.418836811714717538e-01
5.991323575258400425e-01
5.068121328031708339e-01
5.783375870621436654e-01
3.083729601806606269e-01
3.916665423458892126e-01
5.386202903570082023e-01
4.811312053786596099e-01
4.279159539749138874e-01
3.772905854573932460e-01
2.887942576320636778e-01
5.791039819945777989e-01
4.847436818839678807e-01
3.673940773046739383e-01
4.559299134823642241e-01
4.814935252902119434e-01
3.958659309961773398e-01
5.599614795783592891e-01
6.306330680702929570e-01
5.587189766176170469e-01
5.306649080912385630e-01
5.132951112670069982e-01
6.026638473604374324e-01
3.703083116142881215e-01
5.773311148805548854e-01
3.172719142677549176e-01
2.627941692126768425e-01
5.229135090320180534e-01
3.314258570390267167e-01
1.359208646187816394e-01
6.241533265953668197e-01
3.169363488080336189e-01
6.468868585294914597e-01
4.117253699779074849e-01
5.596004930031500679e-01
2.137833793321197440e-01
6.296867818680357276e-01
4.202252020747376804e-01
5.431970839752487956e-01
5.323955464434753093e-01
4.620810800548734165e-01
5.648503963416831031e-01
5.431970839752487956e-01
3.062702049921470770e-01
3.821568185607383539e-01
4.525892140171338118e-01
5.051191701414298185e-01
1.876050285832879527e-01
4.849223437569818995e-01
3.085253393833887747e-01
3.301376088341811954e-01
4.975711389667167306e-01
4.306813170410751512e-01
5.456746108236186776e-01
5.412590914494935790e-01
6.294751223111364480e-01
2.669113767191285125e-01
5.019204935516307087e-01
2.906697125465286247e-01
4.390720791484202246e-01
6.287050981219908241e-01
3.122164085201193928e-01
6.357481155800278616e-01
3.521167738226954058e-01
1.125389672256064538e-01
4.089877430724766505e-01
6.387109174039142800e-01
5.733257268760835190e-01
4.937697669097477204e-01
3.851081865161780082e-01
5.350211428496716159e-01
6.387109174039142800e-01
3.100865811366191327e-01
3.056781500229603377e-01
4.700292902849123045e-01
6.387109174039142800e-01
4.053821303182410518e-01
5.360782034418939412e-01
5.276932069644439949e-01
2.982791830034753344e-01
2.911894340190960273e-01
6.468868585294914597e-01
5.350211428496716159e-01
6.178302665883634859e-01
6.306330680702929570e-01
5.791039819945777989e-01
3.976944397491622429e-01
1.553533770442074025e-01
4.064117343470795563e-01
5.695701228259757443e-01
5.852284916105389145e-01
4.396381165970725813e-01
3.783339321635491026e-01
3.758622197966552947e-01
4.297738874902999329e-01
4.261122498720402163e-01
4.690974208078509400e-01
6.333164429043930399e-01
5.987989072356373343e-01
5.051191701414298185e-01
3.377745426105814297e-01
4.469732113177102284e-01
4.975711389667167306e-01
1.520101759622707327e-01
3.808093862497303195e-01
5.654438740352123460e-01
4.063430954851386945e-01
4.024710452725701049e-01
4.071778044684696285e-01
3.707030649219951735e-01
6.291522771794753055e-01
3.546787696279865010e-01
4.051232630879939012e-01
4.282102710305343840e-01
5.702513642557170970e-01
4.897161582372292488e-01
5.319422441001588897e-01
4.433015617238300066e-01
6.378627229936129073e-01
6.062230316760122140e-01
1.844052103216464455e-01
4.680068014661384335e-01
1.766199974453190324e-01
6.170626524451945372e-01
5.900099134840771642e-01
1.285369034537717225e-01
4.229106727456029557e-01
4.970148219432917736e-01
5.913030450800524918e-01
4.855402302988766072e-01
5.259970073137930635e-01
3.874192900598535938e-01
6.404071170545652114e-01
4.305899590757744644e-01
3.386099011120608515e-01
4.301843307824954055e-01
3.046589375569208058e-01
3.513833142104261231e-01
5.321405488820819540e-01
3.981081735591276982e-01
3.360620240373213830e-01
6.387109174039142800e-01
4.983658675043232122e-01
6.030697969308164152e-01
3.628158997315371059e-01
6.306330680702929570e-01
4.113653326824631140e-01
5.051191701414298185e-01
5.649933292077351510e-01
4.550617292129888747e-01
5.813703895637465369e-01
5.845025516078024008e-01
4.060154707979422573e-01
2.155519567576315298e-01
4.254941830989933949e-01
2.528461313729034599e-01
2.508645302880471162e-01
3.949938779934039079e-01
5.250498747319097825e-01
4.970148219432917736e-01
4.878753010518372402e-01
5.925645574382435443e-01
4.684647502184469126e-01
2.096183387481436455e-01
4.489148026458935070e-01
4.017088572927779988e-01
3.876681973881867527e-01
1.768839352617969096e-01
5.204160278718950039e-01
3.728274018035470649e-01
3.354858544589470748e-01
5.549630650104279139e-01
4.756806135089288734e-01
4.058547153160414478e-01
4.025425200207588539e-01
4.645661186133714926e-01
3.696245765711845266e-01
4.698652500019158129e-01
3.847183661787585418e-01
5.899925155651646325e-01
3.887280568641828249e-01
7.032577516581935140e-02
3.673454776730856186e-01
5.773311148805548854e-01
5.068153697920807499e-01
5.586036062293339155e-01
5.370352987320585747e-01
5.512854171699753669e-01
2.521190228819247814e-01
2.880578723297890220e-01
5.200426309163163063e-01
1.199858708463918539e-01
4.683716997017732253e-01
3.720266657687496537e-01
3.910118775274360470e-01
4.605220790301188249e-01
5.925645574382435443e-01
2.848359208719413171e-01
2.917956709140711591e-01
4.086930755327471965e-01
2.720914082649673049e-01
3.891373691903079468e-01
6.387109174039142800e-01
6.134831359976602450e-01
6.243987182728991669e-01
5.911112245659631004e-01
2.760429970626578910e-01
5.124971252644023867e-01
5.172217042697832001e-01
5.341729484393702432e-01
3.043383783674327714e-01
3.491117190191112551e-01
2.844945152576789926e-01
3.665064732845692008e-01
5.782960269433802258e-01
3.466599964073518447e-01
5.483660770386283856e-01
2.346500825015920277e-01
5.727543212623142921e-01
4.411578632976877468e-01
2.973781090433906260e-01
5.554231404695433305e-01
5.559997072008773245e-01
6.151346824968924043e-01
1.551966808168706302e-01
5.496948410817384945e-01
2.341472983918615747e-01
3.027637754989147001e-01
4.253826978665548042e-01
4.072638345971927865e-01
3.239603754737984120e-01
4.788084374286507017e-01
5.773311148805548854e-01
5.801956422907241784e-01
4.955305801560030421e-01
5.798563846908731945e-01
2.749722080328344531e-01
5.605459872900971918e-01
2.822904799320016811e-01
4.095165211084672574e-01
3.046262131300706555e-01
4.672162239617045909e-01
6.009254957593160862e-01
4.842659849320022358e-01
4.138013974270501882e-01
3.637835744032388297e-01
5.664412210532854264e-01
1.934664875066946232e-01
3.207496674671710957e-01
3.207871035770407664e-01
5.350776483301014075e-01
1.353464784349331651e-01
1.579649199938795157e-01
3.004774032240392634e-01
4.664583097676749390e-01
5.582652799277083577e-01
4.639359141972926315e-01
5.593669746504146278e-01
5.438830694132047450e-01
1.824339754383427492e-01
4.641324319468062565e-01
4.028793709006981416e-01
5.254625026252326414e-01
4.060270758548016889e-01
6.134831359976602450e-01
5.672684456625857186e-01
4.342376377185463987e-01
5.350211428496716159e-01
3.013602555444039321e-01
4.071518343443627508e-01
2.835578996936123364e-01
3.933891018938997508e-01
5.132951112670069982e-01
6.287050981219908241e-01
4.559573971739663834e-01
5.321405488820819540e-01
4.385340733605937458e-01
5.096144903401214066e-01
6.070432581404221484e-01
3.379618233576406339e-01
5.360149812848322703e-01
3.389335065614137998e-01
2.428527579147305715e-01
3.716618944432860117e-01
1.579649199938795157e-01
4.189389631250255430e-01
5.347889864166511797e-01
5.992150445433889194e-01
5.614428064853541622e-01
4.920545941365453424e-01
1.737808753518284288e-01
3.161523316551725360e-01
2.853886538523520144e-01
2.784474287455026564e-01
4.026169048680229290e-01
5.379386877373858455e-01
5.374222163501097826e-01
5.024935737352335119e-01
3.280337992830339444e-01
5.431970839752487956e-01
5.669230138465310986e-01
4.168113331272152999e-01
3.865313753644814554e-01
6.422278570549541099e-01
4.015578586149415319e-01
2.011003240928582181e-01
5.083187788609706548e-01
4.392093928353807408e-01
3.122484776082071201e-01
4.753468541025517857e-01
5.431970839752487956e-01
3.818094497275266730e-01
5.296691224528464748e-01
4.447009565261120789e-01
3.377745426105814297e-01
3.790918548806205268e-01
3.615613812567153862e-01
4.915606833448395441e-01
2.973830409742828640e-01
4.940467334428833013e-01
3.280337992830339444e-01
4.566124947966394565e-01
3.332393742811922133e-01
6.387109174039142800e-01
3.582876575169410271e-01
4.583763301887877617e-01
6.408619065647351842e-01
5.172127224388849420e-01
1.779197544590153945e-01
3.259079618264285605e-01
3.591305848952923707e-01
5.318981065927687046e-01
2.412748615141959985e-01
4.071444917438565847e-01
5.879524718787818571e-01
3.791409980120325485e-01
4.223011399280020561e-01
6.306330680702929570e-01
3.750005300851276258e-01
5.644661574533043069e-01
4.450977784384264613e-01
4.374097130633877173e-01
5.555664949143457321e-01
4.601377698786150439e-01
4.052064992181013681e-01
4.290155370620457043e-01
2.737953893488372925e-01
5.579003338798879108e-01
4.743928669162748024e-01
4.186228960982609770e-01
3.504353601944049657e-01
6.387109174039142800e-01
4.773925256989470234e-01
5.187632537428257251e-01
3.763138264704126712e-01
4.527860428576729879e-01
5.664412210532854264e-01
4.254646244624723517e-01
3.555214548272234154e-01
3.445743559025203906e-01
4.368289928043322390e-01
5.649933292077351510e-01
5.198482814494231885e-01
3.844005184598960900e-01
4.469732113177102284e-01
5.782257989499027806e-01
5.429534946092373637e-01
4.102626006432067429e-01
2.201142984151741033e-01
4.792137298932951373e-01
3.376031961059156594e-01
4.852882888716039678e-01
3.624563057382055864e-01
3.606140050405642339e-01
4.684647502184469126e-01
4.021120092266575741e-01
5.594986372488466309e-01
3.723704491037936881e-01
2.508645302880471162e-01
2.631690780727182211e-01
5.532433255498561131e-01
6.018916297353040790e-01
2.917340903780107908e-01
4.133668491017474245e-01
6.287050981219908241e-01
6.356320186544015538e-01
4.351176486438678159e-01
6.296867818680357276e-01
2.655016931502466315e-01
5.433329171474857722e-01
4.343544323902650550e-01
5.386202903570082023e-01
6.038583346218938663e-01
2.987805593561561612e-01
5.702189724353760036e-01
3.688464644311337248e-01
5.727543212623142921e-01
4.186317758605367367e-01
1.635420346520818635e-01
4.117212853620970670e-01
5.386202903570082023e-01
5.002540750720433360e-01
4.828827908730790597e-01
2.497802710064251086e-01
5.229135090320180534e-01
3.977362176212496103e-01
1.510458543799385045e-01
4.447012612768260209e-01
6.423100649112508664e-01
4.015578586149415319e-01
5.727164269869784441e-01
2.099325545078666588e-01
3.737532197130550293e-01
4.792137298932951373e-01
2.218933388099448012e-01
5.957245446152710233e-01
3.447670029437847616e-01
5.774602441607227243e-01
2.617763136772547905e-01
5.878411271725932918e-01
4.755254487266872832e-01
5.102207486466405761e-01
2.871692849377522894e-01
3.932916457961344037e-01
4.635053057000292909e-01
3.083729601806606269e-01
5.920053013166133304e-01
4.369046833400234142e-01
5.296999719144412921e-01
3.033928962414111918e-01
6.306330680702929570e-01
4.820680431654500997e-01
2.791967623152356581e-01
2.883977625056444172e-01
6.260562744520524747e-01
4.299483361742998944e-01
4.186580582190039812e-01
4.015578586149415319e-01
2.036770652801519754e-01
5.023992644068624447e-01
5.350211428496716159e-01
6.357481155800278616e-01
4.406202007182027924e-01
2.936139828869439028e-01
2.634543436579526721e-01
4.573628364759135256e-01
4.424721820322300436e-01
6.468868585294914597e-01
4.328616953130370870e-01
3.052338621475558789e-01
3.715356724558260271e-01
3.541172495993644698e-01
3.135299123687144696e-01
4.748491453602706192e-01
4.063086970081525862e-01
4.847096706856857673e-01
2.522742138569289971e-01
5.571150012682833941e-01
3.008574615604177049e-01
4.713153646983419542e-01
5.301196487790865719e-01
6.134831359976602450e-01
6.222253566470645758e-01
4.117212853620970670e-01
4.166283319865324297e-01
3.647858547034180665e-01
5.061363171210480072e-01
4.888597250597587207e-01
6.031676727364203572e-01
6.071709849644566503e-01
5.431970839752487956e-01
2.239971956535800612e-01
6.151291910594881562e-01
5.431970839752487956e-01
2.861046197134584079e-01
3.576047275894684851e-01
3.925337230790629794e-01
6.275175132771138031e-01
4.579229677684206745e-01
2.339149129800475457e-01
3.043383783674327714e-01
5.574170855174068739e-01
3.673454776730856186e-01
3.946533136657304763e-01
6.198219246546585737e-01
5.687951461259100894e-01
5.197902064820288937e-01
6.241533265953668197e-01
3.985454215059491823e-01
3.496364169086914608e-01
5.140794554136423056e-01
5.614428064853541622e-01
5.367173425003225473e-01
3.737689252884735525e-01
2.637124088907548680e-01
6.122994131301116028e-01
2.928444723669756944e-01
3.569729579479458681e-01
5.350211428496716159e-01
2.671612671075750400e-01
4.083647627658351653e-01
5.897239098242111899e-01
1.102461307432273663e-01
3.687650723962399568e-01
5.388810783898452250e-01
2.964009487458689751e-01
3.172719142677549176e-01
4.263871430193499346e-01
3.250850695208483687e-01
5.296266683501503758e-01
3.328781058219666411e-01
4.326726336660008387e-01
3.207886883431169123e-01
3.361925752103154252e-01
5.315050110166907871e-01
5.669230138465310986e-01
4.560096825014332556e-01
5.635990815951203992e-01
4.023157813320129561e-01
5.702513642557170970e-01
3.546771818476638360e-01
6.468868585294914597e-01
4.979362621275032486e-01
7.748585961715435955e-02
3.408108244880876936e-01
5.571193401201941509e-01
4.725035854452884765e-01
5.987989072356373343e-01
3.992438742831393439e-01
3.251503452112849413e-01
2.951748829909257021e-01
4.316739181800220426e-01
4.801798127310323849e-01
5.304443492314311337e-01
4.232575626254416190e-01
5.169177985842644540e-01
2.887942576320636778e-01
4.994125097173466865e-01
6.198219246546585737e-01
5.784690699491212840e-01
5.493808888087343689e-01
4.363859923239968852e-01
5.712479720558237828e-01
6.134831359976602450e-01
3.762907003398373584e-01
5.140288237641627012e-01
4.301463706094948436e-01
5.164103048703051480e-01
4.307968140277108060e-01
4.244174091268579363e-01
2.620211288021916385e-01
3.233008181175364704e-01
5.296999719144412921e-01
4.197496106259139825e-01
4.700595434454000743e-01
5.431970839752487956e-01
3.956346841380196655e-01
3.546787696279865010e-01
5.169177985842644540e-01
5.214271874146523267e-01
3.068159294337141074e-01
4.316739181800220426e-01
5.298113123591089435e-01
4.299483361742998944e-01
2.522742138569289971e-01
3.545553350909516066e-01
3.942024803021066948e-01
2.520769410906397723e-01
5.410634547954104034e-01
3.280337992830339444e-01
5.766792616264986293e-01
3.907546693800318938e-01
3.328984096823729977e-01
1.419444619395901219e-01
5.124971252644023867e-01
5.108555872068465398e-01
3.713668729894429865e-01
5.431970839752487956e-01
4.670368651741145793e-01
2.346678739355805010e-01
5.431970839752487956e-01
3.553490008468220274e-01
5.122835122678994768e-01
4.846274883985143833e-01
4.305899590757744644e-01
3.803330548553634505e-01
5.069044975267986697e-01
5.114233999427409971e-01
5.840206950996222890e-01
3.176520257172352757e-01
4.412751553200769949e-01
5.572501528050559649e-01
4.939942631030457276e-01
2.717693824886533438e-01
4.828370414713943903e-01
2.693805056689026478e-01
5.587189766176170469e-01
3.812726862250115367e-01
4.780619777870350751e-01
6.247778394904383026e-01
4.579090477702582040e-01
4.281771394725292224e-01
5.296266683501503758e-01
4.603903420109804467e-01
5.476624415244503163e-01
5.204160278718950039e-01
5.637606992554564656e-01
4.528329539915301183e-01
5.144593651164869330e-01
4.610965254988971251e-01
5.437082251353381190e-01
5.158742789227238612e-01
6.306330680702929570e-01
4.174600596722072288e-01
5.708513734056286371e-01
4.200687785847383449e-01
1.072987720474358891e-01
3.262868027190442555e-01
3.100865811366191327e-01
3.217748089560532598e-01
4.165357828741711455e-01
4.142471855656896240e-01
5.637606992554564656e-01
2.536292822936875302e-01
5.687951461259100894e-01
5.114233999427409971e-01
5.202876514257724905e-01
4.368254868199080709e-01
4.762584521483414490e-01
5.431970839752487956e-01
5.773311148805548854e-01
6.222253566470645758e-01
4.283787963044265457e-01
4.031723367423755700e-01
3.849723756909407824e-01
5.955528410783056392e-01
4.189469907910008950e-01
5.695701228259757443e-01
6.296070666896453893e-01
2.539618742512177452e-01
5.205085652390888384e-01
5.026519451560410578e-01
6.422278570549541099e-01
5.267020489219883528e-01
1.734760325474704046e-01
4.427540496262162839e-01
3.813351786226044093e-01
3.986246700997710946e-01
6.170626524451945372e-01
2.020968814822908799e-01
3.324538859681657188e-01
5.158742789227238612e-01
2.906952330282110419e-01
5.532668653597770936e-01
5.633357730285819542e-01
4.063831098151512999e-01
5.549630650104279139e-01
3.937843014140266495e-01
5.894252642066937220e-01
4.865260336883548975e-01
3.083729601806606269e-01
1.959712263487246031e-01
3.750005300851276258e-01
6.089063423794196517e-01
1.545031802387818454e-01
6.404071170545652114e-01
5.987989072356373343e-01
4.246150694836697270e-01
2.449067222229130703e-01
1.915964139576672443e-01
3.737354872127823802e-01
4.266250212197820746e-01
1.584327541234560321e-01
3.964763041649113640e-01
3.157140331914800591e-01
4.593590996872057297e-01
4.936847246223564634e-01
5.636358082137304937e-01
3.144163555921025699e-01
3.141648440587429536e-01
6.103305510824315050e-01
3.925337230790629794e-01
5.567580065948203316e-01
5.504589249186322419e-01
5.925645574382435443e-01
3.046076341462324311e-01
2.887942576320636778e-01
3.468323807482653898e-01
4.561596888685378604e-01
3.017296179830275538e-01
3.500658566058940657e-01
3.920628043359334902e-01
4.159847102238778960e-01
5.238277387228711390e-01
4.878202718246100744e-01
5.499870421363241002e-01
2.259237058750655780e-01
1.767902769067278834e-01
4.276848670796991603e-01
3.146547618053678885e-01
2.379095073836021423e-01
5.875440673605474284e-01
5.691551737549778167e-01
5.321405488820819540e-01
2.165613237591840767e-01
4.097810885906426059e-01
5.404170319662517930e-01
3.932803250139007001e-01
4.258458637598370178e-01
5.959050056816199703e-01
4.097048424981417636e-01
5.367173425003225473e-01
5.068466063245005149e-01
5.636358082137304937e-01
3.522971889477702900e-01
4.146490430366117086e-01
5.597080373681539989e-01
4.173844609151246554e-01
3.714186167919373283e-01
4.977048825385606001e-01
4.164705158107158689e-01
4.792137298932951373e-01
5.559997072008773245e-01
4.177142180258023307e-01
4.473420095725428869e-01
4.198445740457729114e-01
3.350529837177244619e-01
5.773311148805548854e-01
3.667535926450370964e-01
4.876179255617832387e-01
5.925331604231831584e-01
5.281333698954988609e-01
6.332037215190755575e-01
4.502921010465644747e-01
2.079406512482105951e-01
4.299415250166314650e-01
6.404071170545652114e-01
1.725720938059473464e-01
5.431970839752487956e-01
4.378709652219684445e-01
2.045896587548595436e-01
4.390720791484202246e-01
2.914088332255216907e-01
5.437082251353381190e-01
4.074333218314728500e-01
2.737953893488372925e-01
3.916307736340252643e-01
5.350211428496716159e-01
5.386975577593710041e-01
3.582596205551989432e-01
3.080646801998500051e-01
1.955699031270076993e-01
1.652043506382589455e-01
5.098955187263094491e-01
3.653330228651134881e-01
3.878390369797448112e-01
2.637521845755971817e-01
4.099313594838614461e-01
5.521495515393446407e-01
4.887069792622938391e-01
5.105873126172486565e-01
5.614428064853541622e-01
4.226077295401698408e-01
4.428214829974408406e-01
3.988010966491651321e-01
3.958773759861543007e-01
4.363076172380194184e-01
1.937990478666064831e-01
5.141780792720730409e-01
3.604909802331726643e-01
3.536744199956232126e-01
3.113286215664345935e-01
5.567474650472736819e-01
6.210979676557749629e-01
4.362083248405054792e-01
4.963016179634850422e-01
5.101969766358005476e-01
5.375688954048493118e-01
5.518355414759595901e-01
5.818883305520951010e-01
5.323955464434753093e-01
5.316071825392988393e-01
4.523813616614284494e-01
5.162239170677832556e-01
5.304443492314311337e-01
5.367173425003225473e-01
5.462209321899299530e-01
2.489265377622918995e-01
5.664412210532854264e-01
3.253800461767522023e-01
4.234653778747333175e-01
5.346675370207777389e-01
1.730194807425000092e-01
5.146567869320680666e-01
5.396544419483418897e-01
5.528708054281870066e-01
6.404071170545652114e-01
5.296468789767946328e-01
5.498989966200351631e-01
5.431970839752487956e-01
4.089619198149314627e-01
4.071993310735549376e-01
1.899326550828780158e-01
5.228650815242982253e-01
5.104380571093382057e-01
2.915468680449697092e-01
6.246493204392751242e-01
2.240832978124003283e-01
5.764346392054580104e-01
2.886603689606301870e-01
6.243987182728991669e-01
6.287396492861524466e-01
5.888072611485813956e-01
4.337137406830762765e-01
4.560085503920280336e-01
3.958773759861543007e-01
2.129693814442896738e-01
2.736962334239315675e-01
3.052245525953066752e-01
3.083729601806606269e-01
4.023157813320129561e-01
4.316739181800220426e-01
3.155607036695917689e-01
5.296266683501503758e-01
3.783850060757462108e-01
4.156007314961528976e-01
5.574170855174068739e-01
4.349124954939230236e-01
4.538735107527120949e-01
5.923712798997653461e-01
6.256307355016245131e-01
4.300839110567947765e-01
4.374562844189079369e-01
4.875445516304276472e-01
2.668051461498354149e-01
2.716354938172198530e-01
3.098955738454444164e-01
3.171987589212395542e-01
5.051554649952153531e-01
3.931663800523880203e-01
2.545488122771416006e-01
5.633357730285819542e-01
2.909188779567249417e-01
5.412590914494935790e-01
5.766804617123592047e-01
1.816783711965185288e-01
2.891666409693058881e-01
5.187632537428257251e-01
4.552547070937902340e-01
3.399995621848551641e-01
4.152120775681849008e-01
4.469732113177102284e-01
5.630903813510494960e-01
2.949462726629895615e-01
5.321405488820819540e-01
4.543842190046419871e-01
6.468868585294914597e-01
5.691551737549778167e-01
5.618644274350449441e-01
2.745063141425406750e-01
6.127027731509384623e-01
3.315726131129609899e-01
3.207496674671710957e-01
2.575980220499575757e-01
4.729214256983664821e-01
5.367173425003225473e-01
4.184980543238741024e-01
6.408619065647351842e-01
2.668051461498354149e-01
2.813419127766690342e-01
1.425650030971853111e-01
4.568551891393228814e-01
5.540662458151709435e-01
6.134831359976602450e-01
5.478002262653792753e-01
5.927020325433004500e-01
5.816489751630046223e-01
5.180410367502605862e-01
3.854461701291597708e-01
4.332714447049030304e-01
2.402081185386157891e-01
4.698959728651581624e-01
3.006453587014055739e-01
6.064684233535445612e-01
4.041877413835839317e-01
5.267020489219883528e-01
4.276140813466818291e-01
3.785964104610893277e-01
5.677613183062251156e-01
4.676669283363665830e-01
5.296266683501503758e-01
5.198482814494231885e-01
4.078521708177291205e-01
5.585135877328090137e-01
4.590042761027305351e-01
3.983015189701215597e-01
3.470859315752837237e-01
6.101870617241139660e-01
5.431970839752487956e-01
3.809806633227872941e-01
4.806125165453633552e-01
6.112637228179154114e-01
4.354615313451064007e-01
5.596929930560513577e-01
2.928818086948926647e-01
4.230480774835953528e-01
6.214925613123576387e-01
3.991991761259023885e-01
3.629694247636889859e-01
4.216336061479550312e-01
4.970801331810489887e-01
4.427812755477739115e-01
3.789335706650820423e-01
1.730194807425000092e-01
5.386202903570082023e-01
6.287050981219908241e-01
2.951168356714474195e-01
5.019075122314005100e-01
2.432366228286657328e-01
5.321405488820819540e-01
3.540381808209365211e-01
5.684361086248440609e-01
5.176628570170210830e-01
5.590222879768799169e-01
3.775563876372939331e-01
2.384834136786217751e-01
4.144366020622951563e-01
4.000634452009078634e-01
4.392242460026802853e-01
4.070129884847303314e-01
5.367173425003225473e-01
5.368123024901768625e-01
5.141780792720730409e-01
5.114233999427409971e-01
5.431970839752487956e-01
4.175397135262725601e-01
3.134836373448058877e-01
4.989926776709770473e-01
5.431970839752487956e-01
3.871660513632560474e-01
2.508645302880471162e-01
4.733309521399318154e-01
4.276763861334156869e-01
3.648433413730495234e-01
4.316739181800220426e-01
2.853886538523520144e-01
4.125196800549497111e-01
5.431970839752487956e-01
1.876168013985553551e-01
2.486296182686170142e-01
3.775216506292453089e-01
5.460278572296036748e-01
5.366822978312529857e-01
5.748906480888202886e-01
5.407527897141111151e-01
3.949401060187810453e-01
4.002829964708719546e-01
6.149816265438577956e-01
6.260562744520524747e-01
3.921860868094300123e-01
4.759048097327315263e-01
2.702062464374143103e-01
5.775747876060726149e-01
3.606140050405642339e-01
5.599614795783592891e-01
3.626006122691401434e-01
4.178106878413287428e-01
3.280337992830339444e-01
4.673363690203649057e-01
4.755276859212188567e-01
3.543940104361620880e-01
6.120251047466206407e-01
3.819030805386191552e-01
3.932916457961344037e-01
3.083729601806606269e-01
4.559985430936865369e-01
4.473169669008986160e-01
2.377151734036995756e-01
5.272486039443722294e-01
4.194387093939933586e-01
4.087343164532015183e-01
5.302025563563268484e-01
5.437133449889078873e-01
5.118335112520646657e-01
4.316739181800220426e-01
2.690797445700480739e-01
3.990106832359966438e-01
6.468868585294914597e-01
4.623631524097417955e-01
5.639459791664845900e-01
5.095477216622172900e-01
6.275175132771138031e-01
4.500397498896484549e-01
2.173876379621053068e-01
5.118389637121435465e-01
6.274560775288243741e-01
5.064972871698713019e-01
4.803253342111808433e-01
5.033161395667370419e-01
5.748906480888202886e-01
6.109705167719746699e-01
2.146522141590389010e-01
4.629728806336667613e-01
5.877423721424706038e-01
4.387612637705547436e-01
4.851188158770400882e-01
3.562224358296406379e-01
3.299160834406463239e-01
4.725035854452884765e-01
3.029356353609392594e-01
5.319422441001588897e-01
5.664412210532854264e-01
3.246380795293763999e-01
3.135551025305575723e-01
5.297414242479079327e-01
4.824663704340366177e-01
6.404071170545652114e-01
4.765544117604190721e-01
6.306330680702929570e-01
3.059327445068403817e-01
4.762933782224025303e-01
5.381847288291272680e-01
5.816489751630046223e-01
6.193782281952030511e-01
4.765066203626477925e-01
3.246050956694491729e-01
6.134831359976602450e-01
5.203762772364802780e-01
4.027806300063520029e-01
4.132322817051564678e-01
3.137990081845711821e-01
5.498310233868705099e-01
3.204322177327846299e-01
5.758156785524181087e-01
5.449250298777945645e-01
3.500658566058940657e-01
4.198035811250469540e-01
1.576681537070778738e-01
5.773311148805548854e-01
4.556225634485650544e-01
3.328984096823729977e-01
2.932193124190454747e-01
3.745009218478610458e-01
5.187632537428257251e-01
5.745976238331247377e-01
3.540215207687765209e-01
5.286613167270354241e-01
5.474641367425271410e-01
6.231273252147191410e-01
5.290455155986935054e-01
2.825433761478344241e-01
4.803253342111808433e-01
6.260562744520524747e-01
3.946668439945796858e-01
2.797188977834821344e-01
3.636942070878949052e-01
6.356320186544015538e-01
3.982226111940319058e-01
5.258877999162439032e-01
3.092561403263157094e-01
4.480766655288494493e-01
3.179707609757792541e-01
6.182980980155120543e-01
4.205615038421184337e-01
5.250498747319097825e-01
6.016462380577716207e-01
1.739251949791442708e-01
3.771353275453290799e-01
1.739282979899947901e-01
4.613146515499698119e-01
5.291621920911618870e-01
2.783308522428660781e-01
5.430726935063189265e-01
4.322521991860917012e-01
3.381114131350926311e-01
3.816098475723391226e-01
4.527860428576729879e-01
5.718578455872175281e-01
5.105873126172486565e-01
3.787398109511053157e-01
5.773311148805548854e-01
4.529059069677726090e-01
2.522742138569289971e-01
6.362851129464947020e-01
4.353992244795818478e-01
6.306330680702929570e-01
5.657084977486755983e-01
2.004304295341735598e-01
3.590117161101711307e-01
5.306303064124633373e-01
4.796506734012213058e-01
4.251966661608766462e-01
2.705048356157647160e-01
5.341729484393702432e-01
3.934081422653297744e-01
2.338396551446367544e-01
3.083729601806606269e-01
5.641750209474266642e-01
6.243987182728991669e-01
3.893869207358733875e-01
5.587900648146786331e-01
5.051191701414298185e-01
3.355349243129875925e-01
5.422434873937408417e-01
6.009254957593160862e-01
2.144821081727124323e-01
4.609818741643108009e-01
6.299045168985812904e-01
4.570255642251030426e-01
4.458609548831876657e-01
3.566001412867860210e-01
6.038256099871646132e-01
5.158742789227238612e-01
3.473389143727483308e-01
5.582652799277083577e-01
3.350235389989327239e-01
5.089386626010127257e-01
3.087135474789711176e-01
4.894044539684683226e-01
2.880181814596065037e-01
2.313256022809576096e-01
2.872506853917483061e-01
1.730194807425000092e-01
5.260241916595370659e-01
6.311713219617873794e-01
2.155215388529821696e-01
6.241533265953668197e-01
6.016462380577716207e-01
1.530147657988973064e-01
3.289384568703747624e-01
5.024492674300400363e-01
3.624111225991026308e-01
2.699220158820602733e-01
3.758101504555402261e-01
4.601423537160075905e-01
4.819747628384665750e-01
5.110128834771135997e-01
3.324594462135414541e-01
4.929478349015229410e-01
2.886603689606301870e-01
3.681344517023271146e-01
6.210539418833839198e-01
3.191096572168267698e-01
5.367173425003225473e-01
2.958998645672184513e-01
4.573628364759135256e-01
3.863651073454509866e-01
1.502959835467538308e-01
4.684647502184469126e-01
2.247693456140767709e-01
3.264617189230685224e-01
2.008146129188411455e-01
2.416527962619536007e-01
4.084407363288776738e-01
4.851785123011661538e-01
4.013744564755361011e-01
1.536891383845288561e-01
3.097644625423011666e-01
5.367122920783614637e-01
3.841597740228720470e-01
6.134831359976602450e-01
5.635990815951203992e-01
4.490934473688844020e-01
5.023992644068624447e-01
6.423100649112508664e-01
5.158742789227238612e-01
5.396544419483418897e-01
4.358040139808208591e-01
5.132951112670069982e-01
3.638605455779294617e-01
3.449237744233442093e-01
3.035710434058524476e-01
5.290055207053737663e-01
3.167247112863155745e-01
5.766987139103022519e-01
3.438325133589482663e-01
5.748872576851581373e-01
5.525413556667116977e-01
5.016705241691382655e-01
1.405108377699438860e-01
3.783821374485450972e-01
6.404071170545652114e-01
4.989050413646337057e-01
5.324987507092939776e-01
3.630919868322748378e-01
5.571193401201941509e-01
3.719083401716334891e-01
6.468868585294914597e-01
2.928818086948926647e-01
6.241533265953668197e-01
1.964815871307920292e-01
3.191495514966775082e-01
5.630903813510494960e-01
3.343633171572293339e-01
1.663941492912723585e-01
4.522968700456888036e-01
3.631940242728839419e-01
4.327902961288895844e-01
3.845170043272589377e-01
2.446171026105958823e-01
5.522648836778792925e-01
4.733127402705279430e-01
5.017264673366885752e-01
1.812340306237703036e-01
4.112311644136830147e-01
2.503362213311737805e-01
6.423100649112508664e-01
5.671684055240635569e-01
5.247640563962331361e-01
4.982978062343731973e-01
5.344861059906966805e-01
3.783789077354025032e-01
5.633846747084562123e-01
2.987121953103433758e-01
4.279115041155807098e-01
6.159952435290194650e-01
2.203145098639104627e-01
5.051191701414298185e-01
3.518307180891228625e-01
4.132010281266531027e-01
1.845264762642422618e-01
3.121762688390286589e-01
5.132951112670069982e-01
5.925645574382435443e-01
2.435199526440174067e-01
6.387109174039142800e-01
3.873928412941922694e-01
6.176485630288240936e-01
5.431970839752487956e-01
3.152286402445923508e-01
5.132951112670069982e-01
5.374966676147360234e-01
3.478481006380806373e-01
3.768808479146341650e-01
5.658971763785287656e-01
3.542013693194511759e-01
5.780268559792404170e-01
5.504589249186322419e-01
1.915451098194020929e-01
4.656166737340950434e-01
4.594800917491292380e-01
6.062230316760122140e-01
3.482618737371899753e-01
2.553400742234073206e-01
4.807328895434218596e-01
1.263345464397512552e-01
1.891144973270148799e-01
3.328889908896734973e-01
3.958009951880172572e-01
3.180106841508204552e-01
6.044590004617816925e-01
3.755159333897515328e-01
4.552281882728829721e-01
5.367173425003225473e-01
4.499460783342586478e-01
5.591415646207329448e-01
4.108776716710021981e-01
5.554458298461963928e-01
5.350211428496716159e-01
4.297734597791171840e-01
3.447350475655472923e-01
3.298122454554883176e-01
4.477756238971923319e-01
5.092546136312572358e-01
3.335205109723747841e-01
3.280337992830339444e-01
3.420093940786846920e-01
3.013853396879222490e-01
6.088142416622084330e-01
3.377745426105814297e-01
5.051191701414298185e-01
4.163740480739801519e-01
5.773311148805548854e-01
5.319422441001588897e-01
5.323955464434753093e-01
2.566958165001653192e-01
6.127027731509384623e-01
4.969217794299622404e-01
3.648433413730495234e-01
5.925645574382435443e-01
2.769948092102446635e-01
2.670032732990947899e-01
4.865700626828714515e-01
4.255599184100496979e-01
4.218269024994888428e-01
4.368221295729571851e-01
3.090237779890783187e-01
4.597636379665909212e-01
4.458550012266754292e-01
5.434876425773168540e-01
3.956537235739939207e-01
5.431970839752487956e-01
3.673454776730856186e-01
6.178302665883634859e-01
5.686176548199288749e-01
6.219720293939839939e-01
4.573628364759135256e-01
4.419171976175715888e-01
1.847959418969612466e-01
5.457448365304263804e-01
5.852284916105389145e-01
5.599614795783592891e-01
3.672043527312893185e-01
5.470142371716776308e-01
5.691551737549778167e-01
3.083729601806606269e-01
5.104102765664266794e-01
3.396375827792164626e-01
4.408538509702070729e-01
5.619189665873688400e-01
3.783880816465597374e-01
4.905803363651424220e-01
6.241533265953668197e-01
4.127200130090014074e-01
5.591211174277090912e-01
2.598515085838259409e-01
3.922254316649035899e-01
4.569676209490983743e-01
2.699220158820602733e-01
1.715855837315767851e-01
5.249308300810968664e-01
5.110128834771135997e-01
4.464760109436902158e-01
5.132951112670069982e-01
5.247430096799766686e-01
3.786722860091512044e-01
6.387109174039142800e-01
2.497802710064251086e-01
4.509678226634088460e-01
4.223011399280020561e-01
4.447012612768260209e-01
2.613813724468701527e-01
4.316739181800220426e-01
4.222856674889584605e-01
5.503216301486668627e-01
4.707365546400438805e-01
5.364851860673021111e-01
3.977389877137724183e-01
5.551863811781955205e-01
3.675609959851877662e-01
4.016050524643313691e-01
1.643203332596567812e-01
2.559522209124113767e-01
5.599614795783592891e-01
1.333399808174174639e-01
5.840151087654235074e-01
5.276932069644439949e-01
4.351543705851987909e-01
3.307497988659709454e-01
3.675348601814635296e-01
4.554581847384456261e-01
4.478550448227617831e-01
1.947448065757282631e-01
4.719462050164903721e-01
3.207037615325480373e-01
6.127027731509384623e-01
5.132951112670069982e-01
4.133668491017474245e-01
5.244151124633219530e-01
3.558748697191932431e-01
5.716595408052943528e-01
5.695701228259757443e-01
3.250492601686266747e-01
5.845260914177233813e-01
6.241533265953668197e-01
3.601724841394965959e-01
4.374562844189079369e-01
5.599614795783592891e-01
5.098179989587580119e-01
1.812404269587582217e-01
3.805666378584891540e-01
5.367173425003225473e-01
5.695701228259757443e-01
4.157664094504483487e-01
4.830691979044147710e-01
4.724846104518253820e-01
4.354020917555690429e-01
4.260770403548696517e-01
3.387467804357084389e-01
4.084124724671326367e-01
4.604275987212143040e-01
4.416721360519994533e-01
5.939332712649154633e-01
5.222300811302377221e-01
3.213673692045741492e-01
3.341284012335185571e-01
6.241533265953668197e-01
5.051191701414298185e-01
3.481502654403429986e-01
5.386202903570082023e-01
4.015578586149415319e-01
3.891647668199759158e-01
3.877026612431398456e-01
5.347793499745673307e-01
3.847183661787585418e-01
4.165136606955555099e-01
3.835662311592549223e-01
6.423100649112508664e-01
3.312130173526574572e-01
6.333164429043930399e-01
1.907184668557345697e-01
4.167577229864470323e-01
3.387467804357084389e-01
5.633357730285819542e-01
5.479723850575038968e-01
5.468967734411780413e-01
5.742567522601885743e-01
3.716840962395847048e-01
3.398863807631598011e-01
6.376510634367135166e-01
6.287050981219908241e-01
4.504603811270956881e-01
5.618644274350449441e-01
5.620713171027855726e-01
5.493759088577774286e-01
5.504589249186322419e-01
5.431970839752487956e-01
4.196682090285830946e-01
3.478110126217106024e-01
2.497802710064251086e-01
2.538962102426818856e-01
5.624788212967758438e-01
3.664537526583335758e-01
5.223540203976501095e-01
5.068466063245005149e-01
5.043659781283126309e-01
5.619189665873688400e-01
4.024546783298961761e-01
5.614428064853541622e-01
4.646849753415068229e-01
3.639735406360401493e-01
2.117525669315169778e-01
5.957245446152710233e-01
2.522742138569289971e-01
6.275587054499266459e-01
5.283633072194665603e-01
2.601736606466737989e-01
5.766753346869615271e-01
4.046084413250631839e-01
5.328703260205982506e-01
3.370758907891834855e-01
3.328984096823729977e-01
4.401916557325096235e-01
1.663941492912723585e-01
2.002588305603795471e-01
4.444359266169496392e-01
2.522742138569289971e-01
4.559299134823642241e-01
3.057924670880050599e-01
4.344712867232762288e-01
4.375222878939621363e-01
4.749524233192189970e-01
5.526733591868154827e-01
3.090058330363979477e-01
4.405658848279980777e-01
5.755697681126711318e-01
1.592091471036130856e-01
5.987989072356373343e-01
5.459662418737993850e-01
4.973697359551616515e-01
2.331502557087442584e-01
5.200426309163163063e-01
3.083729601806606269e-01
3.755660258009282937e-01
3.328984096823729977e-01
4.757485405929403055e-01
4.833133616402915389e-01
2.429540906452985760e-01
6.404071170545652114e-01
4.559985430936865369e-01
2.911894340190960273e-01
6.112637228179154114e-01
1.039581249677307001e-01
3.003091520386985125e-01
4.394448380191990911e-01
5.908658328884306421e-01
4.451405331342551674e-01
5.791039819945777989e-01
6.468868585294914597e-01
3.216981236150813772e-01
3.679129851385685157e-01
5.002540750720433360e-01
