5.218736692457421888e-01
4.307507487537819979e-01
5.538690317747184677e-01
4.312677948227421343e-01
5.122835122678994768e-01
5.069044975267986697e-01
2.236560244229670869e-01
5.462209321899299530e-01
3.083729601806606269e-01
5.558558983324319858e-01
5.118795794363003582e-01
5.233714109075966459e-01
3.701791257910137523e-01
3.056129885620717523e-01
3.059327445068403817e-01
5.318253975626127117e-01
3.280337992830339444e-01
4.645227974470820254e-01
4.117018385870888086e-01
3.098044973484019859e-01
5.348177531378621730e-01
5.484147548327463761e-01
3.387467804357084389e-01
2.099223190622478419e-01
1.780726291415025420e-01
3.296712748639001322e-01
1.827861286083083125e-01
5.347793499745673307e-01
3.172719142677549176e-01
4.721070698427810575e-01
5.035529169435637442e-01
5.269452925851093594e-01
4.160452291215371301e-01
4.074612115108951493e-01
5.134642431320199929e-01
3.710821436282648600e-01
4.213270892934610767e-01
5.205085652390888384e-01
3.328984096823729977e-01
3.675584390726492900e-01
6.299045168985812904e-01
5.347793499745673307e-01
2.118705470336218477e-01
5.304443492314311337e-01
3.122058672843913141e-01
6.306330680702929570e-01
6.306330680702929570e-01
5.662745797873881548e-01
5.987989072356373343e-01
5.452542297686300277e-01
4.563627986711820683e-01
4.431988302789517942e-01
6.287050981219908241e-01
6.423100649112508664e-01
3.148702140119263304e-01
2.991243453936280328e-01
4.458153077580045420e-01
3.040293389004466440e-01
3.427711377169685436e-01
6.134831359976602450e-01
2.887942576320636778e-01
5.367173425003225473e-01
3.062702049921470770e-01
5.350211428496716159e-01
4.757485405929403055e-01
5.524076795516253968e-01
4.497333760559534266e-01
5.647816647656778155e-01
4.277029124379694291e-01
5.431970839752487956e-01
4.568221393817309961e-01
6.241533265953668197e-01
3.069791266631496374e-01
3.759541730236676815e-01
5.282892489502186706e-01
5.359271574715693820e-01
6.208456077679380680e-01
4.802984073236627460e-01
5.023992644068624447e-01
5.874285076983727372e-01
2.048988386441562282e-01
2.068420932127638945e-01
3.973576214022970787e-01
5.438418886737407254e-01
4.031228268083477673e-01
5.478493162836893804e-01
4.260816969499360840e-01
3.589708040544026257e-01
5.164103048703051480e-01
1.082470649063381335e-01
1.396083121903261837e-01
6.404071170545652114e-01
3.637959476771946421e-01
4.334165257932455773e-01
5.630903813510494960e-01
5.435288720644223526e-01
5.704449118291048393e-01
5.431970839752487956e-01
6.154410779500105733e-01
4.442897764065594779e-01
5.242482985538584606e-01
2.059196913799830886e-01
5.549630650104279139e-01
4.026695941045192462e-01
4.317510893343762257e-01
4.364589055953373986e-01
5.721219202920617697e-01
3.820154516477067275e-01
2.798145306778800911e-01
3.051301532552991858e-01
5.792236556874510445e-01
5.554231404695433305e-01
5.637606992554564656e-01
4.407984225112295262e-01
4.459041178535062544e-01
4.146490430366117086e-01
6.378627229936129073e-01
5.267020489219883528e-01
5.619189665873688400e-01
6.134831359976602450e-01
3.625788592837496660e-01
5.606331374712395510e-01
2.677739929476630198e-01
5.538690317747184677e-01
3.587427269362763460e-01
2.564583172632744490e-01
5.401227213548823736e-01
1.174858264334187052e-01
4.976742375260292950e-01
3.102748171919361142e-01
4.087020704600267673e-01
6.081259795326978690e-01
5.555664949143457321e-01
5.987989072356373343e-01
3.275790123713522850e-01
3.298076873951001908e-01
4.956772814538028538e-01
4.874498803845990214e-01
3.817537936409694521e-01
3.475750821442076255e-01
4.270971245617815049e-01
5.247231968299294058e-01
3.298122454554883176e-01
6.404071170545652114e-01
3.257636382494104033e-01
5.620010443113689913e-01
5.064972871698713019e-01
5.434876425773168540e-01
6.287050981219908241e-01
6.306330680702929570e-01
1.838089104618877423e-01
5.266650136029620288e-01
6.333164429043930399e-01
3.027950232568041300e-01
5.664412210532854264e-01
3.167044073219696942e-01
5.923191657607110860e-01
6.306330680702929570e-01
3.479253337403971358e-01
4.664583097676749390e-01
4.743378340511639757e-01
4.092767951749377575e-01
2.309064667334058685e-01
2.332275322577860299e-01
5.431970839752487956e-01
4.042227378247096325e-01
3.310448048328233916e-01
5.925645574382435443e-01
5.691551737549778167e-01
4.687573357453691525e-01
4.803253342111808433e-01
4.271478633729207663e-01
6.127027731509384623e-01
5.880443978736363819e-01
2.671552595064445867e-01
5.110128834771135997e-01
4.160741573647839808e-01
4.315382020437003585e-01
4.057407061198966547e-01
3.022841050470154167e-01
5.706547624223529125e-01
3.142183444393632508e-01
5.671636134957841469e-01
2.790367210018734889e-01
4.824663704340366177e-01
5.631845246879845224e-01
6.287050981219908241e-01
5.897239098242111899e-01
6.127027731509384623e-01
5.431970839752487956e-01
4.234711086848845230e-01
2.475091716066878111e-01
5.630903813510494960e-01
4.283495923095957392e-01
3.955096755406806164e-01
3.082866097102934244e-01
5.400538165116738343e-01
3.315679839579315780e-01
4.415738516600870023e-01
4.229926095275948206e-01
2.405177014014861225e-01
3.582776859737992758e-01
5.046778200130167535e-01
4.378883354929647975e-01
1.132010671507511640e-01
5.092546136312572358e-01
3.847183661787585418e-01
5.946305181356312808e-01
3.025384668102786834e-01
5.058279388134382382e-01
5.375915978778836868e-01
5.925645574382435443e-01
4.229453962415121171e-01
1.599153273694041699e-01
4.338061076933738547e-01
3.897999575273233264e-01
3.833193433760689328e-01
4.486129590167914349e-01
4.463724885189576663e-01
3.285994398905451863e-01
5.216714995761837503e-01
6.468868585294914597e-01
6.292326297150887537e-01
5.878411271725932918e-01
3.522996571998861515e-01
3.151403425709936590e-01
5.715104712452104829e-01
5.367173425003225473e-01
5.313503638533288997e-01
5.431970839752487956e-01
1.903165478526083199e-01
2.558127945504810596e-01
5.466861270868570433e-01
4.069321351684417332e-01
5.431970839752487956e-01
3.423662998838461480e-01
5.187632537428257251e-01
5.178133749745124081e-01
5.791039819945777989e-01
2.826738917735077683e-01
2.802688447686212392e-01
2.789121405314753388e-01
1.706643728379775016e-01
3.840522203033100990e-01
4.341267731090657778e-01
4.901166016107901813e-01
4.054279407324322682e-01
4.647191473342481283e-01
2.924074005976644575e-01
6.205291569964137555e-01
5.987989072356373343e-01
3.368935107911562588e-01
5.367173425003225473e-01
6.133267669719767445e-01
5.027800545815004352e-01
5.554231404695433305e-01
6.326859654391581156e-01
6.241533265953668197e-01
3.982825400269561777e-01
3.703511199429163625e-01
4.888468972582203365e-01
5.445722821736940222e-01
5.816489751630046223e-01
4.883329543040503262e-01
3.449237744233442093e-01
4.919764746378821885e-01
5.571193401201941509e-01
5.114233999427409971e-01
4.589631108502570389e-01
3.048860861831891311e-01
6.058773794042058292e-01
5.118132553077835434e-01
2.737953893488372925e-01
3.614377375933379155e-01
3.460246115409547629e-01
3.968095887754967133e-01
4.358222443514617739e-01
3.083729601806606269e-01
2.419273849703680035e-01
4.306000357017851776e-01
4.529526831881145466e-01
3.989794467035768788e-01
3.136914541531906075e-01
5.664412210532854264e-01
4.130710038231573122e-01
5.601802996337009732e-01
2.387985588656585390e-01
5.478723908602557424e-01
5.367173425003225473e-01
6.127027731509384623e-01
4.117212853620970670e-01
3.499038379468354942e-01
3.507077892471802127e-01
4.149846635842860398e-01
4.255599184100496979e-01
5.476848377916172517e-01
5.429649275422283594e-01
5.217895160571255353e-01
6.064684233535445612e-01
3.172719142677549176e-01
4.783873416854256821e-01
4.197137468093763979e-01
2.861678048680459385e-01
4.351670680465614116e-01
4.323777731105566402e-01
5.553455544925085530e-01
5.111991740961711050e-01
3.896643272450567852e-01
6.333164429043930399e-01
5.536884863094678755e-01
2.173693595713996340e-01
5.010735077502316281e-01
5.169177985842644540e-01
5.132951112670069982e-01
4.352287539773093683e-01
2.752566883548888677e-01
6.306330680702929570e-01
5.326536062714216646e-01
4.246888091782457519e-01
6.064684233535445612e-01
5.052444162406043437e-01
3.608177149900782532e-01
4.315253974206780807e-01
4.120516219356772925e-01
5.813703895637465369e-01
3.579460395542105600e-01
4.271289500156013608e-01
5.664412210532854264e-01
5.748906480888202886e-01
4.167577229864470323e-01
6.009254957593160862e-01
3.251021100956426602e-01
2.781803758611883781e-01
4.231731111303621562e-01
5.585135877328090137e-01
5.350211428496716159e-01
4.751427964752962252e-01
4.226325647485040249e-01
4.970148219432917736e-01
6.241533265953668197e-01
4.133354809818775011e-01
5.350211428496716159e-01
3.226154462346501606e-01
5.791039819945777989e-01
4.747185449199374241e-01
3.184495381713225992e-01
5.738902451445057062e-01
4.676870008273700807e-01
6.387109174039142800e-01
5.319321975126735103e-01
5.499119348053587153e-01
4.705568508771401648e-01
3.969810649967009941e-01
3.074127409877990824e-01
5.350211428496716159e-01
5.593669746504146278e-01
5.559997072008773245e-01
6.241533265953668197e-01
6.089063423794196517e-01
5.416357577191772688e-01
3.556262205766626550e-01
4.364114554310565275e-01
6.404071170545652114e-01
4.118526236691827380e-01
3.743445245506242802e-01
4.905193823765934824e-01
1.667772380887065087e-01
5.695701228259757443e-01
3.716438328704483873e-01
3.074127409877990824e-01
5.660102711146526300e-01
3.062702049921470770e-01
2.881494032504744451e-01
4.970148219432917736e-01
5.529201810723368693e-01
5.495967055312388494e-01
6.306330680702929570e-01
4.113494569580273263e-01
6.002669580498833923e-01
5.143313307353711838e-01
4.538503619633184050e-01
3.182097796007793411e-01
3.201479691958911689e-01
5.503216301486668627e-01
5.925645574382435443e-01
3.817189173539451974e-01
5.164103048703051480e-01
6.062230316760122140e-01
4.588997466078522658e-01
5.799492977994827880e-01
4.840486326068212386e-01
5.433319573698280891e-01
5.923191657607110860e-01
6.306330680702929570e-01
5.156904116539035021e-01
5.760029763455609686e-01
3.633331296695329615e-01
5.350211428496716159e-01
6.404071170545652114e-01
5.132951112670069982e-01
4.273618567881183328e-01
6.387109174039142800e-01
4.575803606131443879e-01
4.477735655825988981e-01
5.444118400694885063e-01
3.100865811366191327e-01
5.501879666102642563e-01
1.534744453523273489e-01
5.664412210532854264e-01
5.923191657607110860e-01
4.625415781321343678e-01
3.504739489937076513e-01
4.137034130046331470e-01
3.006586614026751647e-01
4.130206932428984734e-01
5.022546491755116582e-01
4.992394024769735705e-01
3.068159294337141074e-01
5.708513734056286371e-01
5.813703895637465369e-01
5.836130747012330255e-01
2.913516387299205923e-01
3.815958248819169008e-01
5.955528410783056392e-01
5.277117535191475639e-01
3.362895263698241766e-01
4.059973347004587341e-01
5.766753346869615271e-01
3.137588006309647293e-01
5.605247189747540881e-01
1.796174880493102699e-01
4.038270103956891344e-01
4.572709559026354453e-01
6.387109174039142800e-01
5.694703608296467490e-01
5.794383151471830251e-01
4.447773435606211523e-01
4.504677809982851611e-01
4.015578586149415319e-01
2.842808238907674756e-01
4.003693265690904113e-01
5.165558110713421858e-01
5.620991104302598407e-01
6.101870617241139660e-01
3.462489597243562645e-01
2.508645302880471162e-01
5.122835122678994768e-01
4.194573108287709684e-01
4.349407560296029152e-01
4.450890560406052798e-01
4.907266788636706067e-01
5.341729484393702432e-01
4.708289769461735386e-01
2.932893510346918919e-01
5.296691224528464748e-01
5.512898641190014937e-01
4.784692969686546449e-01
4.023157813320129561e-01
4.087242203904979387e-01
5.386202903570082023e-01
4.098282295348095738e-01
5.923712798997653461e-01
5.431970839752487956e-01
4.479707320187447661e-01
6.241533265953668197e-01
4.585213449637075556e-01
5.607887041876594703e-01
3.930594893631139675e-01
5.599614795783592891e-01
4.765066203626477925e-01
5.814471926682105440e-01
5.611652615287113788e-01
3.253817311405391988e-01
5.132951112670069982e-01
2.444883808773412326e-01
4.412751553200769949e-01
2.844945152576789926e-01
3.848176138822728687e-01
6.222253566470645758e-01
5.205085652390888384e-01
4.992394024769735705e-01
4.350594885499950437e-01
5.859460687423027059e-01
3.229218860699493154e-01
5.505430354920399783e-01
5.664412210532854264e-01
5.630903813510494960e-01
5.167329627029259020e-01
3.782891314179919751e-01
3.280337992830339444e-01
5.849466462596130123e-01
3.280337992830339444e-01
4.843876447014927034e-01
3.521559643279608687e-01
5.051191701414298185e-01
3.280337992830339444e-01
3.958773759861543007e-01
5.695701228259757443e-01
5.574170855174068739e-01
6.205291569964137555e-01
4.566077586878294348e-01
5.438679833174093758e-01
3.445078410449585182e-01
3.209739431007778143e-01
2.150879644411137770e-01
3.839539673011369558e-01
4.363859923239968852e-01
6.246493204392751242e-01
4.647191473342481283e-01
3.409688061356424549e-01
1.776257590962528887e-01
5.321405488820819540e-01
4.527355871778245833e-01
5.367173425003225473e-01
5.431970839752487956e-01
2.125924221690594362e-01
3.370133056775261871e-01
2.508645302880471162e-01
5.230249197398108008e-01
6.306330680702929570e-01
5.575773272261907998e-01
4.803253342111808433e-01
5.164103048703051480e-01
6.241533265953668197e-01
5.794801888515207500e-01
4.316739181800220426e-01
5.160792790736745683e-01
5.773311148805548854e-01
5.845260914177233813e-01
5.973455743633568904e-01
4.796506734012213058e-01
1.137496933762306983e-01
4.010125689524455805e-01
4.286250002694177441e-01
6.387109174039142800e-01
3.006271505738249417e-01
4.656929070420331995e-01
4.477756238971923319e-01
5.691551737549778167e-01
5.497622886926792907e-01
4.451160306363695640e-01
4.949283648894806098e-01
4.535296690036499379e-01
5.403587408046265361e-01
5.267020489219883528e-01
5.431970839752487956e-01
5.158742789227238612e-01
5.350211428496716159e-01
6.468868585294914597e-01
5.051191701414298185e-01
4.718126867855563789e-01
3.062702049921470770e-01
5.297414242479079327e-01
4.166054112404764531e-01
4.353611608867449245e-01
6.243987182728991669e-01
5.319422441001588897e-01
5.635990815951203992e-01
5.234982121500800778e-01
4.152434715689987677e-01
4.512517357874258339e-01
5.991323575258400425e-01
5.330831503239165103e-01
4.630416440151694513e-01
6.404071170545652114e-01
4.369651714715805380e-01
5.344861059906966805e-01
5.925645574382435443e-01
3.695318750834662991e-01
5.630903813510494960e-01
4.353736076459513438e-01
5.669230138465310986e-01
3.242996975161605566e-01
3.664056032928069140e-01
3.392047120379937941e-01
1.927675524500662985e-01
2.923871218906253788e-01
6.313829815186866590e-01
3.083729601806606269e-01
5.816489751630046223e-01
4.606482473847792192e-01
3.325518016865507409e-01
3.531496339653180661e-01
5.992848481517487613e-01
5.431970839752487956e-01
3.791240189694424778e-01
6.201000794245478120e-01
5.385799011170961936e-01
5.748906480888202886e-01
5.002540750720433360e-01
5.695701228259757443e-01
5.187632537428257251e-01
3.743917905340508057e-01
5.555186942659559035e-01
2.997901837119951174e-01
4.323300091528223255e-01
5.204160278718950039e-01
3.932916457961344037e-01
6.404071170545652114e-01
5.371599149576564702e-01
2.522742138569289971e-01
4.635053057000292909e-01
3.392047120379937941e-01
5.350211428496716159e-01
6.101870617241139660e-01
2.647364920673009880e-01
3.144029841868009600e-01
5.068153697920807499e-01
5.144593651164869330e-01
3.387467804357084389e-01
5.367173425003225473e-01
5.747384395548071900e-01
5.040740622838084661e-01
2.791253467086417528e-01
1.607015352558251176e-01
4.497333760559534266e-01
3.530684678949714272e-01
3.083729601806606269e-01
2.979768325652050742e-01
3.062135893358112204e-01
5.941827956822625101e-01
5.987989072356373343e-01
3.497133738436659089e-01
5.487066397032693832e-01
5.472698211599221763e-01
6.016895483104099940e-01
6.260562744520524747e-01
2.447907504404857604e-01
5.152206117159189303e-01
4.790397369841521424e-01
6.090882225322274968e-01
3.887432291258519634e-01
5.024935737352335119e-01
4.232199861972009147e-01
5.399937947568060892e-01
6.306330680702929570e-01
5.438679833174093758e-01
3.452074353900514980e-01
6.196809625861122717e-01
2.522742138569289971e-01
5.955528410783056392e-01
3.941643065333636509e-01
5.230403746130730669e-01
4.830691979044147710e-01
4.779899536144691652e-01
5.942221136173968521e-01
5.660102711146526300e-01
6.241533265953668197e-01
3.859258259255847201e-01
3.992427624419432330e-01
5.350211428496716159e-01
5.840151087654235074e-01
3.329462074204558863e-01
1.558621648053659936e-01
4.219598562348131909e-01
3.287349351553569554e-01
5.923191657607110860e-01
5.433486795778295075e-01
4.910841779556926467e-01
3.043383783674327714e-01
6.306330680702929570e-01
3.678546334841344412e-01
5.431970839752487956e-01
1.976583365910594692e-01
5.073786212454615141e-01
3.750461902027525385e-01
4.265470314376574312e-01
5.095238105802806228e-01
3.559364972359230217e-01
5.098706340427570094e-01
3.083729601806606269e-01
4.073941220755888382e-01
4.949283648894806098e-01
5.168105601133093918e-01
4.382407604648119737e-01
3.100865811366191327e-01
6.030697969308164152e-01
4.670193489720123048e-01
5.504589249186322419e-01
5.367173425003225473e-01
4.326692007510691829e-01
4.875738449093182103e-01
1.935977294618321798e-01
3.304978674168936315e-01
3.646324943114881978e-01
3.544965124864885575e-01
6.243987182728991669e-01
2.737953893488372925e-01
4.598110649523556859e-01
4.203164133813557801e-01
3.674873051421927994e-01
3.540381808209365211e-01
4.186033806192206441e-01
5.431970839752487956e-01
3.652062735923971570e-01
6.241533265953668197e-01
5.246378480248521381e-01
4.189160822917507021e-01
5.923191657607110860e-01
4.479867414094214073e-01
5.817171244697398880e-01
4.180457209048944467e-01
2.508645302880471162e-01
4.830691979044147710e-01
5.350211428496716159e-01
5.019465295734022448e-01
4.397311642034393286e-01
5.367173425003225473e-01
4.928282154650865388e-01
2.928818086948926647e-01
2.282382443085239632e-01
5.389621216036626361e-01
5.218736692457421888e-01
2.063868585295693669e-01
4.400056565599056446e-01
4.803253342111808433e-01
4.457782928111269638e-01
5.974389748444418613e-01
3.053194613429707216e-01
4.115865797259257719e-01
5.421907973257282798e-01
2.937218088241456138e-01
3.669676280518064382e-01
5.118335112520646657e-01
4.209598632280209252e-01
5.482940118099465243e-01
5.883214388274783380e-01
5.691551737549778167e-01
5.599614795783592891e-01
4.068473571992856641e-01
5.816489751630046223e-01
4.297359256542668260e-01
3.671778740310422395e-01
5.992992377487261768e-01
3.169363488080336189e-01
3.996582692524811020e-01
3.120782062540819468e-01
4.238495612594009310e-01
4.280233646736769093e-01
5.467967412020604545e-01
6.155232858063073298e-01
5.438418886737407254e-01
5.341729484393702432e-01
5.599614795783592891e-01
5.278187528252347160e-01
5.652761214478165819e-01
5.247947058781643470e-01
1.782950355265283393e-01
5.431970839752487956e-01
5.603487732496447160e-01
4.015578586149415319e-01
4.276496837552912211e-01
6.016462380577716207e-01
2.015706927879733212e-01
3.868834599343544678e-01
2.947315483449883255e-01
6.356320186544015538e-01
3.721946141782276340e-01
4.059595856286519755e-01
5.319422441001588897e-01
4.242560569280919291e-01
5.184997975821488136e-01
5.431970839752487956e-01
5.386202903570082023e-01
6.052430150161544065e-01
1.690772871432346669e-01
5.218897461971159224e-01
3.001821850126582536e-01
5.027800545815004352e-01
5.911548976715149673e-01
5.992992377487261768e-01
6.231273252147191410e-01
3.265420945332584979e-01
5.386202903570082023e-01
4.295490377986464492e-01
5.734027553214573469e-01
6.343821650898090470e-01
3.913536532703792425e-01
4.244174091268579363e-01
4.390066554480871464e-01
3.418179503454063517e-01
5.148036031869925866e-01
2.107886648491443249e-01
2.819409718152994793e-01
3.705343372778301947e-01
2.811341456513816173e-01
1.425025667230012949e-01
2.494037792512191765e-01
6.306330680702929570e-01
5.401227213548823736e-01
4.792137298932951373e-01
1.579279324870389578e-01
1.110679945671177588e-01
5.032174724694601364e-01
6.306330680702929570e-01
6.182980980155120543e-01
5.105873126172486565e-01
3.085303940668707723e-01
4.116144007013160522e-01
3.240596097691128552e-01
6.066869291996748181e-01
4.970148219432917736e-01
5.697234633654546521e-01
4.361629970175709969e-01
2.576344917300393278e-01
4.605158776856968506e-01
5.431970839752487956e-01
4.447012612768260209e-01
5.066983730619077919e-01
2.750418249657910486e-01
5.431970839752487956e-01
3.450551484856296258e-01
5.164103048703051480e-01
5.347787005603583665e-01
3.110455660475133777e-01
6.173998234588988776e-01
5.406313180751773917e-01
6.200690815372983389e-01
4.792137298932951373e-01
5.766987139103022519e-01
4.990052498852010632e-01
3.135299123687144696e-01
6.134831359976602450e-01
2.270792858664868741e-01
5.367173425003225473e-01
5.786673747310443483e-01
5.987989072356373343e-01
5.048249310404598900e-01
4.641985220034923754e-01
4.661182198200350402e-01
6.243987182728991669e-01
3.062702049921470770e-01
4.893298331784619037e-01
2.108345841919672392e-01
4.255599184100496979e-01
3.582596205551989432e-01
3.958773759861543007e-01
5.359271574715693820e-01
3.950430724709457775e-01
5.296266683501503758e-01
6.113143496861764836e-01
4.550915027964664294e-01
5.641750209474266642e-01
5.631671621085136969e-01
3.062702049921470770e-01
4.218279470918063767e-01
5.431970839752487956e-01
6.438124959091250377e-01
6.422278570549541099e-01
5.198482814494231885e-01
3.719766077615586641e-01
3.321810981161188447e-01
5.530124079721424613e-01
4.840486326068212386e-01
5.212967392457364957e-01
6.275587054499266459e-01
4.796506734012213058e-01
4.433031204010831061e-01
5.066983730619077919e-01
4.120573982713444106e-01
2.824539431427049441e-01
4.044777314364005893e-01
3.677106874155040561e-01
5.734027553214573469e-01
3.475832297564053208e-01
3.212300028202698665e-01
2.815844735570511292e-01
4.224361909552450944e-01
2.020832393145029771e-01
2.526908005992259398e-01
2.872506853917483061e-01
4.985710567212862654e-01
3.209739431007778143e-01
3.208764396065849067e-01
2.212518778462643221e-01
2.717629858418467714e-01
6.241283045037502308e-01
5.489970145402411905e-01
3.450295190753154828e-01
5.816489751630046223e-01
5.334466023448740657e-01
1.821838806008326261e-01
5.618644274350449441e-01
2.897385362422200683e-01
3.124912067706344665e-01
3.066103284083169789e-01
5.630903813510494960e-01
2.550412340310821424e-01
1.799796852082728715e-01
6.404071170545652114e-01
4.559573971739663834e-01
3.573419300936190313e-01
5.633668584329191154e-01
4.332866968960738530e-01
5.350211428496716159e-01
4.792137298932951373e-01
5.367173425003225473e-01
5.805346067810890354e-01
4.880867553281567073e-01
6.201000794245478120e-01
3.685171134122157133e-01
3.014931252965847297e-01
3.588752894431944673e-01
6.387109174039142800e-01
5.471294968643568568e-01
5.727164269869784441e-01
4.469732113177102284e-01
5.955528410783056392e-01
5.530124079721424613e-01
5.079617162110522388e-01
2.634072230859343944e-01
5.293945119171299396e-01
5.635990815951203992e-01
4.867588630259189753e-01
4.120528078857611520e-01
1.790929276717336815e-01
2.844945152576789926e-01
6.243987182728991669e-01
5.194080584413176549e-01
5.643464303355105738e-01
3.350153246575541810e-01
5.671684055240635569e-01
3.280337992830339444e-01
5.562528232488246349e-01
3.310060638660428101e-01
6.243987182728991669e-01
1.618943853656801268e-01
5.794383151471830251e-01
2.489265377622918995e-01
3.750963473682590310e-01
3.336228142903120419e-01
3.086115133644271036e-01
2.614637598067422464e-01
5.027527692065292264e-01
4.725035854452884765e-01
2.489265377622918995e-01
3.074127409877990824e-01
4.431185797080213207e-01
2.512943520669769781e-01
3.668277001816241945e-01
6.176485630288240936e-01
2.803427869374096604e-01
2.508645302880471162e-01
3.767874250865493879e-01
4.015578586149415319e-01
1.605334980819850543e-01
4.335323601676088212e-01
2.508645302880471162e-01
1.452281858058781239e-01
4.958409997321227003e-01
5.367173425003225473e-01
4.428729442922815229e-01
5.122835122678994768e-01
4.561621366445655079e-01
5.404170319662517930e-01
4.024710452725701049e-01
2.503279588657909560e-01
5.336079352108866747e-01
4.025425200207588539e-01
6.468868585294914597e-01
2.650045120050404379e-01
5.432150996068122462e-01
3.280337992830339444e-01
5.664412210532854264e-01
4.104948238054080267e-01
5.122800111686334201e-01
2.668051461498354149e-01
3.969810649967009941e-01
5.022546491755116582e-01
4.608755036924048198e-01
5.040740622838084661e-01
4.725035854452884765e-01
5.407527897141111151e-01
4.044978545459571584e-01
4.781410968721975241e-01
6.153745827370206145e-01
3.585970662810917808e-01
1.931647648632102421e-01
5.559997072008773245e-01
4.494247676262151381e-01
5.127001312314520831e-01
5.223540203976501095e-01
5.214271874146523267e-01
6.306330680702929570e-01
3.905684700198852610e-01
3.113286215664345935e-01
5.105873126172486565e-01
6.468868585294914597e-01
3.132252833679780579e-01
3.945283741881815409e-01
5.987989072356373343e-01
2.937971093787049015e-01
3.266407770135864586e-01
4.036667733641843281e-01
6.173998234588988776e-01
5.816489751630046223e-01
3.489167395747020395e-01
1.726820202571933138e-01
4.882605065778830022e-01
2.929110003209188795e-01
5.431970839752487956e-01
4.079479577505166210e-01
3.075670157358103562e-01
4.709294301404041705e-01
4.340594955432027779e-01
3.328984096823729977e-01
4.194387093939933586e-01
2.825314825548284059e-01
6.241533265953668197e-01
5.005522343564807741e-01
4.388352813994448876e-01
5.386202903570082023e-01
5.585515046669633499e-01
5.801817809144588223e-01
5.341729484393702432e-01
5.773311148805548854e-01
2.031515084342621347e-01
5.223540203976501095e-01
6.306330680702929570e-01
4.136101058612497994e-01
3.333547054842709856e-01
5.412590914494935790e-01
4.700134965687688404e-01
5.324987507092939776e-01
4.146490430366117086e-01
4.845590862068925864e-01
5.618644274350449441e-01
2.508645302880471162e-01
3.681728351171104086e-01
4.060926850872030869e-01
6.243987182728991669e-01
3.083729601806606269e-01
6.404071170545652114e-01
2.165613237591840767e-01
6.216089325344144045e-01
4.705655929195333154e-01
5.671684055240635569e-01
5.536884863094678755e-01
3.901865086545773242e-01
5.522392351426907986e-01
4.270908601260623438e-01
4.240482066511772063e-01
3.354676548544082704e-01
2.979768325652050742e-01
2.876761786087813078e-01
2.545488122771416006e-01
5.431970839752487956e-01
2.440528246503764764e-01
5.660779688041124302e-01
4.473518236472904808e-01
5.431970839752487956e-01
3.115267350996150375e-01
5.321405488820819540e-01
1.551346560432415866e-01
4.419171976175715888e-01
6.468868585294914597e-01
3.398924619534803848e-01
2.908182622010630491e-01
3.031247090649614173e-01
5.164103048703051480e-01
4.694543705794353428e-01
1.789540251650551528e-01
3.725723864684934439e-01
3.952013155264287869e-01
4.871399855991869199e-01
2.810442595738230631e-01
4.851188158770400882e-01
5.504589249186322419e-01
6.274560775288243741e-01
6.404071170545652114e-01
5.947631275192791778e-01
5.791039819945777989e-01
4.561894493556341024e-01
3.083729601806606269e-01
6.243987182728991669e-01
6.404071170545652114e-01
5.909095059939825090e-01
5.330831503239165103e-01
2.939313676591215341e-01
1.579649199938795157e-01
6.423100649112508664e-01
5.695701228259757443e-01
2.889619127241764285e-01
5.923191657607110860e-01
4.848048797146637390e-01
5.367173425003225473e-01
5.296266683501503758e-01
4.015578586149415319e-01
4.830691979044147710e-01
5.934940527284673362e-01
5.716595408052943528e-01
3.324087335951648181e-01
4.294203814433587563e-01
2.905978496881195805e-01
6.404071170545652114e-01
6.243987182728991669e-01
4.525036129508073768e-01
5.791039819945777989e-01
5.244913395348880236e-01
2.906697125465286247e-01
6.306330680702929570e-01
4.665036465294093437e-01
3.812712174554553912e-01
6.023263895775586851e-01
1.708322588837350164e-01
5.082481970573191621e-01
2.963787181583193431e-01
5.002176760708447745e-01
3.039173468588398097e-01
2.530223057649877982e-01
4.168838436328612396e-01
4.765066203626477925e-01
4.379874395520430008e-01
4.104948238054080267e-01
5.343042847716047428e-01
3.953157639710445648e-01
3.749933988976337229e-01
3.888495191485585312e-01
5.656421788171355214e-01
2.411396140412335187e-01
5.852284916105389145e-01
6.438124959091250377e-01
6.241533265953668197e-01
5.503216301486668627e-01
1.458119654211798288e-01
5.367173425003225473e-01
4.487837209655174964e-01
2.476195415679257328e-01
2.962634995217560130e-01
4.571014077597884140e-01
4.473518236472904808e-01
4.684647502184469126e-01
3.280337992830339444e-01
6.340519159293770413e-01
4.396258030883488654e-01
4.867688873703440722e-01
4.307843672685043868e-01
6.222253566470645758e-01
2.611449492959755925e-01
2.900395124959102011e-01
4.117212853620970670e-01
1.968953166792365983e-01
5.114233999427409971e-01
6.129443881854998999e-01
4.039103972381210550e-01
3.056259618789577970e-01
5.114233999427409971e-01
6.291522771794753055e-01
5.308908491479998881e-01
5.923191657607110860e-01
3.666099972683947161e-01
3.354858544589470748e-01
5.350211428496716159e-01
4.543229529896117280e-01
5.431970839752487956e-01
6.260562744520524747e-01
6.195765329771262264e-01
1.492358071591183555e-01
3.062702049921470770e-01
5.536980300374872987e-01
1.698026564139895334e-01
5.431970839752487956e-01
5.923191657607110860e-01
5.386202903570082023e-01
2.524781418715855152e-01
5.367173425003225473e-01
3.328984096823729977e-01
5.472698211599221763e-01
5.431970839752487956e-01
5.019204935516307087e-01
2.706705341500879047e-01
5.764346392054580104e-01
5.169177985842644540e-01
5.094854074169858915e-01
5.780458536315219442e-01
4.039740815103512461e-01
4.418836811714717538e-01
5.237663029745817100e-01
4.086919070445050317e-01
2.341119213241620589e-01
4.354615313451064007e-01
4.368090816274856625e-01
3.968518417551943900e-01
3.695921512823134303e-01
6.299045168985812904e-01
5.198482814494231885e-01
2.448071678977732091e-01
3.116796097821021849e-01
5.925645574382435443e-01
2.960190351927466934e-01
4.467150267623228865e-01
4.105757269087335071e-01
5.708513734056286371e-01
3.328984096823729977e-01
5.702662218924166027e-01
5.966765251449029916e-01
4.013257021819210957e-01
4.033898743917458396e-01
4.197518016712924460e-01
4.549207456289589557e-01
3.774107042193513561e-01
2.905704026871729351e-01
6.404071170545652114e-01
5.190038026695861229e-01
3.068173752326331938e-01
5.310368598715352606e-01
4.599788064182213088e-01
3.298122454554883176e-01
3.062702049921470770e-01
4.376782745260996976e-01
5.981357100208313238e-01
1.439071016470623854e-01
6.360853209977179734e-01
4.556225634485650544e-01
2.178847603814747236e-01
5.638414848031688686e-01
3.577538766632959444e-01
3.002335845674157233e-01
1.929589678078518222e-01
4.814935252902119434e-01
4.569581552796689872e-01
3.479195277819627785e-01
4.201888523408782161e-01
5.068466063245005149e-01
4.472636398914211497e-01
2.978460799573939832e-01
4.509119116131745653e-01
6.204839625279015003e-01
4.121872089790976079e-01
6.204579604943576410e-01
5.193679701063568244e-01
2.507780492696251029e-01
1.938955144600073566e-01
2.431286693576557023e-01
6.468868585294914597e-01
5.158742789227238612e-01
6.035468153655035861e-01
3.683901188421989659e-01
2.657663576080072643e-01
6.151346824968924043e-01
5.106893500578577605e-01
4.423964176994696906e-01
5.387208323156009726e-01
5.471040465418599563e-01
3.629297944902548090e-01
4.761721689268528235e-01
4.569581552796689872e-01
6.243987182728991669e-01
5.595094896795397288e-01
6.071598455567098762e-01
1.586320128624229553e-01
3.283325828283130687e-01
5.970385254423880017e-01
5.238632712841136962e-01
3.524659493328885507e-01
5.691551737549778167e-01
3.166549998723224846e-01
6.306330680702929570e-01
6.243987182728991669e-01
1.709470850446176693e-01
5.944879062348603638e-01
3.355113091469044684e-01
4.136549127392394332e-01
4.305653486886524828e-01
5.412590914494935790e-01
3.062702049921470770e-01
2.523684234033472529e-01
5.212108219953474064e-01
5.633846747084562123e-01
3.883341303954693791e-01
1.881198879723300077e-01
5.835404219023649919e-01
4.803253342111808433e-01
5.064681905445791443e-01
4.669422630480760672e-01
5.277881669542983101e-01
5.431970839752487956e-01
4.299865442430891860e-01
6.287050981219908241e-01
5.962328262948382029e-01
5.431970839752487956e-01
4.474291573630759800e-01
6.404071170545652114e-01
6.306330680702929570e-01
3.604731300733474142e-01
4.751427964752962252e-01
3.188253419507524056e-01
1.977402103856937265e-01
5.027800545815004352e-01
6.153745827370206145e-01
4.774091716153304188e-01
5.364749002110092979e-01
5.782960269433802258e-01
3.808550303606669796e-01
3.869464591411155840e-01
3.871678786202652489e-01
2.344599631658569883e-01
2.808118602341114767e-01
5.104380571093382057e-01
4.447012612768260209e-01
6.243987182728991669e-01
6.306330680702929570e-01
5.981357100208313238e-01
2.439127050117538553e-01
4.840486326068212386e-01
2.625491107652907496e-01
3.261022520477872555e-01
6.231273252147191410e-01
3.219423596928738251e-01
5.683069793446763329e-01
6.404071170545652114e-01
5.218736692457421888e-01
3.969608278654755407e-01
1.244862533161514018e-01
4.788756037792122333e-01
6.263137502437569060e-01
5.637606992554564656e-01
4.019676268198631441e-01
4.276927380048571314e-01
5.068153697920807499e-01
4.445545199623055499e-01
5.431970839752487956e-01
5.068153697920807499e-01
4.309267087186075540e-01
3.083729601806606269e-01
3.231035081408940579e-01
4.989926776709770473e-01
2.521733409548597149e-01
5.110128834771135997e-01
4.105787489506869670e-01
4.830691979044147710e-01
3.221816968925458879e-01
4.692617689597473607e-01
4.297359256542668260e-01
4.852882888716039678e-01
5.685534650897444697e-01
3.054901328643020997e-01
3.514972446204040479e-01
4.129033489389236089e-01
4.896330025563211952e-01
5.118335112520646657e-01
3.328984096823729977e-01
3.130742450891790818e-01
5.641750209474266642e-01
3.358365500848262131e-01
1.648689564708898381e-01
6.129443881854998999e-01
5.386975577593710041e-01
5.356685023819113267e-01
5.521298348333664174e-01
5.608360798272944425e-01
2.548203359126354206e-01
4.048391207773042733e-01
3.155711755776506311e-01
4.417523916120275618e-01
4.295122421641857646e-01
6.081259795326978690e-01
6.134831359976602450e-01
4.345183186348719473e-01
1.583126295408839590e-01
3.204322177327846299e-01
5.208060397698757171e-01
1.663941492912723585e-01
2.508803640209111285e-01
1.751222359310135313e-01
5.942221136173968521e-01
4.236462657168092449e-01
5.400538165116738343e-01
5.319422441001588897e-01
5.201471523039109535e-01
2.566958165001653192e-01
3.054901328643020997e-01
3.574521754313556010e-01
2.907352588955119388e-01
3.561688581180069701e-01
5.633357730285819542e-01
5.388214316488164624e-01
4.725035854452884765e-01
4.676736337875289085e-01
2.883580195617553299e-01
3.083729601806606269e-01
5.677613183062251156e-01
5.033161395667370419e-01
6.357481155800278616e-01
5.879877638200029510e-01
4.974731516339926940e-01
3.590117161101711307e-01
4.912612545429328459e-01
4.075695570418277347e-01
5.635990815951203992e-01
4.455830845958032027e-01
4.575171631936917893e-01
5.197820199964454657e-01
1.505567089040517892e-01
3.099822145149907504e-01
3.704198402934519851e-01
3.521999210845012107e-01
5.019075122314005100e-01
6.333164429043930399e-01
6.071598455567098762e-01
5.955528410783056392e-01
5.664412210532854264e-01
6.306330680702929570e-01
4.450890560406052798e-01
2.392619148643486127e-01
5.676745783744236995e-01
3.171980153378127221e-01
4.385340733605937458e-01
3.257384226223814516e-01
5.447688931569697468e-01
3.110455660475133777e-01
2.999442736555147371e-01
5.540662458151709435e-01
2.143378073584522592e-01
3.354676548544082704e-01
3.357243414332303777e-01
4.255599184100496979e-01
2.716354938172198530e-01
4.281770926997388593e-01
4.543723184476871624e-01
3.412108357850053841e-01
6.422278570549541099e-01
3.426013106004120456e-01
5.102752807310761973e-01
4.822432288846862369e-01
5.772954643479412118e-01
5.051191701414298185e-01
1.408445404253353406e-01
4.740450623685362186e-01
6.306330680702929570e-01
5.367173425003225473e-01
5.319422441001588897e-01
7.948692618613516225e-02
3.667987812929354163e-01
6.062230316760122140e-01
4.913285233778749705e-01
4.726486931421517435e-01
5.279985428579516693e-01
5.350211428496716159e-01
3.662669795519588045e-01
4.498892362976175674e-01
2.118705470336218477e-01
4.799899467998814395e-01
5.472698211599221763e-01
5.237663029745817100e-01
5.386202903570082023e-01
3.831576863226494600e-01
2.868562651063084612e-01
3.220277474752763491e-01
5.464023330775460430e-01
6.468868585294914597e-01
5.361730793446651822e-01
1.941893253300968902e-01
3.275790123713522850e-01
4.922890027313902572e-01
5.367173425003225473e-01
6.387109174039142800e-01
6.387109174039142800e-01
5.431970839752487956e-01
3.420060172911014162e-01
5.367173425003225473e-01
3.034768052760623003e-01
3.652419212147038907e-01
5.476848377916172517e-01
3.096418611845714874e-01
5.570843467972544927e-01
4.002415893511026002e-01
5.283996020732519838e-01
2.931752443432641408e-01
5.627022623998634288e-01
5.736812912376181295e-01
2.087087200229015560e-01
5.574170855174068739e-01
3.367638022559650279e-01
2.077323837580060950e-01
6.468868585294914597e-01
4.593126954664563666e-01
5.706547624223529125e-01
5.068153697920807499e-01
4.559299134823642241e-01
3.100643201987255404e-01
5.639459791664845900e-01
5.660762750054649795e-01
5.582652799277083577e-01
6.287050981219908241e-01
5.068153697920807499e-01
3.812970460139168405e-01
5.367173425003225473e-01
5.635990815951203992e-01
5.718879773463294569e-01
1.094689473029136217e-01
4.323275651186179180e-01
2.757659933191691226e-01
3.925337230790629794e-01
3.441608618810600428e-01
3.707030649219951735e-01
2.876632522725646735e-01
2.424952597581643277e-01
5.431970839752487956e-01
4.120116199744692231e-01
5.386202903570082023e-01
2.883977625056444172e-01
5.857033971623771818e-01
4.201215724883455294e-01
5.556307594809947181e-01
5.118389637121435465e-01
3.862411763932012687e-01
5.400538165116738343e-01
5.652466564608157329e-01
5.326674013342641567e-01
4.352962055379523965e-01
5.275003361413627134e-01
6.408619065647351842e-01
4.807328895434218596e-01
5.801405514273533237e-01
4.207493242432385760e-01
5.691551737549778167e-01
5.759578131628484421e-01
3.162738529772036178e-01
5.146542850035431549e-01
6.129443881854998999e-01
5.318253975626127117e-01
5.970385254423880017e-01
3.688593713306575483e-01
3.703083116142881215e-01
4.830691979044147710e-01
3.719841948278490018e-01
5.350211428496716159e-01
3.065004849008191590e-01
6.170626524451945372e-01
5.519496846501638077e-01
6.047755584989051858e-01
5.530124079721424613e-01
5.088188596073591752e-01
4.792137298932951373e-01
5.630903813510494960e-01
5.309875611426407849e-01
2.021942482959964149e-01
6.241533265953668197e-01
5.386202903570082023e-01
5.158692285007627776e-01
5.142345194784753160e-01
3.762998141739438696e-01
3.182918417338493344e-01
4.183105492753003141e-01
4.479462765015285730e-01
4.037863701418022977e-01
6.243987182728991669e-01
5.896706558842261803e-01
5.266271139227703957e-01
6.468868585294914597e-01
4.820252688250494799e-01
4.803455448378251558e-01
5.395481157546774265e-01
4.445404118335863908e-01
6.287050981219908241e-01
5.983162380242402767e-01
6.468868585294914597e-01
5.571491993498478568e-01
6.287050981219908241e-01
5.695701228259757443e-01
5.423199798229375590e-01
1.810971390352576760e-01
4.084407363288776738e-01
3.062702049921470770e-01
4.150816214998644949e-01
5.635990815951203992e-01
5.472698211599221763e-01
6.041621097593576906e-01
5.523442417200304932e-01
1.932590511170046432e-01
4.684647502184469126e-01
5.706547624223529125e-01
5.410045304341434269e-01
4.972562346075804496e-01
2.447213399314438487e-01
4.905803363651424220e-01
6.108642843317699800e-01
1.912558655327424861e-01
5.237663029745817100e-01
5.296691224528464748e-01
4.460245895941221117e-01
5.321405488820819540e-01
3.285994398905451863e-01
1.242338139145709869e-01
5.957204315200282929e-01
5.988453114563867530e-01
4.988530413511878536e-01
4.352321713013109217e-01
3.447008338930527827e-01
3.310829751715618219e-01
5.429649275422283594e-01
4.784924042861742333e-01
2.322132644032619264e-01
1.730194807425000092e-01
5.367173425003225473e-01
4.425947371368670891e-01
4.203779009954726753e-01
2.721442389631695269e-01
5.449250298777945645e-01
6.127027731509384623e-01
5.925645574382435443e-01
4.184980543238741024e-01
5.925645574382435443e-01
4.305653486886524828e-01
1.386466956343684886e-01
3.056629173724219051e-01
3.695075119684958498e-01
2.900079095766328052e-01
3.969810649967009941e-01
4.275124846096972075e-01
5.431970839752487956e-01
6.049633473024070840e-01
5.431970839752487956e-01
4.837827961268743038e-01
2.668051461498354149e-01
5.656421788171355214e-01
4.299341628754927980e-01
2.915497445715754532e-01
5.829143806803842587e-01
2.868562651063084612e-01
3.887042161493107217e-01
4.184980543238741024e-01
4.982978062343731973e-01
5.321827996790494675e-01
4.784924042861742333e-01
5.540662458151709435e-01
5.766987139103022519e-01
3.996198660891863153e-01
5.955528410783056392e-01
4.389626058735428549e-01
4.749524233192189970e-01
2.041416581592976620e-01
4.146932682689685734e-01
5.132951112670069982e-01
2.263455492553592685e-01
4.127110505108564920e-01
4.894760812998931176e-01
5.431970839752487956e-01
1.951928401201224461e-01
3.226127076358061285e-01
5.313503638533288997e-01
3.609600846077952174e-01
3.458648556455531931e-01
4.490149884037029082e-01
4.040148805838461588e-01
5.631845246879845224e-01
3.270891440999455502e-01
3.910118775274360470e-01
2.348919974017093515e-01
5.556307594809947181e-01
5.189635098855617246e-01
2.720443835251994402e-01
5.164103048703051480e-01
5.624788212967758438e-01
5.051554649952153531e-01
6.241533265953668197e-01
5.616306268864743600e-01
3.584857009948754780e-01
3.083729601806606269e-01
3.495914317744008848e-01
2.668051461498354149e-01
1.874086496969918358e-01
3.358007198407580995e-01
3.992078773200585795e-01
5.431970839752487956e-01
3.223903662129891656e-01
5.256434014848991865e-01
5.132951112670069982e-01
6.243987182728991669e-01
4.477596043204413734e-01
5.685227727847251833e-01
4.891598305080323006e-01
4.267573265802928062e-01
4.670368651741145793e-01
4.254941830989933949e-01
6.306330680702929570e-01
3.356987143095859771e-01
4.514093173717139140e-01
5.314923341353559039e-01
3.614332436636422674e-01
3.376790856858146173e-01
6.241533265953668197e-01
5.599614795783592891e-01
5.866615223893850706e-01
2.959596054774650820e-01
3.861924613887301461e-01
3.274673509614033917e-01
2.880895483185588746e-01
6.253580295539304945e-01
5.016890968126649364e-01
2.696436610285679047e-01
2.895685944803574885e-01
5.108294593025269892e-01
4.792137298932951373e-01
4.074333218314728500e-01
5.624788212967758438e-01
6.298053714715684537e-01
4.357638598521349493e-01
4.315253974206780807e-01
5.132951112670069982e-01
5.503428391145360754e-01
5.558558983324319858e-01
5.319422441001588897e-01
4.388821907663298938e-01
5.780268559792404170e-01
2.083560567177027145e-01
4.402310905996196788e-01
5.367173425003225473e-01
5.118335112520646657e-01
4.290343398277008391e-01
5.530124079721424613e-01
3.328984096823729977e-01
3.328984096823729977e-01
5.420734612329766167e-01
4.050608193341029839e-01
4.481512400657631789e-01
5.554458298461963928e-01
1.578538937584234025e-01
4.870623491075386502e-01
6.468868585294914597e-01
3.966704721533779732e-01
4.127666097257679523e-01
6.105363808787431790e-01
5.939332712649154633e-01
5.394311293145184205e-01
5.300907434025372567e-01
3.014436406198637286e-01
4.097832928363419058e-01
5.613593802498388907e-01
2.242160815026469356e-01
5.734027553214573469e-01
5.341729484393702432e-01
5.642183525076696071e-01
2.797059448387447245e-01
3.396375827792164626e-01
2.853684591284564309e-01
5.438418886737407254e-01
4.221805329620522684e-01
2.667827123604966655e-01
5.923191657607110860e-01
3.503689010484333788e-01
3.253817311405391988e-01
3.714429966411726958e-01
5.431970839752487956e-01
3.100865811366191327e-01
5.447688931569697468e-01
5.708513734056286371e-01
4.307745605734636385e-01
5.341729484393702432e-01
5.005522343564807741e-01
2.911894340190960273e-01
5.082481970573191621e-01
5.122835122678994768e-01
5.354770228934332410e-01
3.340416684735450503e-01
5.321405488820819540e-01
3.709373762294361776e-01
5.516760296305840416e-01
3.807815108100241486e-01
3.696174277139698261e-01
4.388486110210537694e-01
5.141780792720730409e-01
6.333164429043930399e-01
5.952135834784547663e-01
4.437541408558682288e-01
4.264995383463489609e-01
5.708513734056286371e-01
4.945324047398432787e-01
3.354676548544082704e-01
2.717693824886533438e-01
4.704852079547852672e-01
4.457236389095574070e-01
3.900937392943433224e-01
4.358040139808208591e-01
6.201000794245478120e-01
6.148528371459665021e-01
4.279086092956169707e-01
3.834413411569242425e-01
2.756183937759157376e-01
3.379778188204197176e-01
6.222253566470645758e-01
2.018476140034720645e-01
5.187632537428257251e-01
4.770790118428976934e-01
2.327350976153432782e-01
5.882833860443529295e-01
3.738029071758070532e-01
4.345183186348719473e-01
4.357950876536338392e-01
4.980491103190523572e-01
5.554231404695433305e-01
3.595928229203538828e-01
5.549630650104279139e-01
3.455620203293564563e-01
5.736812912376181295e-01
6.287050981219908241e-01
4.231151581879807888e-01
6.127027731509384623e-01
4.438129387227221501e-01
5.740548653061627871e-01
1.969502632745341320e-01
4.020700259700508150e-01
6.217034768700719916e-01
3.483125902013294306e-01
5.539576824269749622e-01
3.485892889862252098e-01
3.866697507937826295e-01
3.905957305533077628e-01
2.833347051350996182e-01
4.097832928363419058e-01
6.129443881854998999e-01
4.797195900935367630e-01
4.221585186726730665e-01
4.485529177212912999e-01
3.280337992830339444e-01
6.404071170545652114e-01
5.464023330775460430e-01
2.390681745870647246e-01
2.701921372692998036e-01
5.962600790327956535e-01
5.791039819945777989e-01
6.062230316760122140e-01
5.395416640199178770e-01
5.695701228259757443e-01
5.350211428496716159e-01
5.517794352272803460e-01
6.306330680702929570e-01
4.908289987079937911e-01
4.803253342111808433e-01
4.181655415682688504e-01
3.208764396065849067e-01
4.972562346075804496e-01
6.071709849644566503e-01
3.207496674671710957e-01
1.746429777033064457e-01
2.701640038516700537e-01
3.328984096823729977e-01
5.033161395667370419e-01
4.117062855361149909e-01
5.691551737549778167e-01
3.648400011721822378e-01
5.605247189747540881e-01
5.572501528050559649e-01
2.087174749537968887e-01
4.023157813320129561e-01
6.326859654391581156e-01
1.934254303513365525e-01
5.530241130188336962e-01
5.367173425003225473e-01
3.381031038969194435e-01
4.093713143572280111e-01
4.018586054740799218e-01
5.404170319662517930e-01
3.985177182940510265e-01
3.977389877137724183e-01
2.522742138569289971e-01
5.254625026252326414e-01
2.939915494808718055e-01
3.062702049921470770e-01
4.209699507676827324e-01
4.535371101388344650e-01
4.777584864044991941e-01
4.635891265939555139e-01
6.404071170545652114e-01
2.717693824886533438e-01
5.082481970573191621e-01
5.367173425003225473e-01
3.981081735591276982e-01
4.538503619633184050e-01
5.760029763455609686e-01
3.916437951788551697e-01
5.431970839752487956e-01
5.254625026252326414e-01
3.220277474752763491e-01
5.365392483450436290e-01
6.306330680702929570e-01
5.695701228259757443e-01
6.423100649112508664e-01
5.540662458151709435e-01
4.585467492409908696e-01
5.501879666102642563e-01
4.757485405929403055e-01
3.280337992830339444e-01
3.230714377015923011e-01
5.350211428496716159e-01
2.917036129160084368e-01
6.287050981219908241e-01
4.511806980010383272e-01
4.262956525311432654e-01
4.410681194094118740e-01
4.624600715558740416e-01
3.083729601806606269e-01
2.856557177542569659e-01
5.367173425003225473e-01
4.538503619633184050e-01
3.328984096823729977e-01
4.496192260217399816e-01
3.887042161493107217e-01
4.208248405762706756e-01
4.147103871102320594e-01
4.492069306309867116e-01
2.927924726653484688e-01
5.091093645766276987e-01
3.176520257172352757e-01
4.011729117943960699e-01
6.113143496861764836e-01
6.306330680702929570e-01
2.683637787089416804e-01
5.173416652515285818e-01
3.996198660891863153e-01
5.944014822792426100e-01
5.350211428496716159e-01
3.357243414332303777e-01
3.741086687017067813e-01
6.009254957593160862e-01
5.620991104302598407e-01
4.046945283087114986e-01
5.613941817003986756e-01
5.487066397032693832e-01
5.146542850035431549e-01
3.704198402934519851e-01
2.547578239744101580e-01
4.307843672685043868e-01
6.298053714715684537e-01
3.153617650643898429e-01
4.363859923239968852e-01
6.438124959091250377e-01
5.915330664911032654e-01
4.905558228496662010e-01
2.385797088757309337e-01
3.765925042640373976e-01
5.330831503239165103e-01
5.323955464434753093e-01
5.431970839752487956e-01
5.691551737549778167e-01
4.205615038421184337e-01
3.063038628999528723e-01
4.420653965801180085e-01
2.376886664318991760e-01
4.117212853620970670e-01
5.001685600676512022e-01
5.923191657607110860e-01
5.350211428496716159e-01
4.064024518191092228e-01
4.118194252780571496e-01
2.258745247017840962e-01
5.942221136173968521e-01
4.011618134427653581e-01
6.404071170545652114e-01
2.941334498115923402e-01
5.431970839752487956e-01
3.846033506400448054e-01
2.858834714125531584e-01
4.677165544747934889e-01
5.921283282027955952e-01
4.290624606686468945e-01
5.304443492314311337e-01
5.026519451560410578e-01
5.987989072356373343e-01
6.306330680702929570e-01
5.706547624223529125e-01
3.851728310857636117e-01
4.447012612768260209e-01
5.605459872900971918e-01
5.460278572296036748e-01
3.794507498805853030e-01
4.226684141174464338e-01
6.468868585294914597e-01
5.514229135826368422e-01
3.653703044168959968e-01
6.422278570549541099e-01
4.713380401470975145e-01
4.849462891389648145e-01
4.037490059580902124e-01
2.165613237591840767e-01
2.954116188958783029e-01
5.766987139103022519e-01
3.133662306771106132e-01
2.295651754818900103e-01
5.766987139103022519e-01
4.077397317321861947e-01
6.127027731509384623e-01
4.665372749183874235e-01
4.071444917438565847e-01
4.094403275054311342e-01
5.028018276272210318e-01
2.522742138569289971e-01
5.568660128671136800e-01
5.431970839752487956e-01
3.219819283301642576e-01
4.016112818724275613e-01
3.311475478149898399e-01
3.280337992830339444e-01
4.316739181800220426e-01
5.633357730285819542e-01
2.125924221690594362e-01
4.877419931945202181e-01
5.920491046584013262e-01
4.477756238971923319e-01
4.609494294387468383e-01
6.404071170545652114e-01
5.111912435097206719e-01
5.019204935516307087e-01
6.187657739491176923e-01
5.525877811950655749e-01
5.068153697920807499e-01
5.367173425003225473e-01
6.356320186544015538e-01
5.114233999427409971e-01
4.765759123806208586e-01
4.227177789518846707e-01
1.716165020011432008e-01
3.245832068350875677e-01
5.431970839752487956e-01
2.932692863391534455e-01
3.251938361108335229e-01
5.029734200528244159e-01
4.827854504600151420e-01
3.131040038093032551e-01
6.358303234363246181e-01
3.503715558720129075e-01
3.977517691582785897e-01
3.932916457961344037e-01
5.987989072356373343e-01
2.954373930939633852e-01
4.861610844184088842e-01
4.976778555572711760e-01
5.365392483450436290e-01
6.083409143282556553e-01
5.514229135826368422e-01
2.392672165081635716e-01
5.487606182057463977e-01
5.226075914928776101e-01
4.792137298932951373e-01
4.827831830190791318e-01
4.219598562348131909e-01
4.372771502446510250e-01
5.749033952332802677e-01
1.830511031176990933e-01
4.732048039495410641e-01
4.579090477702582040e-01
4.855194784590783352e-01
4.670368651741145793e-01
5.641750209474266642e-01
4.615623152417777098e-01
6.082853867109626611e-01
4.905803363651424220e-01
3.210911428248607868e-01
2.979768325652050742e-01
3.839101965963626073e-01
6.356320186544015538e-01
2.979768325652050742e-01
6.423100649112508664e-01
3.840554113509460077e-01
3.317631157776977369e-01
4.401028240175848261e-01
5.791039819945777989e-01
6.306330680702929570e-01
3.786629381032139419e-01
5.138269641462344106e-01
3.667987812929354163e-01
2.853886538523520144e-01
3.473107981051417603e-01
6.404071170545652114e-01
3.080937311956866154e-01
5.293781719987349366e-01
5.293448229992244736e-01
2.435199526440174067e-01
4.538015833478524219e-01
5.773311148805548854e-01
5.582652799277083577e-01
5.132951112670069982e-01
3.250737091376522114e-01
3.790918548806205268e-01
2.928217402711740802e-01
3.955245732980402495e-01
4.531389798356650345e-01
6.113143496861764836e-01
3.358931592969109370e-01
4.439495305496184430e-01
5.805346067810890354e-01
4.886146740960190527e-01
5.508690362279559105e-01
5.276932069644439949e-01
5.366822978312529857e-01
5.114233999427409971e-01
3.100865811366191327e-01
6.408619065647351842e-01
2.966802417575959416e-01
3.007379985529801125e-01
4.690974208078509400e-01
3.221816968925458879e-01
6.243987182728991669e-01
3.593987993039000628e-01
6.387109174039142800e-01
5.879877638200029510e-01
5.810643258856211801e-01
4.383141649543905727e-01
5.140551307562994943e-01
2.882853873429149782e-01
5.431970839752487956e-01
4.765066203626477925e-01
5.897747716997587819e-01
6.170626524451945372e-01
6.014289295950741021e-01
5.386202903570082023e-01
3.062702049921470770e-01
5.241960655079772602e-01
5.742567522601885743e-01
5.660779688041124302e-01
5.144270090513456406e-01
5.068466063245005149e-01
4.908353183356055638e-01
5.169037435686472115e-01
5.257785284919417323e-01
5.350211428496716159e-01
5.923191657607110860e-01
5.480952045843155984e-01
2.861612671752916670e-01
4.688352004882342383e-01
4.497333760559534266e-01
4.219598562348131909e-01
6.333164429043930399e-01
5.748527683650191955e-01
5.269299277234835710e-01
5.399989171049247583e-01
2.508645302880471162e-01
4.803253342111808433e-01
4.396258030883488654e-01
5.211873409112632860e-01
4.225695608644639556e-01
5.664412210532854264e-01
2.927201774184776117e-01
5.755019558818448289e-01
2.988712950354662778e-01
2.879419121885895549e-01
4.577017012882652058e-01
4.439300541518429455e-01
3.236914192487360120e-01
5.003068426789484269e-01
3.704656066372807310e-01
5.024492674300400363e-01
5.341729484393702432e-01
4.844125602550867771e-01
4.185931009992998608e-01
5.512239814216859379e-01
3.136005716073188565e-01
3.920957471397447658e-01
4.093790510964475104e-01
5.630903813510494960e-01
6.053470584897713280e-01
3.385536889489962897e-01
5.204196574404251763e-01
5.051554649952153531e-01
3.172719142677549176e-01
5.539576824269749622e-01
5.114233999427409971e-01
1.840060343867641335e-01
3.590117161101711307e-01
5.350211428496716159e-01
5.412590914494935790e-01
5.695701228259757443e-01
3.797229873727991922e-01
3.085989450999053196e-01
5.897620829693169808e-01
4.140842866427169033e-01
5.813703895637465369e-01
1.824237210757287397e-01
5.412590914494935790e-01
2.784016524234786405e-01
6.119636016455132221e-01
3.172719142677549176e-01
4.299483361742998944e-01
5.503216301486668627e-01
5.083453969441329434e-01
5.350211428496716159e-01
5.459662418737993850e-01
5.794801888515207500e-01
4.363859923239968852e-01
3.474608992651014305e-01
2.244661062849110655e-01
3.166549998723224846e-01
5.370491305894962153e-01
4.734990904469385531e-01
5.571150012682833941e-01
3.346314746069724011e-01
2.336214206846299879e-01
4.440022158364124727e-01
5.319422441001588897e-01
4.016112818724275613e-01
2.842460341853750849e-01
3.062702049921470770e-01
2.784457823432828216e-01
4.346216554235966534e-01
5.949681918009223081e-01
5.691551737549778167e-01
5.669230138465310986e-01
3.287349351553569554e-01
4.808948951060991184e-01
5.582652799277083577e-01
5.865515613262742844e-01
4.581307213815686841e-01
5.023992644068624447e-01
4.048279946738179147e-01
6.198340087688306577e-01
6.108642843317699800e-01
4.379737404253904454e-01
1.774961971158046936e-01
3.328984096823729977e-01
6.006801040817836279e-01
2.771371316394131146e-01
2.796084922749235702e-01
4.418836811714717538e-01
4.438129387227221501e-01
2.960190351927466934e-01
5.026519451560410578e-01
2.598389432296110968e-01
2.591929623513515302e-01
6.112637228179154114e-01
5.350211428496716159e-01
3.121997581343360362e-01
5.139399159654989280e-01
4.884023881994873917e-01
5.096362968543720617e-01
6.155232858063073298e-01
5.660762750054649795e-01
5.676745783744236995e-01
2.072073216642984772e-01
3.946098733847349660e-01
6.340519159293770413e-01
5.766987139103022519e-01
3.647911154989961768e-01
4.851343791592364618e-01
6.201000794245478120e-01
5.815479686986340102e-01
4.305880502262310339e-01
5.429649275422283594e-01
4.228539477448772788e-01
4.851837512694420207e-01
2.566958165001653192e-01
6.306330680702929570e-01
6.468868585294914597e-01
4.316739181800220426e-01
4.760261360641966921e-01
5.064972871698713019e-01
4.198163439643765038e-01
5.791039819945777989e-01
4.318344234794643244e-01
3.833627325188136425e-01
4.571014077597884140e-01
5.122835122678994768e-01
5.412590914494935790e-01
5.431970839752487956e-01
5.431970839752487956e-01
2.350113580287058745e-01
2.475435986670458111e-01
4.240480762070619747e-01
3.626343469882616355e-01
3.013853396879222490e-01
5.092546136312572358e-01
4.290155370620457043e-01
4.128708585839042100e-01
5.662745797873881548e-01
2.882208978511142106e-01
4.184980543238741024e-01
1.566323242198454924e-01
4.036908317284407799e-01
3.176520257172352757e-01
6.201000794245478120e-01
4.168081206680354089e-01
5.051191701414298185e-01
4.068777894475906765e-01
5.599614795783592891e-01
5.068153697920807499e-01
1.510224945932905904e-01
5.321405488820819540e-01
6.241533265953668197e-01
5.189580574254828438e-01
4.388327805103153234e-01
4.937695992552792457e-01
5.347889864166511797e-01
4.291883754108441473e-01
4.198445740457729114e-01
4.980491103190523572e-01
5.083629529550768300e-01
4.661619002013542845e-01
5.321143935377253831e-01
6.089063423794196517e-01
2.900154373973887201e-01
2.525503077137364327e-01
3.384309592259420185e-01
3.028075635615912198e-01
5.386202903570082023e-01
4.896564443512614884e-01
4.316739181800220426e-01
2.343736002227456983e-01
3.322540094126081867e-01
4.807328895434218596e-01
4.097115969048246154e-01
5.589641325602860977e-01
5.438679833174093758e-01
4.348585377793527385e-01
3.483000927196303609e-01
4.491313135805460877e-01
2.942290487177626757e-01
3.262898371298022515e-01
5.367173425003225473e-01
5.508690362279559105e-01
6.362851129464947020e-01
3.105002803347197138e-01
5.375166013464615089e-01
4.797195900935367630e-01
3.172719142677549176e-01
6.243987182728991669e-01
6.357481155800278616e-01
5.549288173497057830e-01
4.736909428704648706e-01
5.431970839752487956e-01
5.002176760708447745e-01
5.910997568132281277e-01
3.458463665694119227e-01
3.615964004605990434e-01
2.970755147629734472e-01
6.358303234363246181e-01
3.281904519597059200e-01
2.258745247017840962e-01
5.367173425003225473e-01
1.330260048461995859e-01
2.331502557087442584e-01
2.988203606101239029e-01
4.865700626828714515e-01
4.093713143572280111e-01
4.561621366445655079e-01
5.264565464449125765e-01
6.234247754236550421e-01
5.818883305520951010e-01
3.809167592184424800e-01
4.057062414334273726e-01
5.234982121500800778e-01
2.866665338807937169e-01
4.406639633156935187e-01
3.775901528106988536e-01
4.443943688887954102e-01
5.870613981491503708e-01
6.306330680702929570e-01
3.384680710444653573e-01
3.790933209477487797e-01
5.664412210532854264e-01
5.558558983324319858e-01
5.064681905445791443e-01
4.684647502184469126e-01
6.468868585294914597e-01
5.388810783898452250e-01
5.849779864197482970e-01
5.062137628836512748e-01
6.287050981219908241e-01
5.816489751630046223e-01
4.195998624446120595e-01
6.159523633781731622e-01
5.138269641462344106e-01
4.784277028616635286e-01
2.469138028372754312e-01
1.746875217182143614e-01
3.029356353609392594e-01
4.673242672364720796e-01
2.737953893488372925e-01
3.503334684770226803e-01
3.354858544589470748e-01
5.321405488820819540e-01
4.428729442922815229e-01
2.016148465099307785e-01
2.486397617277481542e-01
3.009817926798736276e-01
4.070892200256964188e-01
3.789683003973632891e-01
5.503216301486668627e-01
4.774091716153304188e-01
4.289698865068579114e-01
4.923051162694800920e-01
4.198035811250469540e-01
5.599614795783592891e-01
3.607897165899033309e-01
3.480696799762337257e-01
5.966765251449029916e-01
2.887942576320636778e-01
4.765066203626477925e-01
3.559762602401421727e-01
6.387109174039142800e-01
5.695701228259757443e-01
6.468868585294914597e-01
5.676745783744236995e-01
1.830302829896269801e-01
3.787401529121724453e-01
2.628671332065100064e-01
4.359745598392555932e-01
6.404071170545652114e-01
2.463946705979267737e-01
5.300595068701174917e-01
5.593506396171776807e-01
5.412590914494935790e-01
3.155069920838382003e-01
5.696420643666121331e-01
1.840211900181078220e-01
4.106313208394493097e-01
5.599614795783592891e-01
5.472698211599221763e-01
4.307507487537819979e-01
3.134505441404888404e-01
3.750005300851276258e-01
5.431970839752487956e-01
4.869895697103180376e-01
2.990405446639714526e-01
4.477994357168739725e-01
2.939713009162975843e-01
5.925645574382435443e-01
3.410887041300302291e-01
4.089441980204308047e-01
4.216931436485334417e-01
4.313180687123454038e-01
5.367173425003225473e-01
4.948357160991061487e-01
3.673019173419282413e-01
5.773311148805548854e-01
5.670046768517902347e-01
3.859919594289960565e-01
4.638366926865409301e-01
3.925337230790629794e-01
2.912320934023719388e-01
3.761350096235533402e-01
5.390973190817092142e-01
4.439395315664396713e-01
5.641750209474266642e-01
5.367173425003225473e-01
2.682255230179837469e-01
5.613941817003986756e-01
6.387109174039142800e-01
4.469732113177102284e-01
4.440022158364124727e-01
5.342730482391849778e-01
2.836967220629100783e-01
4.170642036699830912e-01
5.214271874146523267e-01
4.539060987069540309e-01
3.761416379515813424e-01
2.534624769072658657e-01
5.810773653080509860e-01
6.205291569964137555e-01
2.802688447686212392e-01
4.475622188836971826e-01
4.369422202712411329e-01
3.207496674671710957e-01
2.889073259675458694e-01
5.064972871698713019e-01
4.477756238971923319e-01
1.605713823791256878e-01
5.254625026252326414e-01
6.468868585294914597e-01
4.413861328078916291e-01
2.844117079820891458e-01
5.658665125529417361e-01
3.250492601686266747e-01
2.707575900580729278e-01
6.306330680702929570e-01
4.032230769047288055e-01
4.997512371216342730e-01
5.005075293392345914e-01
5.839919149702115231e-01
5.502007775735980877e-01
4.000591956330569188e-01
3.086388497737094783e-01
4.632330177971413776e-01
4.208342502222912063e-01
2.911350956779519272e-01
5.386202903570082023e-01
4.914784104223944294e-01
5.998319738021746783e-01
2.377801148245945184e-01
5.621177310938512139e-01
3.739152824424760158e-01
6.265488230122245872e-01
2.668430722306687763e-01
5.330831503239165103e-01
2.802688447686212392e-01
4.851343791592364618e-01
4.494709831967101943e-01
4.291882453824870103e-01
4.060154707979422573e-01
3.280337992830339444e-01
5.706547624223529125e-01
5.247765062736255981e-01
3.172719142677549176e-01
6.356320186544015538e-01
5.043659781283126309e-01
6.077583752312932797e-01
6.468868585294914597e-01
5.683069793446763329e-01
2.511976903790706372e-01
5.431970839752487956e-01
3.410887041300302291e-01
4.334165257932455773e-01
2.965146337546069044e-01
5.923191657607110860e-01
5.987989072356373343e-01
5.367173425003225473e-01
5.024104771959202465e-01
5.368123024901768625e-01
2.508645302880471162e-01
5.249370320491560937e-01
5.051191701414298185e-01
1.295456043068503316e-01
2.934974642786277732e-01
1.838021132321168427e-01
5.862222910683742017e-01
5.637606992554564656e-01
4.803253342111808433e-01
5.350211428496716159e-01
5.431970839752487956e-01
3.736149697387714519e-01
4.073580800027503113e-01
5.565026120883463934e-01
5.064972871698713019e-01
6.358303234363246181e-01
5.350211428496716159e-01
4.114239213190349354e-01
4.704852079547852672e-01
3.165898842487684384e-01
5.105873126172486565e-01
3.387467804357084389e-01
2.802688447686212392e-01
5.682929543675844242e-01
3.987468437463180249e-01
5.936762102958915710e-01
3.592705988274088602e-01
6.198219246546585737e-01
3.715356724558260271e-01
5.355459277366418913e-01
5.319422441001588897e-01
4.290736971559184765e-01
4.009160674353612341e-01
2.193233419471990464e-01
5.664412210532854264e-01
4.436238955769229997e-01
4.571014077597884140e-01
4.858923018763078860e-01
5.540030556714857779e-01
3.850025915371358964e-01
1.773432937460061587e-01
5.434876425773168540e-01
4.159847102238778960e-01
4.638435084175488443e-01
4.385315226844273551e-01
5.618272378697500846e-01
2.903570479804122861e-01
4.676462618309258357e-01
5.374222163501097826e-01
3.846670508150237255e-01
3.673454776730856186e-01
4.061441775639040297e-01
5.193885805883886597e-01
5.713404378086788249e-01
3.674235891684046740e-01
5.691551737549778167e-01
5.234126971456878330e-01
3.943837909702072597e-01
4.613146515499698119e-01
5.651797993303681045e-01
4.827854504600151420e-01
1.785038978626863893e-01
3.567385477940079319e-01
5.489970145402411905e-01
2.737953893488372925e-01
2.578430874612924750e-01
5.614428064853541622e-01
6.092743171213238496e-01
2.965146337546069044e-01
1.638803026436288224e-01
4.531389798356650345e-01
3.922706850671316414e-01
5.642168366535045276e-01
5.276932069644439949e-01
4.486377122168332399e-01
6.287050981219908241e-01
2.737953893488372925e-01
3.614936584138884190e-01
2.924090985538932430e-01
6.306330680702929570e-01
5.923191657607110860e-01
4.734074613033934509e-01
2.822904799320016811e-01
5.309522848962893171e-01
5.503216301486668627e-01
6.161992373374011178e-01
5.367173425003225473e-01
5.816489751630046223e-01
5.831602031872854530e-01
4.982924706023306172e-01
2.606195254926893523e-01
1.767902769067278834e-01
5.306303064124633373e-01
5.571193401201941509e-01
2.651573478141418527e-01
4.236919627329687743e-01
6.176485630288240936e-01
5.297589574960938075e-01
6.248586564278899580e-01
5.943681834825270682e-01
6.387109174039142800e-01
4.811382101756800367e-01
3.103401878831067995e-01
5.582652799277083577e-01
3.755673744163830485e-01
4.401421185663239033e-01
4.299232935026556235e-01
3.108288552371367142e-01
2.751472142484952532e-01
2.868562651063084612e-01
4.310189275111295237e-01
3.702338758366523486e-01
3.358365500848262131e-01
3.468020627295083091e-01
5.660779688041124302e-01
2.539099733960874516e-01
5.706547624223529125e-01
5.468967734411780413e-01
6.177712451475717570e-01
6.060890389611051088e-01
5.350211428496716159e-01
4.368975705498270301e-01
3.280337992830339444e-01
5.770164609117561794e-01
6.392357022908845554e-01
4.658616045437333208e-01
4.564050805460702631e-01
2.949083974085884297e-01
6.260562744520524747e-01
2.849131772567134457e-01
5.431970839752487956e-01
3.934081422653297744e-01
5.368123024901768625e-01
5.760029763455609686e-01
4.982781446163479511e-01
5.700798464586992464e-01
6.332037215190755575e-01
4.146628998395374688e-01
3.440109941692939266e-01
5.455981574756868513e-01
5.733257268760835190e-01
3.574145425639478901e-01
3.104838156888837797e-01
5.571150012682833941e-01
3.809900904306495195e-01
4.198035811250469540e-01
1.887858932175887905e-01
3.525925525705594921e-01
3.724722738841160230e-01
5.132951112670069982e-01
5.367173425003225473e-01
5.344861059906966805e-01
5.740548653061627871e-01
1.751222359310135313e-01
6.585623592128259096e-02
4.825587578164828861e-01
4.972330750084751894e-01
6.356320186544015538e-01
6.343821650898090470e-01
6.009254957593160862e-01
6.356320186544015538e-01
4.117212853620970670e-01
5.033161395667370419e-01
5.450199119129983671e-01
5.897239098242111899e-01
1.751222359310135313e-01
5.816489751630046223e-01
3.440109941692939266e-01
4.724030731094630009e-01
2.044377347033511094e-01
2.234647580105339204e-01
5.358402383480113107e-01
4.117212853620970670e-01
3.532060376889439302e-01
4.345183186348719473e-01
3.101815444525385379e-01
6.306330680702929570e-01
5.579617696281773398e-01
5.045592946441160853e-01
4.287279780509917204e-01
6.306330680702929570e-01
4.714215660606259628e-01
3.925337230790629794e-01
4.255366568462614629e-01
4.415738516600870023e-01
5.791039819945777989e-01
5.388810783898452250e-01
3.951133913075760562e-01
5.319422441001588897e-01
5.920997315266623984e-01
5.794801888515207500e-01
3.861439912658012896e-01
4.316739181800220426e-01
2.101588994736574290e-01
5.296266683501503758e-01
4.602239599702810935e-01
3.785808927044089223e-01
3.298122454554883176e-01
5.321405488820819540e-01
5.391132186082983058e-01
3.118249016598198531e-01
6.178302665883634859e-01
5.017505684200935789e-01
5.637606992554564656e-01
4.308224308613413100e-01
5.296266683501503758e-01
2.853886538523520144e-01
5.359523529343287462e-01
3.176702338448159080e-01
4.470312344192770571e-01
3.935538845130486241e-01
5.068153697920807499e-01
4.522504658249393850e-01
4.355577718700205936e-01
4.109368028719418975e-01
3.946223825076618508e-01
4.590042761027305351e-01
2.488904972485463662e-01
6.062230316760122140e-01
6.190920100041388263e-01
3.632647515918830949e-01
2.683637787089416804e-01
2.132802306025037287e-01
2.853886538523520144e-01
4.326692007510691829e-01
5.660779688041124302e-01
4.159505977884895844e-01
6.243987182728991669e-01
2.930551790062265183e-01
3.932916457961344037e-01
6.404071170545652114e-01
5.949681918009223081e-01
5.923191657607110860e-01
6.387109174039142800e-01
3.298122454554883176e-01
6.468868585294914597e-01
5.737630764757692958e-01
5.238277387228711390e-01
2.416778684524255316e-01
3.792243850623435164e-01
1.578538937584234025e-01
3.403008246880221410e-01
3.674239493188902750e-01
5.296266683501503758e-01
3.859811003461727230e-01
3.702338758366523486e-01
2.348014060944120518e-01
4.317057436338418985e-01
4.385789626626339088e-01
5.514801280346285361e-01
5.325870487986508195e-01
2.966030939896369123e-01
3.830629654976630549e-01
5.431970839752487956e-01
4.755034579276427587e-01
1.284277299405106321e-01
5.350211428496716159e-01
2.295900361554100710e-01
1.985549255602485075e-01
2.822904799320016811e-01
5.695701228259757443e-01
5.973422951749961518e-01
6.287050981219908241e-01
2.222537389583026379e-01
5.259970073137930635e-01
1.885421378601414844e-01
3.571846118921103153e-01
5.813703895637465369e-01
5.752967214511843785e-01
4.789300045880162671e-01
1.980369908082720010e-01
4.015578586149415319e-01
6.468868585294914597e-01
4.263194204883415384e-01
5.685227727847251833e-01
4.023246896776606074e-01
6.092743171213238496e-01
3.692961921899334810e-01
5.350211428496716159e-01
3.858678737107800738e-01
4.266974886944608913e-01
4.015578586149415319e-01
3.304858197854980695e-01
2.800335982132525769e-01
2.998515794435638870e-01
5.759578131628484421e-01
5.762043560746603621e-01
5.334765832877220726e-01
6.422278570549541099e-01
5.176029783868918432e-01
4.316739181800220426e-01
4.455063684887292652e-01
4.518724367000848674e-01
3.496456470511365988e-01
6.201000794245478120e-01
6.438124959091250377e-01
2.567705142054269585e-01
2.979768325652050742e-01
2.522742138569289971e-01
5.367173425003225473e-01
5.296266683501503758e-01
3.280337992830339444e-01
2.717629858418467714e-01
3.028359473695585447e-01
4.535681931525624155e-01
4.816584822159594714e-01
4.749524233192189970e-01
5.635990815951203992e-01
5.304597464182519984e-01
5.296266683501503758e-01
3.783821374485450972e-01
5.330831503239165103e-01
3.336641652827329607e-01
5.989643652538786389e-01
3.032845739929342366e-01
4.700106116230608477e-01
5.925645574382435443e-01
4.009407609741105216e-01
6.404071170545652114e-01
2.324431423777557071e-01
2.416712695392856658e-01
2.885273883049665478e-01
1.541809508449205890e-01
5.664820771895846541e-01
5.431970839752487956e-01
3.015653984043348279e-01
5.727543212623142921e-01
5.618644274350449441e-01
4.267646583710875130e-01
6.216089325344144045e-01
5.386202903570082023e-01
3.626006122691401434e-01
2.597616768666436982e-01
3.100865811366191327e-01
5.925645574382435443e-01
4.172824342842271217e-01
2.990142761294622420e-01
5.223540203976501095e-01
5.187632537428257251e-01
4.904183051294002671e-01
4.157924659483080432e-01
3.367195804536127213e-01
3.126190364948076006e-01
3.243168707178002985e-01
5.296266683501503758e-01
6.404071170545652114e-01
5.418836127636673661e-01
5.330831503239165103e-01
6.468868585294914597e-01
4.891598305080323006e-01
2.135203482841372125e-01
3.914696614316434675e-01
5.987989072356373343e-01
5.708513734056286371e-01
2.878064134937731722e-01
5.708513734056286371e-01
5.350211428496716159e-01
4.886929819331179981e-01
3.172719142677549176e-01
2.240832978124003283e-01
4.213270892934610767e-01
4.561621366445655079e-01
4.552032765650516621e-01
5.431970839752487956e-01
4.909537865377625043e-01
2.784047944116544437e-01
4.827831830190791318e-01
6.468868585294914597e-01
5.329132403675512775e-01
6.201000794245478120e-01
2.293499925826643637e-01
6.044087674204152716e-01
5.366822978312529857e-01
3.229155344289610929e-01
6.408619065647351842e-01
4.790722647574038318e-01
3.083729601806606269e-01
4.255599184100496979e-01
4.989050413646337057e-01
4.146490430366117086e-01
6.423100649112508664e-01
3.207496674671710957e-01
4.341267731090657778e-01
4.624600715558740416e-01
6.468868585294914597e-01
6.333164429043930399e-01
4.751014624250193830e-01
4.087343164532015183e-01
5.992073117538717630e-01
2.548936484157263149e-01
5.773311148805548854e-01
2.081623245477025042e-01
5.582652799277083577e-01
2.797188977834821344e-01
5.319422441001588897e-01
6.222253566470645758e-01
5.375977377940409641e-01
5.431970839752487956e-01
6.306330680702929570e-01
6.134831359976602450e-01
5.164103048703051480e-01
3.761416379515813424e-01
4.353736076459513438e-01
4.573628364759135256e-01
4.068569968634950795e-01
6.236618299032795631e-01
4.970433672732951225e-01
2.890883433182813156e-01
3.870210661071639135e-01
5.987989072356373343e-01
5.614428064853541622e-01
5.403587408046265361e-01
5.420752530466046437e-01
6.086440873439986632e-01
3.501599231315133953e-01
3.703300686533204655e-01
4.833133616402915389e-01
2.522742138569289971e-01
5.187632537428257251e-01
5.472472675283005517e-01
2.509086062632330250e-01
4.989050413646337057e-01
6.097608937316256750e-01
3.242823966767728883e-01
5.147126473637492206e-01
6.306330680702929570e-01
5.367173425003225473e-01
5.277091699980883677e-01
5.509373440424806256e-01
3.357243414332303777e-01
4.469675909952837700e-01
5.599614795783592891e-01
3.022900785559787251e-01
5.664412210532854264e-01
6.306330680702929570e-01
4.421144535456563163e-01
4.066884195158964044e-01
6.438124959091250377e-01
5.238165163713762729e-01
4.418836811714717538e-01
4.267327425938124974e-01
6.438124959091250377e-01
2.872506853917483061e-01
5.367173425003225473e-01
3.507550606354624678e-01
4.141825242618389913e-01
5.438830694132047450e-01
5.599614795783592891e-01
6.205291569964137555e-01
4.670368651741145793e-01
1.385386624417358215e-01
4.422314848876940374e-01
6.340519159293770413e-01
6.387109174039142800e-01
5.026519451560410578e-01
5.367173425003225473e-01
4.467937234372188482e-01
6.306330680702929570e-01
1.496438952854110549e-01
4.533828451611394694e-01
3.267755233940551896e-01
3.326776556241205496e-01
3.790426707970320774e-01
3.411191992617533808e-01
3.872007447167003513e-01
4.621888547498848032e-01
6.100599597845584032e-01
3.062702049921470770e-01
6.287050981219908241e-01
3.599383782165749279e-01
5.691551737549778167e-01
3.328984096823729977e-01
1.848337042730283930e-01
4.316063582104449625e-01
4.880206517593311810e-01
5.493759088577774286e-01
5.760918025516904573e-01
5.276932069644439949e-01
4.945014278483796377e-01
3.250492601686266747e-01
5.587371827703465632e-01
3.441608618810600428e-01
2.760968124840060267e-01
3.847183661787585418e-01
6.120251047466206407e-01
5.805346067810890354e-01
4.275455276112193337e-01
1.842065398804424159e-01
6.287050981219908241e-01
5.503216301486668627e-01
5.321354984601208704e-01
5.205085652390888384e-01
4.015578586149415319e-01
6.241533265953668197e-01
4.887592718655281443e-01
4.288554143640283534e-01
5.733257268760835190e-01
1.916733707887021687e-01
6.112637228179154114e-01
3.910101049426217834e-01
6.081259795326978690e-01
5.465820266543753858e-01
4.744436807717576920e-01
5.923191657607110860e-01
4.814935252902119434e-01
3.549700341873700538e-01
2.020224450810179373e-01
3.284827096613376907e-01
6.404071170545652114e-01
5.618644274350449441e-01
4.318624393414809970e-01
2.618156255838960944e-01
5.350211428496716159e-01
3.390104190102676829e-01
4.351163454499894501e-01
3.012404090000855295e-01
6.039438496262860001e-01
5.077830126582850712e-01
5.920053013166133304e-01
4.919764746378821885e-01
5.582652799277083577e-01
6.408619065647351842e-01
5.611736870752231932e-01
3.448495514099347292e-01
5.231586641431709150e-01
4.970148219432917736e-01
3.769608094297203782e-01
6.468868585294914597e-01
5.237663029745817100e-01
6.088452395494580172e-01
2.844945152576789926e-01
5.520277377314647405e-01
6.083409143282556553e-01
2.692185957305967547e-01
5.923191657607110860e-01
5.296266683501503758e-01
6.127027731509384623e-01
4.171239564293366398e-01
2.861612671752916670e-01
4.851946754184137123e-01
3.310761024816891718e-01
4.482150392951180784e-01
5.671793270745468796e-01
1.566323242198454924e-01
2.522742138569289971e-01
5.304443492314311337e-01
4.477756238971923319e-01
5.823168961178160075e-01
3.426723644974273286e-01
4.942648122014680068e-01
3.673454776730856186e-01
6.404071170545652114e-01
4.146490430366117086e-01
5.691551737549778167e-01
3.969872166580256656e-01
3.925337230790629794e-01
4.766283380264587088e-01
6.241533265953668197e-01
4.003777888062577950e-01
5.092546136312572358e-01
2.533601313898777296e-01
2.998214828160143952e-01
4.316739181800220426e-01
4.868252916136676101e-01
3.140789005116516597e-01
5.367173425003225473e-01
3.873928412941922694e-01
3.371685167128604110e-01
5.840151087654235074e-01
6.260562744520524747e-01
3.582596205551989432e-01
4.208380606456106343e-01
5.645783801367372234e-01
2.476225641295768665e-01
4.797195900935367630e-01
6.127027731509384623e-01
4.588917797465043580e-01
3.609328048455588966e-01
4.348585377793527385e-01
5.706547624223529125e-01
2.121332614817835471e-01
3.667987812929354163e-01
4.154597918785458699e-01
5.124971252644023867e-01
5.096312958036895990e-01
5.633357730285819542e-01
3.360620240373213830e-01
4.295499794908252400e-01
5.708513734056286371e-01
4.905803363651424220e-01
5.862222910683742017e-01
6.438124959091250377e-01
3.608098798201200275e-01
1.944948509132543024e-01
5.879877638200029510e-01
3.049950782180237407e-01
5.026519451560410578e-01
5.132951112670069982e-01
4.995309359279317962e-01
3.160811945025904790e-01
2.508645302880471162e-01
5.660663104262719791e-01
3.062702049921470770e-01
5.132951112670069982e-01
2.889788205681856903e-01
6.081259795326978690e-01
5.223540203976501095e-01
4.554225028160926447e-01
5.138244734431791638e-01
1.628268595629507876e-01
4.948758048498251294e-01
4.678638985346720847e-01
4.824663704340366177e-01
3.443399459564615017e-01
6.387109174039142800e-01
6.096284105305720402e-01
4.887069792622938391e-01
5.237663029745817100e-01
3.172719142677549176e-01
2.668051461498354149e-01
4.663502818759585056e-01
4.290155370620457043e-01
5.296266683501503758e-01
5.323955464434753093e-01
2.932567225440316783e-01
3.659876033886045321e-01
5.579020276785352506e-01
5.238277387228711390e-01
4.072779596680560221e-01
6.241533265953668197e-01
6.306330680702929570e-01
2.826031517738854526e-01
4.506912921566187391e-01
5.664412210532854264e-01
4.341267731090657778e-01
4.279433282181866471e-01
4.499532715736543897e-01
3.751264391106504115e-01
1.451025467113253031e-01
5.304443492314311337e-01
3.545348235593561714e-01
4.769195140293592816e-01
4.677848971090622365e-01
5.132951112670069982e-01
3.298122454554883176e-01
6.018916297353040790e-01
3.257936489189651730e-01
4.252338512567714890e-01
4.099083170246111130e-01
6.387109174039142800e-01
5.156282577873730899e-01
4.205638438328492268e-01
3.669676280518064382e-01
5.483957285970929574e-01
4.718662440211018327e-01
2.231055017167486720e-01
6.357481155800278616e-01
5.441909899711064869e-01
4.158714927351642165e-01
4.447012612768260209e-01
2.245539555633597195e-01
2.164879916115212410e-01
2.883743983535360655e-01
1.606703811474558818e-01
1.200820855943016269e-01
5.114233999427409971e-01
3.083729601806606269e-01
4.469732113177102284e-01
5.068153697920807499e-01
2.450487815811207559e-01
5.356419335660881353e-01
5.254625026252326414e-01
3.202370876799905397e-01
5.957204315200282929e-01
6.006801040817836279e-01
1.708322588837350164e-01
5.354221234866842760e-01
3.540381808209365211e-01
4.870698230876159274e-01
5.962077380976780194e-01
2.302161110537997990e-01
4.851188158770400882e-01
6.064684233535445612e-01
5.630903813510494960e-01
6.423100649112508664e-01
5.141780792720730409e-01
4.117212853620970670e-01
5.328703260205982506e-01
5.942221136173968521e-01
4.023157813320129561e-01
5.198610977136732814e-01
5.141780792720730409e-01
5.132951112670069982e-01
6.274560775288243741e-01
5.801405514273533237e-01
5.002540750720433360e-01
4.800281674453544256e-01
6.065754267132735800e-01
4.792137298932951373e-01
5.431970839752487956e-01
3.723955305448841124e-01
5.592287562737494611e-01
6.468868585294914597e-01
3.471451764860737366e-01
3.328984096823729977e-01
4.828625162196817922e-01
5.266271139227703957e-01
5.297414242479079327e-01
2.583530010954842582e-01
5.805346067810890354e-01
5.027800545815004352e-01
3.028942736627463495e-01
4.797195900935367630e-01
6.081319898362562704e-01
3.756672778744178931e-01
4.908353183356055638e-01
3.083729601806606269e-01
3.328984096823729977e-01
5.058279388134382382e-01
3.161929406232596440e-01
3.420450604101075154e-01
2.034801853013620820e-01
4.281983256756403677e-01
3.746841853319279880e-01
5.238488922889685817e-01
5.773311148805548854e-01
6.024097375466047621e-01
2.522742138569289971e-01
5.396544419483418897e-01
4.874388627939862384e-01
4.811175422150857917e-01
6.151291910594881562e-01
6.468868585294914597e-01
4.527860428576729879e-01
4.684726818442927487e-01
2.544874482471307098e-01
5.903419557054115918e-01
4.458039825063708772e-01
5.144593651164869330e-01
1.992249537851739638e-01
5.185347249034842898e-01
4.307812753791839810e-01
3.329165689583726273e-01
5.708513734056286371e-01
6.306330680702929570e-01
5.423199798229375590e-01
5.091625342216504757e-01
6.287050981219908241e-01
1.576616157025050036e-01
3.256067572175820324e-01
3.942194976983848798e-01
3.764045956182527908e-01
4.963598137086180362e-01
5.664412210532854264e-01
4.829224828865964492e-01
2.909188779567249417e-01
6.333164429043930399e-01
2.698710065163137939e-01
3.910867395611010711e-01
5.625994409433486831e-01
4.342765212903677008e-01
6.306330680702929570e-01
5.479662436861930663e-01
4.856270700126307238e-01
5.367173425003225473e-01
4.856466377732566730e-01
3.696174277139698261e-01
6.299045168985812904e-01
4.505465316177992841e-01
5.406313180751773917e-01
3.387467804357084389e-01
5.587189766176170469e-01
5.418291850345239302e-01
5.582652799277083577e-01
3.836596243645724602e-01
5.205085652390888384e-01
