3.848076529409635849e-01
2.910896216120930080e-01
1.782977495956422909e-01
3.350639477794771781e-01
3.778415052126318230e-01
5.553846859601186958e-01
2.634485604622763266e-01
1.985618517789811688e-01
2.903056783602406821e-01
4.307920184654872586e-01
6.387109174039142800e-01
4.561621366445655079e-01
1.388095074560116160e-01
3.905957305533077628e-01
4.375815648181285988e-01
3.011523232591968302e-01
4.906030376948419258e-01
4.096764081755608355e-01
1.181533513786053313e-01
5.727576564740839427e-01
2.095651837585950916e-01
1.215347497196197640e-01
5.047376623682486851e-01
2.837468744471980941e-01
4.225695608644639556e-01
3.331518584407688888e-01
3.430021305469049264e-01
3.845599973564393093e-01
5.158742789227238612e-01
3.086477693448267945e-01
9.524988558202265865e-02
2.309572245654798461e-01
1.734093559599934886e-01
1.934254303513365525e-01
4.288042172834833354e-01
2.969154799978019343e-01
4.212377636578703011e-01
3.609789239601662869e-01
3.397196381562167522e-01
3.944790235934594880e-01
4.498530875828170572e-01
2.731345810802826568e-01
1.946368592371507389e-01
2.884634488611801384e-01
2.536364175348232441e-01
1.349878476492640256e-01
3.570740161742043672e-01
4.132274393701426130e-01
2.020224450810179373e-01
1.045910675668954293e-01
3.790918548806205268e-01
4.047945207389874733e-01
2.028619656332606436e-01
1.070492192545960258e-01
3.199813863440119643e-01
4.347727682270415284e-01
2.562752516800804181e-01
3.083729601806606269e-01
1.607054595968739619e-01
3.246604770438177856e-01
1.742031731557651120e-01
2.118705470336218477e-01
4.010043655247180761e-01
3.103009978975390104e-01
5.551863811781955205e-01
2.233357526262907677e-01
1.413179484163665511e-01
3.440931643994793454e-01
1.073673662153771108e-01
2.121332614817835471e-01
2.161018816036499035e-01
5.223540203976501095e-01
4.254475211081995001e-01
5.449602095643187871e-01
4.146490430366117086e-01
3.699026630527998405e-01
3.701421896303030423e-01
3.738053438303045595e-01
3.362258577924636116e-01
2.927056498937384288e-01
4.207067029018321525e-01
5.141830220126768491e-01
4.361149956619408963e-01
4.080564297758622061e-01
1.385877044399811686e-01
4.385315226844273551e-01
2.737953893488372925e-01
4.165136606955555099e-01
3.020441883844408593e-01
1.085636769920194089e-01
2.241069468627715777e-01
4.329975450116600455e-01
3.257936489189651730e-01
4.224507267951470579e-01
3.429152981089181873e-01
8.292361370715146951e-02
5.574170855174068739e-01
2.273572679928099749e-01
3.827059329902094964e-01
6.247778394904383026e-01
4.088582075966096796e-01
2.638400532907387297e-01
2.907004531834312955e-01
1.795527584571857960e-01
2.650034674127229040e-01
2.935418833582157383e-01
3.829252383392359183e-01
3.931722559621287916e-01
2.524550342422473004e-01
3.491735254157792290e-01
2.367998385237805870e-01
3.169363488080336189e-01
4.457475273326756415e-01
2.958998645672184513e-01
1.350956967649818430e-01
5.132951112670069982e-01
4.277828494233255618e-01
3.851081865161780082e-01
3.968540896554980102e-01
5.378759130400184718e-01
5.635990815951203992e-01
4.061685395355395523e-01
3.716631594913553105e-01
6.205291569964137555e-01
2.822904799320016811e-01
5.338739802974785675e-01
2.046380764922632045e-01
4.098237060862863212e-01
2.005396798587503471e-01
4.879463435155037554e-01
5.056201830175600653e-01
4.317576205828793645e-01
3.839787869185410929e-01
2.088306867258361565e-01
5.232984085600754787e-01
4.105649689590768481e-01
6.438124959091250377e-01
2.045896587548595436e-01
2.928818086948926647e-01
3.975068312807520376e-01
3.387467804357084389e-01
5.115253832308529480e-01
2.923297330280955064e-01
2.486176404845883980e-01
4.628812602210425342e-01
5.766987139103022519e-01
5.431970839752487956e-01
5.184142825777565688e-01
4.867735717172660959e-01
5.467967412020604545e-01
3.668765852311731135e-01
2.443141292626978822e-01
3.319187362308567701e-01
2.796770698125393140e-01
2.151758696390317915e-01
4.193386411917969792e-01
2.819535615953048246e-01
1.927335154747797374e-01
4.425635330335819795e-01
4.067523423293573082e-01
2.843603070761178131e-01
4.696914632048688754e-01
1.698211649268236700e-01
2.150133311783632983e-01
2.014582981885510160e-01
3.915940994009404208e-01
5.554458298461963928e-01
2.973034113381289867e-01
1.538369096358925270e-01
3.316769479290919698e-01
2.896168222162928130e-01
2.635463573777738766e-01
4.385340733605937458e-01
3.093370767942316135e-01
1.763105340089733686e-01
4.165950476374121192e-01
2.919601924371104107e-01
4.865083321620634060e-01
1.724256506939501610e-01
2.862653237452898458e-01
4.663385433607373232e-01
5.635990815951203992e-01
3.663549727866621253e-01
3.965606519283358389e-01
4.942920040308584895e-01
4.092593561999093299e-01
2.200144663635991704e-01
4.383624854043903230e-01
1.311193922894212105e-01
5.720985410687209338e-01
2.878325399429392806e-01
1.654579500050397112e-01
4.039717097141229951e-01
1.409234611938667558e-01
5.498989966200351631e-01
5.813097175631536384e-01
1.728701511257018097e-01
1.452785664413829281e-01
3.337482819885731478e-01
2.475091716066878111e-01
3.387467804357084389e-01
2.191660741563643544e-01
3.953597204157663358e-01
2.988963082922224124e-01
2.396753513033070548e-01
3.543490693722339824e-01
3.539624865434221057e-01
1.784049956541833570e-01
4.239131969918686904e-01
3.278020857363682650e-01
4.064180544943890028e-01
4.277532155345817877e-01
2.342243058414495704e-01
1.687116566535822593e-01
1.756990906787964657e-01
2.739246215291438191e-01
1.949016666117707464e-01
6.468868585294914597e-01
3.775729648496452540e-01
2.013812288949402007e-01
3.835417675347550515e-01
4.493479645217511309e-01
1.881583243962756946e-01
3.790514058754764215e-01
3.168913840458917330e-01
3.207865866857377291e-01
2.355495637961959599e-01
5.047376623682486851e-01
5.132951112670069982e-01
3.414248758170840281e-02
2.195489677553535135e-01
5.169177985842644540e-01
5.431970839752487956e-01
4.571014077597884140e-01
2.917860355113826021e-01
1.934191370204269289e-01
2.012856770733787992e-01
5.330831503239165103e-01
5.505430354920399783e-01
3.861439912658012896e-01
5.255562240715988542e-01
4.268576424703989236e-01
2.916517875209798660e-01
2.304158981174184995e-01
2.046354059738140219e-01
4.199954047573223326e-01
8.873574230404523977e-02
3.062702049921470770e-01
3.504466519775086830e-01
4.752642873430438231e-01
5.757975694792134558e-01
3.923667012905313611e-01
3.580575533700210977e-01
5.235348510437233260e-01
2.496391203915638846e-01
1.341138694784403118e-01
2.910523211433153068e-01
2.700674104520376373e-01
8.426234129005917561e-02
2.926051991940566421e-01
4.467024100619782501e-01
3.805880521049381238e-01
6.127027731509384623e-01
2.799191818859527725e-01
3.861473879058355818e-01
2.952485414047860135e-01
5.840151087654235074e-01
4.313033101300219330e-01
2.779797991689292314e-01
3.094805874601537221e-01
2.490787545075283105e-01
4.389050383389538901e-01
3.769585068572218201e-01
5.404170319662517930e-01
4.200297937758108446e-01
1.271426897254450405e-01
2.885765961907083010e-01
3.019226734027213865e-01
3.262569919252135131e-01
2.058232231235496701e-01
2.146064752552471477e-01
3.328984096823729977e-01
1.971346417179831723e-01
6.299045168985812904e-01
1.345706346712741974e-01
4.748766367433983060e-01
3.646678182660857415e-01
2.835628459681602820e-01
3.991321862646697305e-01
2.973095228787935307e-01
3.853773002096346212e-01
5.187632537428257251e-01
4.070892200256964188e-01
6.157036238082479462e-01
3.988538322426936622e-01
3.178698732103566460e-01
2.881956870053038466e-01
4.143388427729089440e-01
3.821476406998788877e-01
1.424190013124498611e-01
4.360749882958770973e-01
4.849462891389648145e-01
2.700674104520376373e-01
6.423100649112508664e-01
5.347793499745673307e-01
5.237292185960954471e-01
2.162324631269878783e-01
3.224371175917823962e-01
4.239911807455003512e-01
3.434380150149183297e-01
3.385857416146376697e-01
5.122835122678994768e-01
2.583810940806352541e-01
1.629381982406463425e-01
6.170626524451945372e-01
2.224388374948438052e-01
4.681498431568827390e-01
4.140842866427169033e-01
3.006570685293153411e-01
3.208825857591143249e-01
4.072037694995393475e-01
2.932038717854993370e-01
4.482575485897067891e-01
3.926729468628413211e-01
4.635750258449432559e-01
1.107042432003020466e-01
4.975075060406163319e-01
3.628277408350784050e-01
1.679367122787117361e-01
1.532949773242869851e-01
1.784033800180655771e-01
5.027800545815004352e-01
3.558515716726285416e-01
3.293624765366330864e-01
4.170797512573097832e-01
2.762457838212302175e-01
3.628784580267945814e-01
4.257065010089015611e-01
3.083729601806606269e-01
3.406503846705518646e-01
2.485094139644223321e-01
2.976134855231769571e-01
1.499643279804861451e-01
4.233553111051163165e-01
1.894206316840233995e-01
3.345819479386795692e-01
4.999364036346307660e-01
4.186817013448217994e-01
2.712330351600326650e-01
1.391865631871294640e-01
1.307826981502993313e-01
5.879877638200029510e-01
2.598171749651090878e-01
2.962097266116773264e-01
1.171927320185376098e-01
3.716438328704483873e-01
2.233226924159541771e-01
2.660735299052031100e-01
1.483074225667557478e-01
1.712183113091044762e-01
2.163011614423422380e-01
3.438664034676731651e-01
5.267020489219883528e-01
2.585306822989942299e-01
4.023591127883163199e-01
5.386202903570082023e-01
3.526289578081301390e-01
2.275205178156497476e-01
4.127124595151805408e-01
2.660007544576848404e-01
2.961043080180245091e-01
2.710630732339004423e-01
3.842580566478124293e-01
4.091289469043792870e-01
3.527068254613022202e-01
2.592701087680965855e-01
1.433419420717148840e-01
3.563652884543724308e-01
2.561421357990829040e-01
4.385258318909967534e-01
3.438615306783758263e-01
3.793640630618858589e-01
4.230695096076441675e-01
2.089998791875975481e-01
5.743002569836951343e-01
2.902511254878982205e-01
2.829401236394423758e-01
4.041105442443462259e-01
3.820445178187153457e-01
1.437596809837471679e-01
4.612487455701985706e-01
2.044070492583410503e-01
1.430095985296711003e-01
3.942546843488579089e-01
5.223540203976501095e-01
3.198398080179680192e-01
4.418175243856047318e-01
5.529201810723368693e-01
5.522392351426907986e-01
1.793548983285894738e-01
4.430632722346614649e-01
2.015706927879733212e-01
1.995512491896690166e-01
4.370797771767114259e-01
2.974328537881129608e-01
5.568660128671136800e-01
5.318178536312290206e-01
5.321827996790494675e-01
4.551634152340332529e-01
3.700405451850722893e-01
3.996198660891863153e-01
4.872126310183480524e-01
2.834552904816262653e-01
5.123326241135117698e-01
5.549630650104279139e-01
3.076822643069594965e-01
5.649933292077351510e-01
3.204253140689308221e-01
4.625415781321343678e-01
3.635966985006648389e-01
4.006764793256539225e-01
1.579649199938795157e-01
4.309156635840182270e-01
2.324875619770413460e-01
1.751222359310135313e-01
5.350211428496716159e-01
2.352493387135186353e-01
3.208764396065849067e-01
8.712995871863719877e-02
5.164103048703051480e-01
3.286207127792277749e-01
2.265215471581147333e-01
4.830691979044147710e-01
5.132951112670069982e-01
1.823099794199447010e-01
7.050457746114391355e-02
8.747445934040590232e-02
4.095681116001488320e-01
4.803253342111808433e-01
3.155797215900824626e-01
1.699753561074494879e-01
2.273982959411589566e-01
3.383602729630587613e-01
1.294774657058870015e-01
2.004379304345901835e-01
1.670318406798702582e-01
5.243037911435285414e-01
2.776524409826982009e-01
3.901941404148673298e-01
2.852394388808598968e-01
2.795266595364052642e-01
4.767023829914462940e-01
5.582652799277083577e-01
4.456315877715039120e-01
2.856410191450446390e-01
5.880709790582641094e-01
2.542201558861298949e-01
2.287849591899112633e-01
3.328984096823729977e-01
5.141780792720730409e-01
3.129677145503906299e-01
4.447901245893691735e-01
1.563825074205890675e-01
5.272486039443722294e-01
1.743848099861236567e-01
3.754821587578489606e-01
3.946455073909627131e-01
4.186640808913668632e-01
1.767902769067278834e-01
2.627177923642421420e-01
3.991140381102002421e-01
4.071444917438565847e-01
1.605463851290578337e-01
2.993996180241766947e-01
2.939480329082582721e-01
2.509567079205135554e-01
2.122901762939604919e-01
3.785544657660497858e-01
1.989393991440952525e-01
3.821113458460934087e-01
4.814935252902119434e-01
4.256016211338539135e-01
3.578507683693912256e-01
6.086060516589265890e-02
2.011003240928582181e-01
4.851785123011661538e-01
2.522742138569289971e-01
2.508645302880471162e-01
3.654067772151637916e-01
3.522514519148901568e-01
3.582988576253756663e-01
3.465790409185012244e-01
5.630903813510494960e-01
4.420757273382895924e-01
3.470898766002998848e-01
3.311112725018368064e-01
4.316294123109231107e-01
3.022603087143243550e-01
2.880706264381976967e-01
5.350211428496716159e-01
1.200223498810316924e-01
3.003729922202298397e-01
3.901865086545773242e-01
4.329379856837794471e-01
2.890018458774128995e-01
3.826424068100106601e-01
2.643373454433673442e-01
6.438124959091250377e-01
3.088518836191284089e-01
1.952099302740744891e-01
1.634939735312196385e-01
3.440109941692939266e-01
3.207871035770407664e-01
2.420265535758968634e-01
4.298474332337052783e-01
2.959419492688104558e-01
3.604862256231256001e-01
5.556307594809947181e-01
1.536485948983482286e-01
2.066704271979703800e-01
3.861473879058355818e-01
4.440952388091096714e-01
3.028942736627463495e-01
5.458645002451043560e-01
2.842107733220746724e-01
4.062373088415957012e-01
3.525957295863582641e-01
3.216065947731866492e-01
5.599614795783592891e-01
2.067331113640036577e-01
4.605122531062643132e-01
6.243987182728991669e-01
8.843424593692655877e-02
1.287042605512402904e-01
3.804458422422850594e-01
2.463720132346501890e-01
5.092546136312572358e-01
4.477735655825988981e-01
2.878041544719394107e-01
2.655016931502466315e-01
5.412590914494935790e-01
2.581879124783470481e-01
4.837044525345756685e-01
3.823133257220626691e-01
1.178778476904724093e-01
2.716678983181841645e-01
4.960629019064686784e-01
3.328984096823729977e-01
4.343544323902650550e-01
4.370953424337589155e-01
4.445655398395880753e-01
4.025425200207588539e-01
6.134831359976602450e-01
4.172941796594575314e-01
5.487606182057463977e-01
4.065057164737972406e-01
2.872599018141749894e-01
1.893605580633281604e-01
4.455063684887292652e-01
5.759578131628484421e-01
1.390916817755628865e-01
3.393198826544924218e-01
4.547163119484690652e-01
4.023631080161273466e-01
2.738887229968018366e-01
5.290851899424902083e-01
1.537380696871704089e-01
6.014479332758485564e-01
4.255367657748931887e-01
4.033094831906257616e-01
4.290155370620457043e-01
3.328984096823729977e-01
5.254625026252326414e-01
2.978275667672808380e-01
1.182091626468869117e-01
3.412781449484867391e-01
5.987989072356373343e-01
2.958998645672184513e-01
3.702121405209826133e-01
2.625372369207961687e-01
1.467263734722733803e-01
2.470895485827212246e-01
3.050650574841961560e-01
2.284117526515590801e-01
1.374490703344386222e-01
2.016096806111473128e-01
4.327516301025131074e-01
5.911112245659631004e-01
4.161064586537909227e-01
2.216311089278910074e-01
4.363859923239968852e-01
5.956645963456538295e-01
3.269105435512566493e-01
1.987908185155796703e-01
3.712690409423828886e-01
1.734155842247548096e-01
9.362636720967219828e-02
4.001920106091032547e-01
5.105873126172486565e-01
6.404071170545652114e-01
1.699608798249005737e-01
3.433427341637222407e-01
2.985998483152276783e-01
4.058325475079703759e-01
3.101815444525385379e-01
3.132145355004561926e-01
1.038838722276144849e-01
2.737018743263857634e-01
3.597567052152585432e-01
5.441683005944534246e-01
1.785985133969247574e-01
5.185261077964111731e-01
6.170626524451945372e-01
5.431970839752487956e-01
2.345554844291953545e-01
3.867526056736790840e-01
3.996198660891863153e-01
4.010365745154187422e-01
5.803859431048856710e-01
2.718943523165461840e-01
2.924540825448489478e-01
2.183341684222676327e-01
2.776589858472803263e-01
3.629363818661063834e-01
1.469757159954357961e-01
3.392557197407077285e-01
2.149364074001001990e-01
4.803253342111808433e-01
2.697565266819587082e-01
5.736812912376181295e-01
3.642969305147994441e-01
3.606929409842676293e-01
4.698904985777770937e-01
3.781236091651185571e-01
3.083729601806606269e-01
1.216284948641997432e-01
4.147574278566881767e-01
3.805666378584891540e-01
2.333693836329860105e-01
2.947110380606672853e-01
2.542201558861298949e-01
2.989251615950651586e-01
2.475091716066878111e-01
1.977477493279798104e-01
1.050896672788627778e-01
4.095165211084672574e-01
3.924657319682984813e-01
2.338396551446367544e-01
1.621670618984860091e-01
4.324747431870605840e-01
7.121928305539954041e-02
5.300042515744036731e-01
3.930149041881505489e-01
3.747653943293022261e-01
2.677146291300460113e-01
2.868562651063084612e-01
2.270596771536844694e-01
3.805834606799595177e-01
4.342765212903677008e-01
2.946162541443836935e-01
3.138509085200038018e-01
3.968037601582439233e-01
3.596513774647585038e-01
4.181409853336441329e-01
5.662745797873881548e-01
3.260066036663986644e-01
1.583126295408839590e-01
3.050133975609058412e-01
4.680037336907899581e-01
4.107024792996358808e-01
3.811684045219824735e-01
1.202089768484215504e-01
1.116201303109656123e-01
1.152883480293094981e-01
1.889772993247557931e-01
2.109192431503567611e-01
6.306330680702929570e-01
3.060777131326070655e-01
4.807328895434218596e-01
2.233997074531281768e-01
4.283257412007702158e-01
7.596845446636299459e-02
3.754753783662826416e-01
3.476473728177389422e-01
5.431970839752487956e-01
1.399542395900792713e-01
4.299036307412955060e-01
4.295384920935184092e-01
3.838020746393678295e-01
5.753368241298009167e-01
3.267242147863900770e-01
3.910319361944814553e-01
3.271072576425501643e-01
3.357243414332303777e-01
1.647261083155580064e-01
4.576693160161147134e-01
1.724035240459346197e-01
2.858791858816233655e-01
9.900025305446377710e-02
4.128376633109646088e-01
5.319422441001588897e-01
1.746875217182143614e-01
5.630019123850986684e-01
2.558127945504810596e-01
2.500519934782476361e-01
1.838500742592077408e-01
3.819788483013841218e-01
1.735413641573763099e-01
5.571193401201941509e-01
2.205934056187381642e-01
4.650573197014237770e-01
4.728373552456189288e-01
3.140435023442267881e-01
3.692961921899334810e-01
3.137826494531204546e-01
1.858112295022542326e-01
4.091289469043792870e-01
3.676411678738908950e-01
2.668051461498354149e-01
5.268992847897429055e-01
3.752486827085038112e-01
4.209831247918091601e-01
3.716853975625513673e-01
4.765066203626477925e-01
6.468868585294914597e-01
3.969810649967009941e-01
5.304443492314311337e-01
3.786286453327339929e-01
5.587189766176170469e-01
5.593392050211541955e-01
4.310593956411479244e-01
5.132951112670069982e-01
4.344687990344675010e-01
4.404137237943519523e-01
6.306330680702929570e-01
5.109823339850141366e-01
9.140901816513470612e-02
4.750035261266066233e-01
3.342826390829952143e-01
1.926168675656832197e-01
3.802003237585210860e-01
3.748634188723794503e-01
5.117855347379831610e-01
3.664028308096747844e-01
4.116393302867472070e-01
2.768925312535536754e-01
5.504589249186322419e-01
3.804973241171534792e-01
3.510894878533459829e-01
3.167423152133845843e-01
4.670368651741145793e-01
3.236154655381445200e-01
1.953266038562359308e-01
2.262505599545563129e-01
7.286173505327853128e-02
3.850807634213242459e-01
4.165136606955555099e-01
2.734681405069961380e-01
2.509587398344653719e-01
3.495609773869751136e-01
3.566460057495349778e-01
3.764662584744241647e-01
3.682856528543759778e-01
3.645110283892287750e-01
3.253775125466694118e-01
2.504209044035352050e-01
3.252650244016663805e-01
1.083406473855472590e-01
1.526610010464558020e-01
3.752326865181480064e-01
3.100865811366191327e-01
2.568308492340504179e-01
5.114233999427409971e-01
2.623009039894172445e-01
1.908068630640115948e-01
1.470066996429691408e-01
2.773407084423840097e-01
3.041030925229201709e-01
5.504589249186322419e-01
5.721219202920617697e-01
3.603222271238218366e-01
1.963608454592061237e-01
7.406339674107495497e-02
1.893998544829788577e-01
3.908454426854534036e-01
2.979768325652050742e-01
4.117212853620970670e-01
3.780336100013469425e-01
1.183049336769256832e-01
4.883014567794604632e-01
3.280337992830339444e-01
1.394259253322897019e-01
1.687246981548027047e-01
6.595998389480409174e-02
4.062932297660857284e-01
1.553378236362667753e-01
1.848028335038290615e-01
5.285063567056759171e-01
1.303982496158802851e-01
4.930840135687712955e-01
4.113949010893004354e-01
3.734984915629340763e-01
6.170626524451945372e-01
5.540334100690798014e-01
3.238476887003458038e-01
5.955528410783056392e-01
4.316739181800220426e-01
1.785126721263350646e-01
3.009362363978432819e-01
3.695318750834662991e-01
3.419969325600644150e-01
5.525425465019536686e-01
3.947468482288143954e-01
3.263274898496609788e-01
2.811515190405640130e-01
4.768336201653652906e-01
5.625916119058229636e-01
4.008986534058210371e-01
4.920545941365453424e-01
2.872802184591440322e-01
1.891379234270855469e-01
3.259288605327884114e-01
3.248865849235312853e-01
1.092083225590846640e-01
4.471615910174633335e-01
2.830009415711411958e-01
2.266287942560511470e-01
3.588053030051941983e-01
3.984907785180306639e-01
3.013254136613653933e-01
4.194422356466266377e-01
4.279426795315544596e-01
4.629956801862259996e-01
3.419245766125056929e-01
3.730159422977593620e-01
1.300175436322649758e-01
2.582250766823955823e-01
4.679267918270479387e-01
4.003777888062577950e-01
3.161929406232596440e-01
3.817260947945317340e-01
5.599614795783592891e-01
2.367998385237805870e-01
1.319094369998032867e-01
1.646876925755795806e-01
5.702189724353760036e-01
2.938640402022821840e-01
1.418020632188036478e-01
4.792939335874957241e-01
3.674363094964647747e-01
2.346143656555556012e-01
1.905191576021540711e-01
3.647657333608335661e-01
2.847339615938618285e-01
7.075225050750988398e-02
3.944785692737560190e-01
1.549596392257483191e-01
4.267573265802928062e-01
1.903452432712988140e-01
5.350211428496716159e-01
3.267755233940551896e-01
9.313324843721611235e-02
5.051191701414298185e-01
3.172719142677549176e-01
3.639986652120372757e-01
5.028948104792579921e-01
3.280524274302717980e-01
2.452504991137059442e-01
6.313829815186866590e-01
1.759775543569810086e-01
3.313263827473281187e-01
8.499288851658343136e-02
2.635463573777738766e-01
3.267549513696508812e-01
3.041623854537749416e-01
3.990381581966779834e-01
4.972562346075804496e-01
2.699220158820602733e-01
3.522514519148901568e-01
2.060781024017531438e-01
1.853096404892866644e-01
3.236061450722442223e-01
1.889100181210091045e-01
1.350956967649818430e-01
5.187632537428257251e-01
3.978210497429028880e-01
2.807969007366686309e-01
3.692101197578199767e-01
4.262044817609434433e-01
3.210872647369045763e-01
1.250800538458735622e-01
3.160209371167989612e-01
4.423199232954219129e-01
2.088306867258361565e-01
2.454694958662556881e-01
5.652246577623666335e-01
3.031080826892104674e-01
4.420653965801180085e-01
8.172130114999262562e-02
5.257785284919417323e-01
3.968524955348637917e-01
5.952135834784547663e-01
3.861473879058355818e-01
5.275865963922142798e-01
3.996809300457623282e-01
2.177018332457400784e-01
3.702837425951006622e-01
3.328984096823729977e-01
3.358435519715397000e-01
1.912719996508600306e-01
3.775216506292453089e-01
5.431139229934244250e-01
2.953534685723216979e-01
7.191621956266651405e-02
3.606140050405642339e-01
1.764613688781041523e-01
3.712122479652019136e-01
2.723177772407904818e-01
7.779589929427697947e-02
9.189615760801361777e-02
1.105224573206516347e-01
6.083409143282556553e-01
1.199895060276568587e-01
1.889119845530544128e-01
5.498989966200351631e-01
5.885503042230311177e-01
4.511806980010383272e-01
3.129825088879138462e-01
3.242915622727673974e-01
3.192482795025213815e-01
1.742031731557651120e-01
4.349539977183660144e-01
3.533949651500416511e-01
5.735411833441628193e-01
7.311938806188854334e-02
6.014479332758485564e-01
5.064681905445791443e-01
6.875014859683009627e-02
9.514836004361891530e-02
3.260260375529047683e-01
3.083729601806606269e-01
3.028942736627463495e-01
2.533886205925326429e-01
5.276932069644439949e-01
1.885652859219584532e-01
4.086824047883596545e-01
5.002540750720433360e-01
3.222348947051824619e-01
5.817080925919560636e-02
1.969461369789705929e-01
1.799513494203702768e-01
6.097608937316256750e-01
5.027800545815004352e-01
4.234544214005666052e-01
4.210050979211328315e-01
3.516086377624154657e-01
3.343361285499644175e-01
2.144250548269985845e-01
3.047988186543127420e-01
1.792002751752599932e-01
5.099935085535822754e-01
5.307986135172734210e-01
2.281240604939619443e-01
3.646666770100014943e-01
4.096756537824224886e-01
4.190458283491136915e-01
5.558558983324319858e-01
3.752687462607073865e-01
4.219598562348131909e-01
6.241533265953668197e-01
3.161415520860927919e-01
5.474641367425271410e-01
3.987504951421503852e-01
2.367675211241458688e-01
4.075456167528819784e-01
4.068147310992347165e-01
4.225316734491372794e-01
3.658430466752114474e-01
1.989393991440952525e-01
2.042418641853162020e-01
5.635990815951203992e-01
4.048085173405865933e-01
3.342409128688562658e-01
4.105588178174498504e-01
4.642584068699937005e-01
1.343196513586267515e-01
2.592687136916701496e-01
1.020156995247864240e-01
2.442173908674153959e-01
3.315726131129609899e-01
2.727334331006202039e-01
3.373124241159841108e-01
3.717032575966323638e-01
2.833251349024989429e-01
4.245690982750193188e-01
2.698802554718146007e-01
3.996198660891863153e-01
3.726309184580191558e-01
2.857086102964819241e-01
3.833550335096450601e-01
6.189126137463467348e-02
3.030188597458793875e-01
1.915474599962072588e-01
3.923015666460425432e-01
6.306330680702929570e-01
2.785973976943749708e-01
3.559877992953974779e-01
3.687923807418481692e-01
2.810353040396269542e-01
3.323538932260711176e-01
1.545830341764502514e-01
2.373930197817586685e-01
2.046380764922632045e-01
3.143688118822410282e-01
2.619630580963182021e-01
4.038447527702175299e-01
5.572744106292784050e-01
3.027654916445619016e-01
5.412590914494935790e-01
1.537380696871704089e-01
3.708544785264517030e-01
5.267020489219883528e-01
2.713589825392435650e-01
3.067434751593561271e-01
1.598361576656886218e-01
4.186187810281671307e-01
2.310606242376226360e-01
2.972824435119789666e-01
2.631930034983105959e-01
2.670929809124733545e-01
3.002632267713221670e-01
2.716354938172198530e-01
1.532335583102625576e-01
5.791039819945777989e-01
5.014484658776121595e-01
4.108203201227650370e-01
1.560163144101782140e-01
3.100865811366191327e-01
1.912140582457669824e-01
2.093030440960568783e-01
1.411013167039753546e-01
4.027632003858816478e-01
4.910787929523713347e-01
5.202223074470621045e-01
3.805666378584891540e-01
5.588078810902157301e-01
1.704668751465365228e-01
5.478433971351024390e-01
3.984683153138037781e-01
4.404468476608315863e-01
4.023157813320129561e-01
5.623462202282906164e-01
4.160897480870173193e-01
3.763016914258689449e-01
3.734674476304709612e-01
5.702189724353760036e-01
3.083729601806606269e-01
1.746875217182143614e-01
1.917034305177170439e-01
4.368233789261568578e-01
5.996195567339510646e-01
4.625415781321343678e-01
5.247430096799766686e-01
1.391151911312003553e-01
4.482686244903981709e-01
3.531713403857973388e-01
5.350211428496716159e-01
2.241436469768004203e-01
5.283633072194665603e-01
6.238795649338251259e-01
4.341790962705230350e-01
2.819179383987885923e-01
3.077671805156959040e-01
3.967489085636805579e-01
1.674753148126623681e-01
2.927796222049916519e-01
7.883826169304507248e-02
3.172719142677549176e-01
2.059618639104813798e-01
5.064972871698713019e-01
6.949228414594878223e-02
4.313644690873320586e-01
4.205184206973620054e-01
2.019492957629955288e-01
4.908289987079937911e-01
4.807328895434218596e-01
5.250498747319097825e-01
3.981833827508365342e-01
9.537429954128724685e-02
4.247630012176740189e-01
2.035123506374584001e-01
4.017555290538881163e-01
2.102367863556433292e-01
2.130757795641116670e-01
3.453628266565378357e-01
9.734968098836363493e-02
4.982978062343731973e-01
2.521096590732387899e-01
3.168252525173315681e-01
4.007457063814181542e-01
6.426595221495511046e-02
4.632245550402763201e-01
2.027219603281255056e-01
3.744025522255306493e-01
2.029979781011939932e-01
2.875258370366793326e-01
3.992287620985209284e-01
1.181580347900715727e-01
3.741086687017067813e-01
5.156888911224594141e-01
2.522845473175284181e-01
3.775006041208679441e-01
3.946964102186867884e-01
1.860579833073807698e-01
2.901966399683738596e-01
2.995683183322442322e-01
3.370069444741007891e-01
3.797324000330662419e-01
4.364524559393684888e-01
4.160730705730156243e-01
1.094628419986211354e-01
5.848880365233157796e-01
4.490971351435536496e-01
3.675728904097100291e-01
3.989912385397790251e-01
2.979768325652050742e-01
2.800563582687887743e-01
2.912365082340821476e-01
5.705602933389181119e-01
3.647911154989961768e-01
4.117703621800863911e-01
3.172719142677549176e-01
2.957621342906053274e-01
3.478740375015365593e-01
4.290155370620457043e-01
2.951650984350057683e-01
5.114233999427409971e-01
3.782006113137903469e-01
2.029979781011939932e-01
3.285496803976960534e-01
3.180800329197790988e-01
5.094634474879830011e-01
3.979647883482232418e-01
5.635990815951203992e-01
3.881507640112636937e-01
3.238458216344951013e-01
2.240832978124003283e-01
2.419768307737032720e-01
4.777815975677816018e-01
4.316739181800220426e-01
1.772504294889775400e-01
1.359851488300025946e-01
4.803253342111808433e-01
5.037029682125470087e-01
1.474835533334947490e-01
5.276932069644439949e-01
5.144740766142015254e-01
5.637606992554564656e-01
5.386202903570082023e-01
3.081298354243665605e-01
1.353909433518556416e-01
2.540472265902391502e-01
3.977780081739601403e-01
3.738916730970067714e-01
2.958363907725447550e-01
4.109368028719418975e-01
4.121859829083535653e-01
2.161918404388822879e-01
3.259962486903156820e-01
4.934723167008118194e-01
2.204365455826956810e-01
2.444836537073311611e-01
3.430766751492328459e-01
5.130054082951834848e-01
4.907266788636706067e-01
5.613941817003986756e-01
5.431970839752487956e-01
4.979076943465606253e-01
1.768358568869720093e-01
3.502151167910834695e-01
3.510853259065222498e-01
5.591460113618800243e-01
5.444130189516840357e-01
5.058279388134382382e-01
5.813097175631536384e-01
2.578109225409542793e-01
5.501879666102642563e-01
6.306330680702929570e-01
3.355349243129875925e-01
3.996582692524811020e-01
3.996198660891863153e-01
2.412432198254723936e-01
4.022776646260741162e-01
3.852980409100407178e-01
1.757836408124938132e-01
5.431970839752487956e-01
4.993903339059315161e-01
4.505877895843372061e-01
2.080994378035173065e-01
3.714615718831877356e-01
4.480226352644843812e-01
4.150941607132865169e-02
2.291041320338937370e-01
3.074127409877990824e-01
2.522193913654351416e-01
3.124964707883380877e-01
4.887665060571002584e-01
2.007741513370134012e-01
1.155723075103586572e-01
3.386143056537571083e-01
3.958009951880172572e-01
3.586075775822340495e-01
3.704198402934519851e-01
1.483505096612144358e-01
1.759957888852032859e-01
3.648433413730495234e-01
3.028396570754695039e-01
2.522742138569289971e-01
1.418918882838557105e-01
2.693100488005711335e-01
4.138459831217112805e-01
3.657419936459296306e-01
3.345337432773207720e-01
3.848351757138305795e-01
6.306330680702929570e-01
3.758941394196930741e-01
2.701640038516700537e-01
2.723177772407904818e-01
5.152714878311827063e-01
3.927496369850317914e-01
3.783339321635491026e-01
2.132802306025037287e-01
5.139362863969687556e-01
4.023157813320129561e-01
3.924470706643492512e-01
5.980708463467078184e-01
2.930614323204155380e-01
2.854970679833770952e-01
5.942221136173968521e-01
3.047988186543127420e-01
3.217585494868576146e-01
3.439164237448133488e-01
2.583243727177932381e-01
1.766020412671690243e-01
4.770986973670157671e-01
3.083729601806606269e-01
3.047988186543127420e-01
4.442459831469062204e-01
5.595965335305387311e-01
5.624552814868548634e-01
5.153879830531036266e-01
3.102805243038735394e-01
2.851278775646823305e-01
1.403941131534712228e-01
2.770997215144269665e-01
3.823006020679374228e-01
6.176485630288240936e-01
1.249253333012006334e-01
3.886396303055618673e-01
6.109705167719746699e-01
3.302634643308439699e-01
5.987989072356373343e-01
5.585135877328090137e-01
5.541421829993765646e-01
3.294529636965172203e-01
2.123352683820316222e-01
2.151368145669792231e-01
2.921530776038473998e-01
4.099094936201368999e-01
3.017296179830275538e-01
3.318987642493827495e-01
3.643105523104386845e-01
5.650699738044097087e-01
3.198758970714760119e-01
5.132951112670069982e-01
5.319422441001588897e-01
2.088306867258361565e-01
1.362377371769353251e-01
1.820169762639745337e-01
9.151004417013765269e-02
4.242911820463607930e-01
3.491117190191112551e-01
3.972832470529260029e-01
5.485820654692431519e-01
3.702426386669522840e-01
2.169614752705332772e-01
2.683637787089416804e-01
1.223341083477114816e-01
2.358359043240918773e-01
3.359850167956124345e-01
1.957249581491012913e-01
5.367173425003225473e-01
6.291522771794753055e-01
1.081718700582849912e-01
4.234334972290208499e-01
4.125892527096647888e-01
5.923191657607110860e-01
4.957542836024746435e-01
2.777113746985231946e-01
3.374681676335514746e-01
2.800563582687887743e-01
1.046906624284535819e-01
2.155407540507085495e-01
1.064641706415227207e-01
4.077132190437114390e-01
2.304307111640578332e-01
4.626320847287113680e-01
4.021452397350991914e-01
3.708731452352567182e-01
3.138020811568963397e-01
4.468082785059345752e-01
2.656455651099891568e-01
2.191723773615297521e-01
3.004633747130032173e-01
3.930111168394076482e-01
5.432150996068122462e-01
5.373616730266599362e-01
2.744599273836329512e-01
3.388248581506789203e-01
3.077121492096780431e-01
5.480952045843155984e-01
3.387467804357084389e-01
3.738966244645918757e-01
4.216931436485334417e-01
5.068153697920807499e-01
3.786871518570738560e-01
6.708315117403791661e-02
5.068153697920807499e-01
3.317479105671963246e-01
5.599614795783592891e-01
2.801877247434881868e-01
4.226550571077702934e-02
3.996198660891863153e-01
5.981120758338134280e-01
2.377966789405645542e-01
4.825587578164828861e-01
4.837044525345756685e-01
1.862400972202007676e-01
1.365153439776009003e-01
3.034770026572375379e-01
5.223684989668687662e-01
3.239662237356231156e-01
4.677606427148444657e-01
2.411503044301930021e-01
2.291127831291945027e-01
3.305908733435071745e-01
4.277967798154414525e-01
4.127150929272160873e-01
1.570462379491444627e-01
3.595237200723328530e-01
2.559190808313643872e-01
4.851188158770400882e-01
4.495506854865983781e-01
2.550428159907908721e-01
5.649933292077351510e-01
2.240832978124003283e-01
3.832783556523196578e-01
2.548665516910095796e-01
3.956171106652341951e-01
2.104209449669777743e-01
2.783036625962058142e-01
5.633357730285819542e-01
2.058922326338690767e-01
5.384237308238019049e-01
2.026361517984890115e-01
3.010109341031049213e-01
4.763960266195929605e-01
5.296691224528464748e-01
3.168892411245175511e-01
1.797937126441895850e-01
3.915570401758213248e-01
6.289722913766458701e-02
3.264275348733412518e-01
4.667045060411406654e-01
2.939313676591215341e-01
1.072189169664326119e-01
3.166549998723224846e-01
4.919764746378821885e-01
3.295716555765514921e-01
2.255598746826877055e-01
3.048033090500641973e-01
5.439486105652113768e-01
2.217510272944274163e-01
3.883611709928377898e-01
3.969810649967009941e-01
3.045434815224616343e-01
4.945324047398432787e-01
4.571014077597884140e-01
4.144090641142562093e-01
5.111295953090235766e-01
3.969810649967009941e-01
5.706547624223529125e-01
5.942685178381461597e-01
4.107936984017190318e-01
1.906074381257296391e-01
1.534882528879139840e-01
5.374222163501097826e-01
4.080902266508250054e-01
2.164414587136286316e-01
3.688127713917654371e-01
1.916733707887021687e-01
5.041747065189027266e-01
5.187632537428257251e-01
3.019513190343750542e-01
4.384384112591866445e-01
3.845599973564393093e-01
5.022097905356340819e-01
2.507139939332582168e-01
1.146270854410513657e-01
4.796506734012213058e-01
3.328984096823729977e-01
2.364728372659095912e-01
2.923871218906253788e-01
2.554618888628035767e-01
3.976267819724835784e-01
4.648234588679234225e-01
3.672331815044020953e-01
3.089715320546948529e-01
1.924716349334999743e-01
5.577333452480676135e-01
5.360149812848322703e-01
2.154181267080952922e-01
5.087418574586873854e-01
3.950430724709457775e-01
3.047988186543127420e-01
2.539303906545254397e-01
1.979821133327646088e-01
4.651088398260407319e-01
4.030268727407894658e-01
4.610636818534013526e-01
6.101870617241139660e-01
5.431970839752487956e-01
3.683901188421989659e-01
5.431970839752487956e-01
9.170206965298823010e-02
3.925337230790629794e-01
