5.544521265324301451e-01
4.092065846433020071e-01
4.196682090285830946e-01
5.128656106612373700e-01
2.129510133537660943e-01
5.309747815690462058e-01
4.970148219432917736e-01
6.373517581149733546e-01
6.468868585294914597e-01
3.387467804357084389e-01
4.927595785779967930e-01
4.002834577545241745e-01
3.511904221836799067e-01
2.104987277015505365e-01
5.000442201133348252e-01
5.347787005603583665e-01
5.367173425003225473e-01
5.104380571093382057e-01
4.246109163717063928e-01
6.306330680702929570e-01
5.990344817202361005e-01
5.758371546428898702e-01
4.503253675180848847e-01
4.250733752682778199e-01
3.017381059971993573e-01
4.601434548514316547e-01
3.899264588003113485e-01
5.367173425003225473e-01
5.431970839752487956e-01
4.286250002694177441e-01
4.072558270954870219e-01
5.587189766176170469e-01
5.642183525076696071e-01
5.462209321899299530e-01
3.939133561695484786e-01
6.468868585294914597e-01
5.367173425003225473e-01
1.768358568869720093e-01
5.040740622838084661e-01
5.223540203976501095e-01
4.943751597117665986e-01
5.429546416859355462e-01
5.190038026695861229e-01
5.991323575258400425e-01
5.708513734056286371e-01
4.612487455701985706e-01
4.141049077265812617e-01
5.378759130400184718e-01
5.339549656169754188e-01
2.872506853917483061e-01
4.419794009593202011e-01
5.757172302478604786e-01
4.113949010893004354e-01
4.093586579519813418e-01
3.387467804357084389e-01
2.991113558621746327e-01
5.350776483301014075e-01
3.788975587347083729e-01
4.035941287765394403e-01
5.370089762529312027e-01
4.818043817241933757e-01
5.426979328640531008e-01
5.129287672324530645e-01
4.845407188439457835e-01
2.802688447686212392e-01
6.136507264393827876e-01
2.872506853917483061e-01
5.206025328142718234e-01
4.219598562348131909e-01
5.237663029745817100e-01
5.431970839752487956e-01
5.876900591670876084e-01
2.841951768831669223e-01
5.211688818736472939e-01
5.773311148805548854e-01
4.576888384591038528e-01
6.468868585294914597e-01
3.703083116142881215e-01
5.435288720644223526e-01
5.630903813510494960e-01
5.350211428496716159e-01
4.974731516339926940e-01
4.312846336509007505e-01
3.113286215664345935e-01
5.654204948118716212e-01
6.002669580498833923e-01
6.241533265953668197e-01
3.703503720979686720e-01
5.416357577191772688e-01
2.875272956201611052e-01
4.146709390428011122e-01
6.468868585294914597e-01
6.222253566470645758e-01
3.664569668844855355e-01
5.403169997271342062e-01
6.408619065647351842e-01
5.708513734056286371e-01
4.957901263192868169e-01
5.300595068701174917e-01
4.128741027446419798e-01
4.991791403099635205e-01
4.296997276721271630e-01
3.479127916686379773e-01
5.431080441733767694e-01
4.501809978958530856e-01
4.183975285798486876e-01
3.460744580311939100e-01
3.481547699718710587e-01
6.468868585294914597e-01
5.344861059906966805e-01
5.354770228934332410e-01
5.695701228259757443e-01
5.626518924701305879e-01
5.635990815951203992e-01
8.790333953109652487e-02
3.411582505919826813e-01
6.105363808787431790e-01
1.528379858550873993e-01
4.355653249480833655e-01
5.503216301486668627e-01
6.423100649112508664e-01
3.176654558483736346e-01
5.223540203976501095e-01
4.297733119770996701e-01
2.495308041715799119e-01
5.570843467972544927e-01
4.942920040308584895e-01
3.037065373194502427e-01
3.093851746057493801e-01
5.367173425003225473e-01
3.168128828812594167e-01
2.931752443432641408e-01
3.319366920971881796e-01
4.902810022521512656e-01
3.977389877137724183e-01
4.954451250207824176e-01
3.280337992830339444e-01
3.752486827085038112e-01
3.946234896715788976e-01
2.508645302880471162e-01
5.296266683501503758e-01
3.387467804357084389e-01
3.577054831438037374e-01
2.489720678515596752e-01
4.243029319949307432e-01
3.421018432012141730e-01
2.088924343966673258e-01
4.964967141319910349e-01
4.496900673624080746e-01
2.358945788147188416e-01
3.317479105671963246e-01
4.559861109899544518e-01
3.516638315259250636e-01
4.585750260951776403e-01
5.677613183062251156e-01
2.544312385786149933e-01
3.083729601806606269e-01
1.934254303513365525e-01
2.578444677783051087e-01
2.677404871033955969e-01
5.579003338798879108e-01
5.132951112670069982e-01
4.828022367987090391e-01
2.077571748959778641e-01
6.134831359976602450e-01
5.616306268864743600e-01
6.241283045037502308e-01
5.660762750054649795e-01
5.691316339450568362e-01
5.251646306296674505e-01
3.735650282477981365e-01
6.286574414298556901e-01
3.162738529772036178e-01
5.403169997271342062e-01
4.547944902769085473e-01
4.359064659322918756e-01
5.961841058855112951e-01
4.832434782063695367e-01
6.263137502437569060e-01
5.635990815951203992e-01
6.081259795326978690e-01
1.725458798396935223e-01
5.510012760026206102e-01
5.472698211599221763e-01
5.633357730285819542e-01
2.820998354937404584e-01
3.605930614323256123e-01
5.238277387228711390e-01
6.234247754236550421e-01
5.410045304341434269e-01
4.316739181800220426e-01
4.797195900935367630e-01
4.803253342111808433e-01
4.077303793568489709e-01
5.599614795783592891e-01
5.431970839752487956e-01
6.468868585294914597e-01
5.027800545815004352e-01
5.403587408046265361e-01
5.727576564740839427e-01
6.241533265953668197e-01
5.794295619832597888e-01
2.955570977608177885e-01
6.151291910594881562e-01
2.934344645521690387e-01
4.239035299915617783e-01
3.234163795466832303e-01
4.572198763777034491e-01
2.865179842262592924e-01
5.696420643666121331e-01
6.243987182728991669e-01
2.489265377622918995e-01
4.943600266353017636e-01
3.763980885876610505e-01
3.246604770438177856e-01
2.348734353600151481e-01
3.935538845130486241e-01
4.018654752536455765e-01
3.996198660891863153e-01
3.749019167245897788e-01
6.468868585294914597e-01
6.044087674204152716e-01
4.538503619633184050e-01
4.093018850351304305e-01
2.944911103217107695e-01
4.681498431568827390e-01
3.996198660891863153e-01
4.989050413646337057e-01
4.590042761027305351e-01
3.946964102186867884e-01
3.315711599343350025e-01
5.820705627481048694e-01
4.505189090629795889e-01
5.685227727847251833e-01
4.571014077597884140e-01
5.237663029745817100e-01
5.367173425003225473e-01
5.816146081796973455e-01
5.752373829948137507e-01
5.110858588003559522e-01
4.312846336509007505e-01
4.368221295729571851e-01
4.898042425229644503e-01
4.576888384591038528e-01
3.021711405471277367e-01
2.570483416697233459e-01
3.891245115581232761e-01
4.726325833458852044e-01
4.418200720475246590e-01
5.431970839752487956e-01
5.695701228259757443e-01
4.170797512573097832e-01
3.880954886552198668e-01
6.306330680702929570e-01
4.953932093022987426e-01
6.243987182728991669e-01
1.499006236479258625e-01
5.641750209474266642e-01
5.187632537428257251e-01
2.603696168108848297e-01
1.935339765895094655e-01
1.643171812932857079e-01
5.862222910683742017e-01
4.959754407382402919e-01
5.222115315612876341e-01
5.579020276785352506e-01
6.468868585294914597e-01
4.099313594838614461e-01
1.604422381316649993e-01
2.482292197969348524e-01
4.071778044684696285e-01
5.818165656047271650e-01
5.132951112670069982e-01
5.193679701063568244e-01
4.151309737576190928e-01
5.082481970573191621e-01
5.156888911224594141e-01
5.431970839752487956e-01
2.292315397635585061e-01
4.698899769052555242e-01
4.355050447995338914e-01
5.543427228970405629e-01
3.531836647042326249e-01
2.603630645665957477e-01
3.100865811366191327e-01
5.570843467972544927e-01
1.715839373293569226e-01
6.423100649112508664e-01
4.609494294387468383e-01
5.208152760447534169e-01
4.309299715884614690e-01
4.431371250154505503e-01
5.571193401201941509e-01
6.306330680702929570e-01
5.862155315686542467e-01
4.153794864275414112e-01
4.147871457285754460e-01
4.592339188620587209e-01
3.930959969811256838e-01
3.869576433468014942e-01
6.404071170545652114e-01
5.523442417200304932e-01
5.345631825600748455e-01
5.794295619832597888e-01
1.777213403327024266e-01
3.074127409877990824e-01
4.165600617981189413e-01
4.684647502184469126e-01
5.525413556667116977e-01
5.254625026252326414e-01
5.354947616300780311e-01
6.362851129464947020e-01
5.237485431382116197e-01
5.431970839752487956e-01
3.745009218478610458e-01
4.574613385172103253e-01
5.701016256368522939e-01
4.078041344344759955e-01
3.673454776730856186e-01
3.062702049921470770e-01
4.535296690036499379e-01
1.593204465961042815e-01
5.303343776704273482e-01
5.664412210532854264e-01
5.576926784895995803e-01
3.280337992830339444e-01
3.377745426105814297e-01
1.672289171043795930e-01
5.141780792720730409e-01
5.350211428496716159e-01
4.178376739743812629e-01
6.134831359976602450e-01
2.058956448648334991e-01
4.622261343268161959e-01
4.440801018868821282e-01
5.035711994918508072e-01
3.298122454554883176e-01
3.220277474752763491e-01
5.761534941991127701e-01
6.163038655748367400e-01
4.553517179145915583e-01
5.321405488820819540e-01
4.582958283960034129e-01
2.622283525315948771e-01
2.818824563521596938e-01
6.241533265953668197e-01
6.044590004617816925e-01
5.030980303538689080e-01
6.039438496262860001e-01
6.468868585294914597e-01
4.788756037792122333e-01
5.099240488811408456e-01
5.238277387228711390e-01
4.318249852500719577e-01
4.995887771353140216e-01
5.237663029745817100e-01
9.374218349855652221e-02
6.219254905715380088e-01
2.780509336190834513e-01
2.883977625056444172e-01
4.458381066869265275e-01
3.310757239339060520e-01
3.218533454601271715e-01
4.003777888062577950e-01
5.879137323671548288e-01
3.193283162698302702e-01
3.682856528543759778e-01
4.156007314961528976e-01
3.676871428243645434e-01
3.774142543780775183e-01
5.026519451560410578e-01
2.407141119893401182e-01
8.892836169739357088e-02
2.200827346811010388e-01
5.478723908602557424e-01
4.529367598593720956e-01
5.949681918009223081e-01
2.682255230179837469e-01
5.559997072008773245e-01
5.019075122314005100e-01
2.300009035209046038e-01
5.142921057221804260e-01
4.463460361154126810e-01
3.724809771570629091e-01
4.635891265939555139e-01
4.410031944109633062e-01
4.625695502356071964e-01
5.317718908416808610e-01
5.237663029745817100e-01
5.572501528050559649e-01
3.652493467589582599e-01
5.816489751630046223e-01
4.018055534886096347e-01
3.447995519207014414e-01
2.311981540148745351e-01
4.023157813320129561e-01
5.933840547668218779e-01
4.788756037792122333e-01
3.538879137734804448e-01
4.826649011805068112e-01
4.514093173717139140e-01
5.773311148805548854e-01
4.797195900935367630e-01
5.350211428496716159e-01
4.439126243234935432e-01
4.725035854452884765e-01
5.787550736089872583e-01
3.362537415473325075e-01
3.628792504618024162e-01
5.217895160571255353e-01
6.096543254627863062e-01
6.287050981219908241e-01
3.822778896167077778e-01
5.462296325525698437e-01
4.864917215851216614e-01
3.833628690953614360e-01
5.731944484381694682e-01
3.110969053173410215e-01
4.626858345642134718e-01
6.468868585294914597e-01
2.934107939863142556e-01
3.451125559533360643e-01
3.658428868162080239e-01
4.797195900935367630e-01
3.396375827792164626e-01
5.660762750054649795e-01
6.468868585294914597e-01
2.618156255838960944e-01
5.296266683501503758e-01
6.122994131301116028e-01
5.204196574404251763e-01
6.387109174039142800e-01
6.387109174039142800e-01
6.183728818866475185e-01
5.524186709494756098e-01
3.034768052760623003e-01
5.367512145235685539e-01
6.468868585294914597e-01
5.386202903570082023e-01
4.291283585411345136e-01
2.486252678794179938e-01
3.957332770224692986e-01
3.490779946939432388e-01
3.826220048306840926e-01
5.068153697920807499e-01
5.816489751630046223e-01
5.187632537428257251e-01
4.946109153629731914e-01
5.633668584329191154e-01
5.058597638514999995e-01
4.305482768280584627e-01
3.614232407307612083e-01
2.701640038516700537e-01
5.002540750720433360e-01
8.912025704794747372e-02
4.826517869216125356e-01
3.277802309941738601e-01
3.544712813724690270e-01
3.312126335039580760e-01
4.255599184100496979e-01
2.713329793623648345e-01
2.584536937664014267e-01
5.218736692457421888e-01
3.066902389930314388e-01
5.132951112670069982e-01
4.427175737097624464e-01
2.986145076352961225e-01
5.353137713036214551e-01
4.757485405929403055e-01
4.841461767413719475e-01
4.624358283871259356e-01
5.323416901738902141e-01
4.839667922807169842e-01
2.939313676591215341e-01
6.200690815372983389e-01
1.693515016693263597e-01
3.874414728352175152e-01
4.749524233192189970e-01
4.814935252902119434e-01
5.567580065948203316e-01
5.412590914494935790e-01
4.543770543486181368e-01
5.706547624223529125e-01
5.383881339239877661e-01
5.404816665576421819e-01
5.432955972420152602e-01
4.363478825820068518e-01
5.493522225970529638e-01
3.490940431658846599e-01
5.145488378265185014e-01
5.370079011023906057e-01
4.947693642187336871e-01
5.354947616300780311e-01
2.520144706242885557e-01
3.408404029770597532e-01
3.659685845326580700e-01
5.431970839752487956e-01
4.830691979044147710e-01
1.953278602773239336e-01
6.134831359976602450e-01
5.345021138222803003e-01
6.062230316760122140e-01
3.245832068350875677e-01
3.062702049921470770e-01
5.390667902735770678e-01
4.969991238515197307e-01
6.241533265953668197e-01
1.980050533076343766e-01
3.280337992830339444e-01
6.404071170545652114e-01
5.549630650104279139e-01
4.179827011181056484e-01
3.363328264363882325e-01
5.319422441001588897e-01
2.078635807073253849e-01
3.083729601806606269e-01
4.246001985427099168e-01
4.449238928988221708e-01
3.307790466193455958e-01
2.722740357430251668e-01
5.388810783898452250e-01
5.021210186898809047e-01
5.933840547668218779e-01
5.386202903570082023e-01
6.343821650898090470e-01
3.328984096823729977e-01
1.200589106121453253e-01
4.445852559219292122e-01
3.911277181381713208e-01
5.664412210532854264e-01
6.241533265953668197e-01
3.545307398790015774e-01
4.540361362107706578e-01
2.993380082811072374e-01
3.696174277139698261e-01
4.439300541518429455e-01
4.015578586149415319e-01
5.026519451560410578e-01
4.705083454147697686e-01
3.667987812929354163e-01
5.606698628425752506e-01
4.147312772935501379e-01
4.226084261429272626e-01
6.404071170545652114e-01
4.352355220000711511e-01
6.241533265953668197e-01
5.567580065948203316e-01
5.064972871698713019e-01
4.851188158770400882e-01
3.701691124641793285e-01
5.857620892187854755e-01
4.176982134163442772e-01
5.505430354920399783e-01
1.944610754498354854e-01
5.092501705279938173e-01
6.101870617241139660e-01
6.341341237856737978e-01
5.217828760878696626e-01
4.409547186752996173e-01
4.361149956619408963e-01
6.016895483104099940e-01
2.979768325652050742e-01
3.536770673355562611e-01
5.051191701414298185e-01
5.375183931600895360e-01
4.015578586149415319e-01
5.595965335305387311e-01
5.630903813510494960e-01
4.882812461528162062e-01
5.367173425003225473e-01
4.757485405929403055e-01
4.505719671808823823e-01
5.204160278718950039e-01
4.066924528895164981e-01
3.901823398477443083e-01
4.234336858792752123e-01
5.447688931569697468e-01
4.299079973450618541e-01
3.365922632552821314e-01
3.968607109156376822e-01
2.832427361092780815e-01
5.522392351426907986e-01
3.193738101881401503e-01
5.319422441001588897e-01
4.558922825898076292e-01
4.186721697777278095e-01
4.677080145947942191e-01
6.404071170545652114e-01
5.909328765903419933e-01
5.185432854674509873e-01
3.026000996279247235e-01
4.477756238971923319e-01
4.307843672685043868e-01
4.528329539915301183e-01
1.967528729526318576e-01
6.134831359976602450e-01
1.477793629608246950e-01
4.029527132344353224e-01
5.397388208936265697e-01
3.696174277139698261e-01
6.201000794245478120e-01
3.690091195119594714e-01
2.307139250868290303e-01
3.174580459632648788e-01
2.668051461498354149e-01
4.945345637718452370e-01
5.379226082914633222e-01
5.502007775735980877e-01
4.820840913255729498e-01
3.602738511701108481e-01
4.304654620688221356e-01
3.783339321635491026e-01
6.089063423794196517e-01
2.810442595738230631e-01
2.113422380767485398e-01
3.598310623106669714e-01
4.185857986233933459e-01
2.469945697798112128e-01
3.095793537157461306e-01
5.367173425003225473e-01
4.184980543238741024e-01
6.241533265953668197e-01
4.532520363220404191e-01
6.404071170545652114e-01
4.848043897437001037e-01
3.585419264622003999e-01
5.708513734056286371e-01
4.387369153110586284e-01
4.123493297067786223e-01
4.890695541375232880e-01
5.354253379207152275e-01
5.350211428496716159e-01
4.195998624446120595e-01
5.660102711146526300e-01
3.281711298081990136e-01
4.680345161113853014e-01
4.559861109899544518e-01
3.625212681548864446e-01
6.306330680702929570e-01
4.283787963044265457e-01
1.269297394474115104e-01
4.956772814538028538e-01
4.803253342111808433e-01
6.306330680702929570e-01
4.198035811250469540e-01
5.228111658012997154e-01
5.923191657607110860e-01
5.349976030397507465e-01
3.082469797486778740e-01
3.172719142677549176e-01
4.798920164260221388e-01
4.918446568577258260e-01
4.399592533785515736e-01
5.695701228259757443e-01
3.318134673101330034e-01
1.770886986384888617e-01
4.681498431568827390e-01
4.308962141065820761e-01
4.202406619370976371e-01
5.664412210532854264e-01
3.933962686287142962e-01
1.702296931331036545e-01
3.096069305371708658e-01
3.642738404512424477e-01
3.782750955272489723e-01
6.127027731509384623e-01
4.244313394150343033e-01
2.736670449160913399e-01
3.280337992830339444e-01
4.814935252902119434e-01
5.019204935516307087e-01
5.798400180600179477e-01
5.254625026252326414e-01
5.158742789227238612e-01
3.708522687719570943e-01
5.043659781283126309e-01
3.083630053717838493e-01
1.776257590962528887e-01
4.580193869653940153e-01
2.629209486278580865e-01
3.188065829436411702e-01
4.872126310183480524e-01
3.340850909808801839e-01
2.391422535402799587e-01
5.597886722035420037e-01
6.198340087688306577e-01
5.132951112670069982e-01
2.205302746166478700e-01
6.468868585294914597e-01
5.925645574382435443e-01
3.532819041942663052e-01
5.587189766176170469e-01
2.169192323729703942e-01
5.035694712892175851e-01
3.387467804357084389e-01
4.729214256983664821e-01
6.210979676557749629e-01
5.523442417200304932e-01
4.765066203626477925e-01
5.706547624223529125e-01
3.351676669617477122e-01
5.064972871698713019e-01
3.242996975161605566e-01
4.481882160353154454e-01
3.923015666460425432e-01
3.569986487865246527e-01
5.921490522907382203e-01
6.067375560679358903e-01
3.449237744233442093e-01
2.748121512324817051e-01
6.313829815186866590e-01
6.306330680702929570e-01
5.472698211599221763e-01
5.664412210532854264e-01
4.353736076459513438e-01
5.890440217911430132e-01
6.404071170545652114e-01
3.616241550186270470e-01
2.505856920117817133e-01
5.568422133122969964e-01
5.573292961081298680e-01
3.062702049921470770e-01
3.153915937358204302e-01
4.525123593586609094e-01
3.440931643994793454e-01
5.367173425003225473e-01
4.301546358812451398e-01
2.768912578903216515e-01
3.083729601806606269e-01
4.093713143572280111e-01
4.344712867232762288e-01
5.462209321899299530e-01
4.143467812587640076e-01
4.852342638042156375e-01
2.764382997947421594e-01
3.771745290681851603e-01
6.198219246546585737e-01
4.628927462671353910e-01
2.868201652430889537e-01
5.211688818736472939e-01
5.782257989499027806e-01
6.241283045037502308e-01
5.132951112670069982e-01
3.816098475723391226e-01
2.670655260121220786e-01
2.342011829329998518e-01
4.511430052644589961e-01
4.276496837552912211e-01
4.792137298932951373e-01
2.817325672288495397e-01
2.631199985523010598e-01
4.263828053107740490e-01
5.068153697920807499e-01
4.357532455469144139e-01
5.503216301486668627e-01
2.017764115768625743e-01
1.579649199938795157e-01
1.428920776324278108e-01
5.068153697920807499e-01
4.528718478533653169e-01
5.218897461971159224e-01
2.634292371674344935e-01
5.574170855174068739e-01
4.876883102960780647e-01
4.117212853620970670e-01
4.687180735218251515e-01
5.502782651198940833e-01
2.937971093787049015e-01
5.987989072356373343e-01
4.994125097173466865e-01
2.914854410276011554e-01
4.341844701523142058e-01
4.071444917438565847e-01
3.127495969184201918e-01
4.694468021183215711e-01
4.646014226115785517e-01
3.035135447831745492e-01
6.243987182728991669e-01
2.531672621258894695e-01
5.375166013464615089e-01
6.134831359976602450e-01
5.925645574382435443e-01
5.132951112670069982e-01
5.791039819945777989e-01
5.192796577772837985e-01
4.071033317922992945e-01
3.736751613308378905e-01
4.846671148261857964e-01
4.022793119637498305e-01
4.015578586149415319e-01
4.511291122905753403e-01
2.662992607962265668e-01
5.300595068701174917e-01
5.344861059906966805e-01
3.604099431517878149e-01
6.241533265953668197e-01
4.447437032185966310e-01
4.316739181800220426e-01
5.502782651198940833e-01
5.677999739386481171e-01
6.127027731509384623e-01
3.009362363978432819e-01
4.916890367163854192e-01
6.030642418824173623e-01
4.201077065387407439e-01
3.083729601806606269e-01
3.996198660891863153e-01
5.189214185318395955e-01
5.217895160571255353e-01
6.143658662930118197e-01
5.636143574845050574e-01
4.011955262306450831e-01
6.196809625861122717e-01
1.812231112560172275e-01
5.362762765425955758e-01
3.083729601806606269e-01
3.888925140486504950e-01
5.761230951075191342e-01
6.356320186544015538e-01
5.431139229934244250e-01
4.477994357168739725e-01
4.642584068699937005e-01
5.114233999427409971e-01
5.897162133095913417e-01
3.362537415473325075e-01
5.426979328640531008e-01
3.304653465036511695e-01
2.371231331939266385e-01
4.242911820463607930e-01
2.979768325652050742e-01
2.688883896011318719e-01
3.570837935582965028e-01
2.661204790809297283e-01
3.186994662898200437e-01
5.372729608421993319e-01
6.260562744520524747e-01
5.587189766176170469e-01
4.856270700126307238e-01
3.882427225391923420e-01
4.837044525345756685e-01
3.768152832722928558e-01
3.804868182208669958e-01
2.926525960373564939e-01
4.814935252902119434e-01
5.933840547668218779e-01
3.790918548806205268e-01
5.228012620267341592e-01
5.132951112670069982e-01
5.169177985842644540e-01
5.571193401201941509e-01
4.469492867236340983e-01
5.294785665710682876e-01
5.614428064853541622e-01
5.244605552433810880e-01
4.405856080821670684e-01
5.283996020732519838e-01
5.299069458771441532e-01
4.489182845163457447e-01
5.599614795783592891e-01
3.150441975665112526e-01
3.956802469682407231e-01
3.328984096823729977e-01
5.115524828658766232e-01
4.897867482521039428e-01
4.029927634235871969e-01
2.607025888752911857e-01
2.545203247375192879e-01
5.198482814494231885e-01
5.562119105694189880e-01
3.408726634178297910e-01
4.328172663591933755e-01
1.687295036952214944e-01
3.379000978259302235e-01
2.205253185717837572e-01
2.632439696252109051e-01
6.159952435290194650e-01
5.676745783744236995e-01
6.251169619688949908e-01
5.386202903570082023e-01
5.278187528252347160e-01
5.120969696994113196e-01
5.939332712649154633e-01
4.851188158770400882e-01
5.285063567056759171e-01
5.170207067263505873e-01
6.127027731509384623e-01
5.570843467972544927e-01
5.088277611969370673e-01
3.891346054380966923e-01
4.470499275287237451e-01
4.917031962951739499e-01
5.420073908208624669e-01
3.168976915125780169e-01
6.222253566470645758e-01
5.367173425003225473e-01
5.558558983324319858e-01
6.306330680702929570e-01
5.234011875053207197e-01
6.204839625279015003e-01
3.176353656650752755e-01
5.766987139103022519e-01
6.077583752312932797e-01
4.650252575772847452e-01
6.205291569964137555e-01
6.112637228179154114e-01
4.081779899712790205e-01
3.893555757945195706e-01
4.041056111701191167e-01
5.819747677080336912e-01
4.307802452344617339e-01
5.702189724353760036e-01
6.422278570549541099e-01
5.158742789227238612e-01
5.523442417200304932e-01
2.491253737791737366e-01
6.170626524451945372e-01
6.126696666423609994e-01
6.358303234363246181e-01
3.977389877137724183e-01
6.468868585294914597e-01
5.392054056992624522e-01
5.955528410783056392e-01
3.301376088341811954e-01
4.396381165970725813e-01
5.114233999427409971e-01
4.015489987051167886e-01
5.304827548892747657e-01
4.047945207389874733e-01
3.145753172855242363e-01
4.701769056269748392e-01
5.793083446843658724e-01
3.083729601806606269e-01
5.319422441001588897e-01
4.146328141256390709e-01
5.451485609925186271e-01
3.877227388271804465e-01
3.835598309785042126e-01
1.958815334947599240e-01
3.861224784846740699e-01
6.423100649112508664e-01
4.992995881444865502e-01
6.243987182728991669e-01
9.470520500519644114e-02
3.013853396879222490e-01
3.029599420367426466e-01
2.511602802540844892e-01
1.966344391544607439e-01
4.421627633938235991e-01
5.296566112511289504e-01
6.340519159293770413e-01
3.935939809552931323e-01
5.766987139103022519e-01
5.248480026412374322e-01
3.057343656160294576e-01
3.340359216567055922e-01
4.573628364759135256e-01
1.811802397321522207e-01
5.446705927583690432e-01
2.121366334881482629e-01
3.898941612531276468e-01
5.554231404695433305e-01
4.412751553200769949e-01
5.641750209474266642e-01
4.057011878932802462e-01
2.853886538523520144e-01
5.631845246879845224e-01
4.713011986753022908e-01
2.412748615141959985e-01
5.412590914494935790e-01
5.431970839752487956e-01
2.508645302880471162e-01
2.389812569186600677e-01
1.951960025843864632e-01
3.825999245397007642e-01
5.871964688209654337e-01
6.103305510824315050e-01
4.559573971739663834e-01
5.874006557490013547e-01
4.756887955251123401e-01
4.296032694978285660e-01
4.571014077597884140e-01
1.751222359310135313e-01
4.411431647924149990e-01
2.559467155471096267e-01
2.475091716066878111e-01
5.918570882182901949e-01
2.567982432982691132e-01
3.116739894596757265e-01
5.169177985842644540e-01
4.126866203548866241e-01
1.457990681880326767e-01
6.016462380577716207e-01
4.441359604476516898e-01
3.617271016183407628e-01
5.816489751630046223e-01
4.684647502184469126e-01
6.241533265953668197e-01
5.773311148805548854e-01
5.718879773463294569e-01
3.114834992676830949e-01
5.794295619832597888e-01
4.766975743328414894e-01
1.998985343515558011e-01
3.776339167594034985e-01
3.328984096823729977e-01
5.664412210532854264e-01
4.901414368191243653e-01
5.344861059906966805e-01
6.089063423794196517e-01
5.103924199623504077e-01
3.328984096823729977e-01
5.350211428496716159e-01
2.671893690315259584e-01
6.376510634367135166e-01
3.685475066831955249e-01
1.824701398480129133e-01
3.654996907395315908e-01
5.206025328142718234e-01
3.647657333608335661e-01
4.240735910760095595e-01
2.827682650246922114e-01
6.468868585294914597e-01
3.403404430084098764e-01
4.932305136396331613e-01
6.287050981219908241e-01
3.083729601806606269e-01
5.695701228259757443e-01
5.416357577191772688e-01
3.318171667260301216e-01
4.670368651741145793e-01
3.528804143574762464e-01
4.586494982516503005e-01
5.641703129022909158e-01
4.063554230256994915e-01
4.807328895434218596e-01
4.324747431870605840e-01
4.353992244795818478e-01
3.983145428016212075e-01
5.158742789227238612e-01
5.773311148805548854e-01
3.914696614316434675e-01
5.909760474600651570e-01
5.313961715650922235e-01
4.798920164260221388e-01
6.241533265953668197e-01
4.527860428576729879e-01
2.885022918965831629e-01
6.357481155800278616e-01
6.306330680702929570e-01
4.542815278883030050e-01
5.367173425003225473e-01
3.426723644974273286e-01
5.633846747084562123e-01
2.324875619770413460e-01
3.150030946777582219e-01
6.062230316760122140e-01
5.368123024901768625e-01
5.872820279996595616e-01
6.081319898362562704e-01
4.292404335264894955e-01
6.138090568040744932e-01
5.801817809144588223e-01
5.501879666102642563e-01
3.163292651176742853e-01
2.563909836740025927e-01
5.472698211599221763e-01
6.468868585294914597e-01
4.192900089231949567e-01
4.302020377136426821e-01
4.891598305080323006e-01
4.788756037792122333e-01
3.136005716073188565e-01
5.087418574586873854e-01
3.046004635656551218e-01
2.104746730791172693e-01
1.947830750333868766e-01
5.341729484393702432e-01
6.222253566470645758e-01
3.682856528543759778e-01
6.356320186544015538e-01
3.100865811366191327e-01
3.903108255343170629e-01
6.222253566470645758e-01
4.349407560296029152e-01
2.909188779567249417e-01
6.241533265953668197e-01
3.674921045501790551e-01
3.660344219123368159e-01
6.404071170545652114e-01
3.900025384856181110e-01
4.882812461528162062e-01
6.241533265953668197e-01
3.403416301018286627e-01
1.471690125548486827e-01
3.814054770870859423e-01
3.328984096823729977e-01
3.741086687017067813e-01
3.719708709229144761e-01
6.269637040028277486e-01
5.706547624223529125e-01
5.614428064853541622e-01
4.184459826960892914e-01
5.431970839752487956e-01
6.468868585294914597e-01
2.375056517790768151e-01
3.673983973435290262e-01
5.346675370207777389e-01
3.707030649219951735e-01
5.318981065927687046e-01
2.421228909724568723e-01
4.789860105350451924e-01
3.144325571669777664e-01
3.711310237926556677e-01
6.134831359976602450e-01
5.554458298461963928e-01
5.691551737549778167e-01
5.158742789227238612e-01
6.071598455567098762e-01
3.136005716073188565e-01
5.110128834771135997e-01
4.044175306976551809e-01
6.387109174039142800e-01
5.336619835607306905e-01
5.300595068701174917e-01
1.538559768237223457e-01
3.952062970364787486e-01
3.540381808209365211e-01
5.702189724353760036e-01
5.962600790327956535e-01
3.539992634687666451e-01
4.718342365691577944e-01
3.623228149473086135e-01
4.102626006432067429e-01
3.731190306709975535e-01
2.906697125465286247e-01
5.399713717771789101e-01
5.582652799277083577e-01
2.668051461498354149e-01
5.773311148805548854e-01
3.113734764644889852e-01
3.251938361108335229e-01
4.110212951113187962e-01
5.748906480888202886e-01
3.979202019259853729e-01
3.795212888611487756e-01
5.404170319662517930e-01
4.797195900935367630e-01
4.978661007592671828e-01
2.509304060214139209e-01
3.563975035775056033e-01
4.549083791110728470e-01
4.376315201330599480e-01
5.766753346869615271e-01
5.880780426850608089e-01
4.054350146492428641e-01
4.960629019064686784e-01
6.387109174039142800e-01
4.181577234443942248e-01
5.341729484393702432e-01
4.028555650055699600e-01
6.062230316760122140e-01
1.749334716549843238e-01
5.988505121749141402e-01
3.100865811366191327e-01
2.449069706383995293e-01
3.220277474752763491e-01
3.951673919491738851e-01
5.421456890230897940e-01
5.591211174277090912e-01
3.938359626885308828e-01
3.865324286877198090e-01
1.922854108357442415e-01
5.359359613579852688e-01
5.459953129299660590e-01
3.328984096823729977e-01
3.763832519467474880e-01
3.238050264067628969e-01
4.925162613256856559e-01
5.323955464434753093e-01
4.279328653528672866e-01
5.206025328142718234e-01
5.721128431486107724e-01
5.635990815951203992e-01
3.520470472335303080e-01
3.227338084184823153e-01
4.008200718959288311e-01
5.470718758009078808e-01
3.153792921801431559e-01
4.871039915464130954e-01
3.572772923840426551e-01
3.178760191550069614e-01
5.611948368994974512e-01
2.440005786120534870e-01
3.020335347900764411e-01
4.292647974729761895e-01
6.113143496861764836e-01
5.649933292077351510e-01
3.440931643994793454e-01
2.876973047348417856e-01
3.267755233940551896e-01
5.478180777764184439e-01
3.307078901340101962e-01
1.783411295917080308e-01
5.467967412020604545e-01
1.376161224733142008e-01
2.705048356157647160e-01
4.337973474615622882e-01
4.624600715558740416e-01
4.559299134823642241e-01
5.367512145235685539e-01
5.509373440424806256e-01
2.737953893488372925e-01
6.306330680702929570e-01
5.664412210532854264e-01
6.170626524451945372e-01
3.934739820356177864e-01
4.029901343770120881e-01
5.493808888087343689e-01
5.349050298134174763e-01
4.798059765269827581e-01
1.341294373339761703e-01
4.162557628054032177e-01
3.829688858756624126e-01
3.344366032596786109e-01
3.395345579130335523e-01
6.306330680702929570e-01
4.705737480153774355e-01
5.740548653061627871e-01
4.080556157214312307e-01
6.260562744520524747e-01
4.421579707419070471e-01
5.599614795783592891e-01
5.635990815951203992e-01
4.104415700733021199e-01
5.803743630974540491e-01
2.941741907828877012e-01
5.721219202920617697e-01
4.023157813320129561e-01
3.308304669620098504e-01
5.533470817346007875e-01
4.182612950325263479e-01
4.215293573937582972e-01
5.695701228259757443e-01
3.062702049921470770e-01
3.062702049921470770e-01
3.622219876746948786e-01
5.431970839752487956e-01
5.942221136173968521e-01
4.358629421878505439e-01
4.316739181800220426e-01
3.783880816465597374e-01
1.382883232423810782e-01
4.094403275054311342e-01
3.598612232767880448e-01
3.252354518372477798e-01
5.111295953090235766e-01
2.465733563770336201e-01
5.350211428496716159e-01
5.206025328142718234e-01
3.127798985147308697e-01
6.202887982790006305e-01
6.151131744969836612e-01
5.119790174531015925e-01
6.422278570549541099e-01
5.190176121800239573e-01
5.525425465019536686e-01
3.296774023073134052e-01
5.942221136173968521e-01
5.131543734999751694e-01
5.766987139103022519e-01
2.567885187154603233e-01
4.154009351819156759e-01
5.622335057029823613e-01
5.367122920783614637e-01
5.064360898588730064e-01
2.716354938172198530e-01
6.134831359976602450e-01
5.982689424180465121e-01
4.146490430366117086e-01
6.193782281952030511e-01
4.497966259648706888e-01
4.765066203626477925e-01
3.116357110238218153e-01
4.970148219432917736e-01
4.520893510240692192e-01
4.601434548514316547e-01
5.851471162059705966e-01
6.208456077679380680e-01
3.821568185607383539e-01
5.207071948320559640e-01
4.928069316627528562e-01
5.664412210532854264e-01
4.478987179283135944e-01
5.347793499745673307e-01
5.759578131628484421e-01
5.068153697920807499e-01
6.468868585294914597e-01
3.624466462215451545e-01
4.275114349243425149e-01
6.151131744969836612e-01
3.665214362120166602e-01
6.408619065647351842e-01
5.773311148805548854e-01
2.970659121012381165e-01
5.350211428496716159e-01
5.639459791664845900e-01
4.955305801560030421e-01
4.254224445522671316e-01
5.792236556874510445e-01
6.306330680702929570e-01
3.314858933454292167e-01
6.358303234363246181e-01
5.987989072356373343e-01
3.197612045768341571e-01
4.374097130633877173e-01
6.035468153655035861e-01
6.306330680702929570e-01
5.255574626150869566e-01
5.554231404695433305e-01
3.269958194947204522e-01
3.671874651554892233e-01
4.882812461528162062e-01
4.212881221542543186e-01
4.977048825385606001e-01
4.743378340511639757e-01
3.280129831046641464e-01
6.193782281952030511e-01
4.796506734012213058e-01
3.083729601806606269e-01
5.007273318310525578e-01
6.204839625279015003e-01
2.979768325652050742e-01
4.443842659660825478e-01
2.877603725416953417e-01
5.211407065683854034e-01
5.702189724353760036e-01
3.050650675663309497e-01
4.280652558398564400e-01
5.528708054281870066e-01
5.791039819945777989e-01
3.357243414332303777e-01
5.421456890230897940e-01
5.957443686907880620e-01
5.380925406987677739e-01
4.036542444927459505e-01
3.096418611845714874e-01
6.134831359976602450e-01
3.759541730236676815e-01
5.678491421194878930e-01
5.124971252644023867e-01
5.173129525788754401e-01
5.404170319662517930e-01
1.737670016067585921e-01
6.241533265953668197e-01
3.022808580799102307e-01
3.043383783674327714e-01
4.019471690250068230e-01
3.913536532703792425e-01
1.895128551538244055e-01
3.763651063907663685e-01
5.187632537428257251e-01
3.166549998723224846e-01
5.582652799277083577e-01
6.241533265953668197e-01
5.551863811781955205e-01
3.766405335794021925e-01
5.472698211599221763e-01
2.939313676591215341e-01
1.751102902643009163e-01
5.138244734431791638e-01
4.878202718246100744e-01
4.908467202946154018e-01
3.074127409877990824e-01
5.702189724353760036e-01
5.187632537428257251e-01
5.043772661695931081e-01
3.210409694447869389e-01
6.222253566470645758e-01
5.306938271878064439e-01
6.404071170545652114e-01
5.549630650104279139e-01
4.974304924585958299e-01
5.019204935516307087e-01
4.267573265802928062e-01
4.796506734012213058e-01
1.729287852877895437e-01
4.586513244692641544e-01
6.014479332758485564e-01
2.037733476926984477e-01
6.088794250543387854e-01
4.150233436424995981e-01
6.088857023785601008e-01
4.387612637705547436e-01
6.089063423794196517e-01
4.032068157725006152e-01
5.534546857608972914e-01
4.186317758605367367e-01
3.548599877899017430e-01
2.574149631188937248e-01
1.927170142422278132e-01
5.691551737549778167e-01
4.256292203022784548e-01
3.328984096823729977e-01
1.637813214410799023e-01
1.500721994432037965e-01
5.204160278718950039e-01
4.202856637017136632e-01
3.280337992830339444e-01
4.726543104503317383e-01
2.132802306025037287e-01
4.368221295729571851e-01
5.992992377487261768e-01
2.926113038747119033e-01
4.969811249542211984e-01
2.852592100511540663e-01
2.668051461498354149e-01
5.092546136312572358e-01
3.649549176565199948e-01
5.192509451046306568e-01
3.774112221500496855e-01
2.158956602671133485e-01
4.797195900935367630e-01
3.125625587662335114e-01
5.496264291198005303e-01
3.617753643818991116e-01
5.035694712892175851e-01
2.781803758611883781e-01
5.512898641190014937e-01
6.358303234363246181e-01
6.408619065647351842e-01
3.952013155264287869e-01
2.522742138569289971e-01
5.740548653061627871e-01
3.083729601806606269e-01
5.664412210532854264e-01
5.987989072356373343e-01
5.569365593313235774e-01
3.704158114931713763e-01
5.885503042230311177e-01
1.864917868019823066e-01
5.064972871698713019e-01
1.870197479771745497e-01
4.159847102238778960e-01
3.464143786613327891e-01
4.856270700126307238e-01
6.064684233535445612e-01
4.180876630014456752e-01
5.437082251353381190e-01
4.299415250166314650e-01
5.539576824269749622e-01
4.129357206989346385e-01
6.222253566470645758e-01
4.040026005436523904e-01
4.846671148261857964e-01
5.412590914494935790e-01
5.296691224528464748e-01
5.583763581329315162e-01
4.029107380851122411e-01
3.563123753321196796e-01
4.193364033736281526e-01
6.468868585294914597e-01
1.955493314144220174e-01
5.593999225472630066e-01
5.691551737549778167e-01
3.083729601806606269e-01
4.880206517593311810e-01
3.966015240713232082e-01
5.927687807451164081e-01
5.923191657607110860e-01
5.051191701414298185e-01
6.201000794245478120e-01
6.009254957593160862e-01
4.093713143572280111e-01
5.618644274350449441e-01
5.482901386071484806e-01
5.132951112670069982e-01
5.685227727847251833e-01
5.549630650104279139e-01
4.909998093004218078e-01
4.299483361742998944e-01
5.102895463281895694e-01
2.853886538523520144e-01
4.267573265802928062e-01
5.367173425003225473e-01
5.319422441001588897e-01
6.468868585294914597e-01
5.432924757299276708e-01
2.780377864113568465e-01
4.937013509981074133e-01
2.463873919202340113e-01
3.171096060331544120e-01
4.229453962415121171e-01
6.127027731509384623e-01
4.486574472161695692e-01
3.900025384856181110e-01
5.571193401201941509e-01
3.073051968306743098e-01
5.110331661338549658e-01
6.404071170545652114e-01
1.730194807425000092e-01
3.985454215059491823e-01
4.297734597791171840e-01
4.043424724261497905e-01
4.943505099315611551e-01
3.083729601806606269e-01
6.357481155800278616e-01
3.845599973564393093e-01
4.784692969686546449e-01
4.493465373280086106e-01
5.308561435296905717e-01
5.446713244926890685e-01
4.396258030883488654e-01
6.122100630687303813e-01
5.611736870752231932e-01
3.592309492212213407e-01
5.292743066774794336e-01
5.571150012682833941e-01
6.468868585294914597e-01
5.569061206387674323e-01
2.855037369517628987e-01
5.579003338798879108e-01
6.296070666896453893e-01
2.455522784042364071e-01
4.389050383389538901e-01
1.425650030971853111e-01
5.895252593393977003e-01
2.718750357777741100e-01
5.438418886737407254e-01
3.882532033860511267e-01
3.245986787544334895e-01
4.944735911781197313e-01
4.318938847923642910e-01
3.977517691582785897e-01
4.229034398013051810e-01
4.741614113475327019e-01
3.340359216567055922e-01
3.881507640112636937e-01
3.275790123713522850e-01
4.856466377732566730e-01
5.983162380242402767e-01
3.791884072241370474e-01
5.805346067810890354e-01
5.321405488820819540e-01
1.528780779318714977e-01
4.276470316341395295e-01
3.822423904200557554e-01
4.408356815081331259e-01
5.000267250109580175e-01
6.422278570549541099e-01
1.824237210757287397e-01
6.134831359976602450e-01
2.149851800910127508e-01
4.201888523408782161e-01
5.092546136312572358e-01
5.543455015126051988e-01
4.444885265693861442e-01
6.134831359976602450e-01
5.987989072356373343e-01
3.976831909970256484e-01
1.623199421937079889e-01
1.898601433299576813e-01
3.801812641582772434e-01
1.798285797845348699e-01
4.363859923239968852e-01
2.508645302880471162e-01
2.338396551446367544e-01
5.700798464586992464e-01
4.837360267665416491e-01
2.668320656576466110e-01
5.234982121500800778e-01
6.306330680702929570e-01
5.367173425003225473e-01
2.410701432472618366e-01
4.815911188999808523e-01
3.253817311405391988e-01
6.306330680702929570e-01
3.410619931249244119e-01
4.178076207935570441e-01
4.081772100090152455e-01
3.098775526011460779e-01
6.243987182728991669e-01
2.978928258273919050e-01
4.535861893474330553e-01
6.047589592513726853e-01
5.687951461259100894e-01
2.271499797169560797e-01
3.889258819651561505e-01
5.187632537428257251e-01
3.730419815416564089e-01
5.136218333432893690e-01
5.223540203976501095e-01
4.360067409741610889e-01
4.334165257932455773e-01
1.509497484567209058e-01
5.791983651200179883e-01
3.013853396879222490e-01
5.691551737549778167e-01
1.395865119124476694e-01
1.870722722616303124e-01
3.795213161972462168e-01
3.245794533706327645e-01
6.201000794245478120e-01
4.725035854452884765e-01
4.015578586149415319e-01
3.404412546900935643e-01
5.574170855174068739e-01
2.100979525529968195e-01
4.015578586149415319e-01
4.086824047883596545e-01
3.259209485515144888e-01
5.554231404695433305e-01
4.313671802461390703e-01
5.068466063245005149e-01
2.844945152576789926e-01
3.062702049921470770e-01
5.350211428496716159e-01
5.685227727847251833e-01
1.668724670740750482e-01
4.158036385127661383e-01
5.923191657607110860e-01
3.994519884625310491e-01
5.638414848031688686e-01
2.737953893488372925e-01
4.462170107747789882e-01
1.938867374939308164e-01
5.674105036695794579e-01
5.766987139103022519e-01
5.254625026252326414e-01
4.182072961579005876e-01
3.354676548544082704e-01
5.212439108342040717e-01
3.099399298337351949e-01
3.617032964507893023e-01
5.987989072356373343e-01
5.445722821736940222e-01
4.593723590456896266e-01
5.695701228259757443e-01
3.782598672421709218e-01
2.635006907119583630e-01
6.040191182714084173e-01
4.219598562348131909e-01
3.839221330124567011e-01
3.559105345954625688e-01
5.762069974900400071e-01
5.766753346869615271e-01
3.312130173526574572e-01
3.849670637571119824e-01
6.423100649112508664e-01
2.600319461598402104e-01
5.431970839752487956e-01
6.287396492861524466e-01
3.281183150127455206e-01
4.374607197267063041e-01
5.484147548327463761e-01
4.353611608867449245e-01
4.358174112670664679e-01
3.238612547843947587e-01
5.300042515744036731e-01
4.074333218314728500e-01
5.691551737549778167e-01
3.231035081408940579e-01
3.775797248690629382e-01
4.747163077254057950e-01
4.043724860060115556e-01
3.153045930197280189e-01
3.124912067706344665e-01
5.630903813510494960e-01
3.083729601806606269e-01
2.104987277015505365e-01
6.468868585294914597e-01
3.986748622929006114e-01
4.499435392993200722e-01
5.431970839752487956e-01
5.156282577873730899e-01
4.401244676585854831e-01
4.773598342209291467e-01
6.306330680702929570e-01
4.215237865465500389e-01
3.083729601806606269e-01
4.037801115266970164e-01
5.766987139103022519e-01
4.374640549384759547e-01
5.582652799277083577e-01
3.062702049921470770e-01
5.035694712892175851e-01
1.874988545571014131e-01
1.957062412375013272e-01
5.460278572296036748e-01
4.516783257744224622e-01
2.883977625056444172e-01
5.895252593393977003e-01
4.470499275287237451e-01
4.363859923239968852e-01
2.737953893488372925e-01
3.790918548806205268e-01
4.248048921759745022e-01
3.032995898256045653e-01
2.926169860411611534e-01
4.276496837552912211e-01
5.401227213548823736e-01
6.191029793668078041e-01
4.299483361742998944e-01
6.153745827370206145e-01
4.341267731090657778e-01
3.246604770438177856e-01
3.647657333608335661e-01
5.840151087654235074e-01
5.237663029745817100e-01
3.458463665694119227e-01
6.468868585294914597e-01
5.532668653597770936e-01
3.253817311405391988e-01
5.307444540560675161e-01
4.477756238971923319e-01
4.979997737561673854e-01
5.482901386071484806e-01
4.295910038012905052e-01
3.977389877137724183e-01
2.059993423237414245e-01
4.740450623685362186e-01
2.914721251260107837e-01
6.358303234363246181e-01
6.062230316760122140e-01
3.980988327210787103e-01
5.412590914494935790e-01
5.068153697920807499e-01
3.061230888716667264e-01
5.431970839752487956e-01
3.088777328615571194e-01
1.751222359310135313e-01
4.271478633729207663e-01
1.690826787986861590e-01
5.165558110713421858e-01
5.426979328640531008e-01
5.854331198658365709e-01
3.081626850983553156e-01
5.992848481517487613e-01
6.227146973213962822e-01
5.122835122678994768e-01
4.844633750460254351e-01
4.797195900935367630e-01
5.092546136312572358e-01
3.098044973484019859e-01
5.599614795783592891e-01
5.927020325433004500e-01
4.888562892345200694e-01
5.367173425003225473e-01
6.148206558031819036e-01
1.683127026296052375e-01
3.632896443827192123e-01
6.062230316760122140e-01
3.946964102186867884e-01
3.230316727225219786e-01
4.270971245617815049e-01
3.931890725472271253e-01
4.790366898927709838e-01
4.268576424703989236e-01
1.968537795311101624e-01
5.614428064853541622e-01
4.806209152754753466e-01
4.272734552789251294e-01
6.241533265953668197e-01
4.412809320715022632e-01
5.144113952545357193e-01
4.149980975611871625e-01
3.358586523070512531e-01
5.933193851478085756e-01
3.934081422653297744e-01
4.718739476036099001e-01
3.062702049921470770e-01
5.125121420325284838e-01
2.872506853917483061e-01
5.474641367425271410e-01
4.418836811714717538e-01
4.944945436212187517e-01
4.449334844390273047e-01
5.925645574382435443e-01
4.133369632635731095e-01
4.529256180610161109e-01
4.251417388983323997e-01
3.224903433641536643e-01
5.598893638350637136e-01
3.725629293221058846e-01
4.320615893596952972e-01
6.014548445272883681e-01
4.685848982913536354e-01
4.104000451900406965e-01
6.340519159293770413e-01
4.047763727923970878e-01
5.068153697920807499e-01
4.647191473342481283e-01
4.097832928363419058e-01
5.264706260941994787e-01
5.207071948320559640e-01
3.244034277160217083e-01
5.437133449889078873e-01
5.350211428496716159e-01
6.058773794042058292e-01
5.367173425003225473e-01
5.185347249034842898e-01
4.944945436212187517e-01
6.198219246546585737e-01
3.328781058219666411e-01
1.969660459730869506e-01
6.468868585294914597e-01
5.162636540871189395e-01
4.963804629600961360e-01
6.468868585294914597e-01
3.646371907153961867e-01
5.346675370207777389e-01
5.832950302248325336e-01
3.172719142677549176e-01
4.621225743799118324e-01
4.758640493247432990e-01
2.610318334601262613e-01
5.935098820439011630e-02
5.483653712891920495e-01
2.986069611054240625e-01
5.585135877328090137e-01
4.421556385466413053e-01
4.790366898927709838e-01
3.554367635436387896e-01
6.151291910594881562e-01
4.316370443830317427e-01
2.563290918390376261e-01
1.995632543097951017e-01
4.060154707979422573e-01
2.802646908251416602e-01
5.237663029745817100e-01
4.469732113177102284e-01
4.118036523498205814e-01
5.931706002781085285e-01
6.313829815186866590e-01
3.317090816675699050e-01
5.816489751630046223e-01
5.549630650104279139e-01
5.641703129022909158e-01
3.980439850762176324e-01
3.612194642599453887e-01
4.621531566129645219e-01
5.799811817712603457e-01
3.648433413730495234e-01
5.250798176328883571e-01
2.833057115138858384e-01
5.367173425003225473e-01
4.117212853620970670e-01
5.355459277366418913e-01
5.468967734411780413e-01
4.148024394955599492e-01
3.083729601806606269e-01
2.672818557801667771e-01
5.773311148805548854e-01
5.897747716997587819e-01
4.371292037512328754e-01
2.132802306025037287e-01
6.134831359976602450e-01
3.155611329398675391e-01
4.616136927613539442e-01
3.274039779880777434e-01
2.979768325652050742e-01
3.229218860699493154e-01
6.260562744520524747e-01
2.971366408753908228e-01
4.506446937768196492e-01
5.083187788609706548e-01
4.590042761027305351e-01
3.066103284083169789e-01
3.392697763154180479e-01
4.099313594838614461e-01
5.766987139103022519e-01
4.951841891859279365e-01
3.350153246575541810e-01
3.932916457961344037e-01
5.068153697920807499e-01
4.494005393208204135e-01
6.378627229936129073e-01
5.773311148805548854e-01
2.154496406551315302e-01
5.350776483301014075e-01
6.077954978595281332e-01
5.766987139103022519e-01
6.387109174039142800e-01
5.391184160007606030e-01
5.708513734056286371e-01
4.806178818001731745e-01
6.134831359976602450e-01
6.387109174039142800e-01
5.169177985842644540e-01
4.015578586149415319e-01
1.890183844398485025e-01
5.691551737549778167e-01
2.506323738550266800e-01
4.227177789518846707e-01
4.803253342111808433e-01
4.765066203626477925e-01
5.727543212623142921e-01
6.287050981219908241e-01
4.074585885967525467e-01
4.537573194499888163e-01
5.877423721424706038e-01
6.408619065647351842e-01
5.321405488820819540e-01
3.042731685746608017e-01
6.134831359976602450e-01
3.140141548088993817e-01
3.299833911489741811e-01
4.665853396771333372e-01
3.155421629355020796e-01
3.633474718700829276e-01
5.300792337621701433e-01
4.731824472833365824e-01
5.279985428579516693e-01
4.603137305710173210e-01
6.143658662930118197e-01
2.088306867258361565e-01
4.214644050592122881e-01
5.000950190015247543e-01
5.159680003690900740e-01
3.805666378584891540e-01
2.948163541699395096e-01
3.600736784908207255e-01
6.404071170545652114e-01
2.394009970824815536e-01
5.987989072356373343e-01
3.074127409877990824e-01
6.404071170545652114e-01
4.607364824867783981e-01
6.247778394904383026e-01
5.831602031872854530e-01
3.925337230790629794e-01
5.472698211599221763e-01
6.109705167719746699e-01
5.116418752306483020e-01
3.357243414332303777e-01
5.087418574586873854e-01
4.705083454147697686e-01
3.530684678949714272e-01
5.237663029745817100e-01
4.774869910405586393e-01
4.147871457285754460e-01
6.015888169739862512e-01
6.113505251134372376e-01
5.566994133849090254e-01
5.346675370207777389e-01
2.521282554149792410e-01
6.018916297353040790e-01
4.072295401636802925e-01
5.431970839752487956e-01
2.844945152576789926e-01
6.151131744969836612e-01
6.468868585294914597e-01
4.019126673360633450e-01
4.062373088415957012e-01
4.155424419975601857e-01
3.594570042996516057e-01
3.894486273505886054e-01
5.528708054281870066e-01
2.102719251939307032e-01
3.806236837205566048e-01
4.792137298932951373e-01
2.977709450824519988e-01
5.349976030397507465e-01
5.447688931569697468e-01
5.570843467972544927e-01
6.241533265953668197e-01
5.882805234456447430e-01
3.708544785264517030e-01
4.185101454019948819e-01
3.524018111567129852e-01
4.451405331342551674e-01
4.122847084196486489e-01
6.356320186544015538e-01
2.668051461498354149e-01
5.987989072356373343e-01
4.792137298932951373e-01
4.291457080242240818e-01
5.472286877129460825e-01
3.678546334841344412e-01
5.223540203976501095e-01
3.817537936409694521e-01
6.195765329771262264e-01
3.449796530444438902e-01
2.522742138569289971e-01
3.534987063674934205e-01
3.404412546900935643e-01
5.916617457130884938e-01
1.844167671505620443e-01
4.528329539915301183e-01
2.844945152576789926e-01
4.956331464409615140e-01
4.421144535456563163e-01
2.211639103885653934e-01
4.267573265802928062e-01
4.857819266141537584e-01
5.092546136312572358e-01
6.154410779500105733e-01
2.508645302880471162e-01
2.744001961397630196e-01
3.139940855400215058e-01
6.064684233535445612e-01
5.431970839752487956e-01
4.774091716153304188e-01
4.843555768606793710e-01
4.481806497569318926e-01
2.292007997502930328e-01
3.510807686776504233e-01
6.081259795326978690e-01
5.060400340848644207e-01
3.245889303694713957e-01
5.028201496725309694e-01
4.013744564755361011e-01
3.681495827000012544e-01
5.370079011023906057e-01
6.241283045037502308e-01
5.601310382190992643e-01
4.203832524263244608e-01
2.471619049460380968e-01
4.316739181800220426e-01
5.450541128009301906e-01
3.763413093304985857e-01
4.874498803845990214e-01
3.083729601806606269e-01
6.088452395494580172e-01
6.208456077679380680e-01
5.834742512925399360e-01
1.228110208680133764e-01
4.572559657430300128e-01
4.207615584460978053e-01
4.787948970176666430e-01
5.987989072356373343e-01
3.315726131129609899e-01
2.801877247434881868e-01
3.870897487276486748e-01
5.566350952893999171e-01
5.536884863094678755e-01
6.468868585294914597e-01
3.961388116662281633e-01
3.476741399501931951e-01
1.220962813894696380e-01
2.757978574384956638e-01
4.448237457025798758e-01
5.773311148805548854e-01
5.164103048703051480e-01
3.809763517030344548e-01
1.915149957300108785e-01
3.065638300183496923e-01
5.431970839752487956e-01
6.306330680702929570e-01
3.281616090508165384e-01
4.378730886027101810e-01
2.113999318978714292e-01
2.699220158820602733e-01
2.987805593561561612e-01
4.027606069905667607e-01
5.545764658631092692e-01
2.139152682069174194e-01
6.422278570549541099e-01
5.660779688041124302e-01
3.621115563891318390e-01
1.708768533093169839e-01
5.338431914326320360e-01
2.699751753410087884e-01
4.117212853620970670e-01
4.945324047398432787e-01
5.367173425003225473e-01
2.387759415191025858e-01
5.350211428496716159e-01
4.635053057000292909e-01
5.920053013166133304e-01
6.122100630687303813e-01
3.442281749942436853e-01
5.753368241298009167e-01
3.782132634575161023e-01
3.431358616460046806e-01
5.254162234437427248e-01
6.241533265953668197e-01
3.278742529297331010e-01
4.283709632132589595e-01
4.291613495728895944e-01
5.717263979357419812e-01
5.645783801367372234e-01
3.357243414332303777e-01
4.570255642251030426e-01
5.139362863969687556e-01
3.874414728352175152e-01
4.979997737561673854e-01
3.083729601806606269e-01
6.241533265953668197e-01
3.637959476771946421e-01
4.360749882958770973e-01
3.903108255343170629e-01
4.117212853620970670e-01
1.815006854196691000e-01
5.431970839752487956e-01
3.294562082730131403e-01
5.325870487986508195e-01
6.252455154240439406e-01
4.872359355091638311e-01
5.092546136312572358e-01
4.089743614811007233e-01
5.987989072356373343e-01
5.504589249186322419e-01
1.694031344643982806e-01
5.605459872900971918e-01
1.369723407477167199e-01
3.776790606093626268e-01
5.567580065948203316e-01
2.335571234809672991e-01
5.052188999165032612e-01
4.158714927351642165e-01
6.148206558031819036e-01
4.368221295729571851e-01
5.250498747319097825e-01
2.710033362733560991e-01
4.169993821953104640e-01
4.291968226807185705e-01
6.151291910594881562e-01
4.024546082746502385e-01
5.319422441001588897e-01
5.367173425003225473e-01
4.434219617461673812e-01
1.761664577041067992e-01
6.241533265953668197e-01
3.790918548806205268e-01
5.341729484393702432e-01
5.702513642557170970e-01
3.461014429169720352e-01
1.899390397766381189e-01
5.321405488820819540e-01
5.254625026252326414e-01
5.267883251795281163e-01
4.368510606225714521e-01
3.026780283975428754e-01
5.624788212967758438e-01
6.306330680702929570e-01
6.296867818680357276e-01
3.215866943021120639e-01
5.788497715672761279e-01
6.241283045037502308e-01
4.866906221484540995e-01
3.969810649967009941e-01
5.431970839752487956e-01
6.241533265953668197e-01
3.083729601806606269e-01
4.375489506711240928e-01
6.275587054499266459e-01
4.066165180959201986e-01
4.054239969546905575e-01
3.790918548806205268e-01
4.308224308613413100e-01
5.554231404695433305e-01
4.449826747589878395e-01
5.766987139103022519e-01
3.696174277139698261e-01
5.350211428496716159e-01
4.767558422120111161e-01
5.944879062348603638e-01
4.286250002694177441e-01
2.728267222624641275e-01
3.865915731929199239e-01
4.489148026458935070e-01
3.356145569633879333e-01
3.083729601806606269e-01
3.925337230790629794e-01
3.284326881369231121e-01
4.203779009954726753e-01
4.250698733374954630e-01
4.405982023315723195e-01
3.819617161558603313e-01
4.310711838394664097e-01
5.354770228934332410e-01
4.470499275287237451e-01
5.114233999427409971e-01
3.119684036987606102e-01
5.136218333432893690e-01
4.146490430366117086e-01
5.875440673605474284e-01
5.524186709494756098e-01
5.660779688041124302e-01
5.727543212623142921e-01
5.134642431320199929e-01
5.250498747319097825e-01
5.816489751630046223e-01
5.585135877328090137e-01
5.582652799277083577e-01
5.400538165116738343e-01
2.822904799320016811e-01
4.798059765269827581e-01
4.563125375661414851e-01
5.599614795783592891e-01
5.595965335305387311e-01
3.774581192520697348e-01
4.765271447827454376e-01
4.955672412927065729e-01
5.403587408046265361e-01
5.350211428496716159e-01
5.616306268864743600e-01
1.974189644677039612e-01
5.118389637121435465e-01
5.113571187412517816e-01
4.792137298932951373e-01
4.117212853620970670e-01
4.275455276112193337e-01
3.019598345925234018e-01
4.394168230926382424e-01
3.112243199070150457e-01
5.881252389250599677e-01
3.658866832979868478e-01
4.887316483752525698e-01
3.590117161101711307e-01
4.178114405714346002e-01
6.287050981219908241e-01
5.743002569836951343e-01
3.970997366085260993e-01
4.000176593164467276e-01
4.313180687123454038e-01
6.231273252147191410e-01
3.012570353758364794e-01
5.579003338798879108e-01
4.637673670960983374e-01
6.231273252147191410e-01
5.164103048703051480e-01
2.593843876873322962e-01
5.431970839752487956e-01
4.336508662037561468e-01
6.070432581404221484e-01
5.130629548339865620e-01
4.494005393208204135e-01
2.829505020019205674e-01
3.491735254157792290e-01
3.307790466193455958e-01
5.571193401201941509e-01
2.018528598317572142e-01
4.809553784564377099e-01
2.521484010794147190e-01
4.548888924232834530e-01
4.403764037849418611e-01
4.360749882958770973e-01
6.159523633781731622e-01
4.908353183356055638e-01
4.590042761027305351e-01
4.994052516196816893e-01
3.210409694447869389e-01
2.463946705979267737e-01
4.493045948156992320e-01
5.118389637121435465e-01
2.419273849703680035e-01
5.024935737352335119e-01
2.668051461498354149e-01
4.412809320715022632e-01
5.050878337231178294e-01
3.372896640604478580e-01
3.952522720908919207e-01
6.404071170545652114e-01
4.332006157330394736e-01
5.350211428496716159e-01
4.649216031493439427e-01
5.105873126172486565e-01
2.158449047217090855e-01
3.750005300851276258e-01
5.551508854115481117e-01
4.520893510240692192e-01
2.647931463891435300e-01
6.039438496262860001e-01
4.374526068303130066e-01
3.426723644974273286e-01
3.532483115604879709e-01
3.002988905042566770e-01
6.231273252147191410e-01
6.243987182728991669e-01
3.204898951314611444e-01
5.223540203976501095e-01
4.421579707419070471e-01
5.321405488820819540e-01
5.164103048703051480e-01
4.029115035997807848e-01
4.661182198200350402e-01
5.000219186390230108e-01
5.641750209474266642e-01
5.879877638200029510e-01
4.792137298932951373e-01
4.080041244920047383e-01
5.169177985842644540e-01
6.423100649112508664e-01
2.646556298122124673e-01
5.104380571093382057e-01
4.238974626251992284e-01
4.015578586149415319e-01
3.095342739964795364e-01
4.700961709056946103e-01
2.668051461498354149e-01
3.298122454554883176e-01
5.766987139103022519e-01
3.526601945484290068e-01
4.725035854452884765e-01
2.600597419818632128e-01
1.979786973599770017e-01
5.396544419483418897e-01
5.745976238331247377e-01
5.765005716898103927e-01
1.899002345752255072e-01
4.287387287248809464e-01
5.532668653597770936e-01
5.614428064853541622e-01
4.494969556074867589e-01
4.456449130276524118e-01
6.101870617241139660e-01
5.992073117538717630e-01
5.045592946441160853e-01
4.294727226902949613e-01
3.413417458612106326e-01
5.624788212967758438e-01
2.453352711583085544e-01
5.820705627481048694e-01
4.985710567212862654e-01
4.446683360387960193e-01
6.387109174039142800e-01
3.921190526699558920e-01
4.343544323902650550e-01
5.153344386021208035e-01
4.994150608092711718e-01
6.127027731509384623e-01
4.797195900935367630e-01
4.150230688263715217e-01
5.966765251449029916e-01
2.679911324046782006e-01
4.460236844886593666e-01
6.273548592356834597e-01
2.710355156412895261e-01
3.812614470353120621e-01
2.044377347033511094e-01
4.866906221484540995e-01
3.687795760148863677e-01
3.832096087972028386e-01
1.870722722616303124e-01
4.394892891121635614e-01
2.967150199257000409e-01
4.013790232668451030e-01
4.316739181800220426e-01
2.497802710064251086e-01
5.634788539045305633e-01
3.447798283547138798e-01
2.337305922230399347e-01
6.204839625279015003e-01
5.508463468513027372e-01
2.920793961154105056e-01
3.563155192951466543e-01
5.064972871698713019e-01
5.283633072194665603e-01
3.946098733847349660e-01
4.345997600410444472e-01
2.844945152576789926e-01
5.462145838750067650e-01
2.917596970255669775e-01
4.015578586149415319e-01
4.607210347853439303e-01
4.982978062343731973e-01
3.514906426930177186e-01
6.154410779500105733e-01
3.404412546900935643e-01
4.586258640646324602e-01
4.531389798356650345e-01
4.003777888062577950e-01
4.354355080039580828e-01
3.783339321635491026e-01
3.952271299491135759e-01
5.364731412422739654e-01
5.532668653597770936e-01
5.132140184740318078e-01
3.348084781247200881e-01
3.357243414332303777e-01
3.728047221972101699e-01
5.366822978312529857e-01
3.208806703613802380e-01
5.955528410783056392e-01
6.195765329771262264e-01
1.979700702747085872e-01
4.168113709612057405e-01
4.751427964752962252e-01
5.694780716879221938e-01
5.164103048703051480e-01
5.431970839752487956e-01
5.554231404695433305e-01
4.429408665950744228e-01
5.641750209474266642e-01
3.119684036987606102e-01
2.645558564864742834e-01
5.324311074841501235e-01
3.248498533158236667e-01
4.080564297758622061e-01
2.876647164687812785e-01
4.458609548831876657e-01
4.575803606131443879e-01
5.367173425003225473e-01
2.839760388767904042e-01
5.539576824269749622e-01
5.431970839752487956e-01
5.554458298461963928e-01
2.659280419975241783e-01
5.708513734056286371e-01
4.527355871778245833e-01
4.908353183356055638e-01
2.841951768831669223e-01
4.811200898770057188e-01
3.257384226223814516e-01
3.062702049921470770e-01
3.176353656650752755e-01
4.023157813320129561e-01
5.770721815447640290e-01
5.296266683501503758e-01
5.556307594809947181e-01
6.132012211111860234e-01
6.241533265953668197e-01
5.431970839752487956e-01
6.127027731509384623e-01
3.841062078485266706e-01
5.468967734411780413e-01
4.280081757816823207e-01
4.717874451736439045e-01
4.334106459338024631e-01
5.588103381168618711e-01
5.218736692457421888e-01
6.062230316760122140e-01
5.612158883969724510e-01
4.049476007020544333e-01
4.015578586149415319e-01
6.241533265953668197e-01
4.842058232745216628e-01
6.408619065647351842e-01
4.741432677664027540e-01
4.647681563836612018e-01
4.553592050949896719e-01
5.139711524979186930e-01
5.102207486466405761e-01
4.215639146903524814e-01
4.117212853620970670e-01
6.404071170545652114e-01
3.031393015519094347e-01
4.117212853620970670e-01
5.396544419483418897e-01
3.648433413730495234e-01
4.385340733605937458e-01
4.091289469043792870e-01
6.287050981219908241e-01
4.875746682143676791e-01
3.068688655266038623e-01
3.328984096823729977e-01
6.205291569964137555e-01
3.983606980871864933e-01
3.278742529297331010e-01
3.893944075005134065e-01
3.696768014058425811e-01
4.089757624820806181e-01
4.220157408844057989e-01
6.306330680702929570e-01
2.200044086545836497e-01
5.116586691569281475e-01
5.498310233868705099e-01
5.262256288671989246e-01
4.136050663529397542e-01
4.735022556136304628e-01
5.350211428496716159e-01
6.074163766419889976e-01
3.100865811366191327e-01
5.304678188821665419e-01
4.111987247811562107e-01
6.333164429043930399e-01
5.579003338798879108e-01
4.582588288321768899e-01
4.765066203626477925e-01
4.046095716674963372e-01
5.679688158123611386e-01
6.156911407741441078e-01
3.817537936409694521e-01
5.766987139103022519e-01
3.006220560815013876e-01
5.386202903570082023e-01
5.597466204507822729e-01
6.241533265953668197e-01
3.969810649967009941e-01
3.328984096823729977e-01
4.102896830242678261e-01
4.117212853620970670e-01
5.370089762529312027e-01
3.570837935582965028e-01
4.068569968634950795e-01
3.996582692524811020e-01
5.291621920911618870e-01
4.226067323442798673e-01
5.660762750054649795e-01
5.251349733545285225e-01
5.371904483391282126e-01
3.340359216567055922e-01
2.845406259531841342e-01
3.550635296691891929e-01
2.920793961154105056e-01
4.269797926266111765e-01
4.653077036987176562e-01
4.613146515499698119e-01
6.404071170545652114e-01
5.505430354920399783e-01
6.306330680702929570e-01
6.468868585294914597e-01
3.681203896188215419e-01
5.205085652390888384e-01
5.568730408426502132e-01
5.987989072356373343e-01
2.749425500301188041e-01
5.630903813510494960e-01
3.606929409842676293e-01
3.271354274390168015e-01
1.896127871952311417e-01
6.159523633781731622e-01
3.271099704643897210e-01
3.498796969506494103e-01
3.765133108621080971e-01
3.741086687017067813e-01
4.052407911570650167e-01
3.485530116982210602e-01
3.793346936992563201e-01
3.100865811366191327e-01
6.064684233535445612e-01
5.712843358215203837e-01
4.883536375437560473e-01
3.232835527215299765e-01
7.368489437952173426e-02
1.185500823438273982e-01
4.831808233512848716e-01
4.792137298932951373e-01
6.016895483104099940e-01
2.781876194073185649e-01
3.395238958995668854e-01
3.935183844848803014e-01
5.268992847897429055e-01
3.271172126593059892e-01
4.260059987227193812e-01
2.449298085446467987e-01
4.590123329757149762e-01
4.734074613033934509e-01
5.431080441733767694e-01
4.082435669824248659e-01
5.276932069644439949e-01
5.051191701414298185e-01
4.734074613033934509e-01
4.213270892934610767e-01
5.002540750720433360e-01
4.563072283347405222e-01
4.207061056652692810e-01
3.783339321635491026e-01
3.731901376811147530e-01
3.594248235805042047e-01
4.143281685985167329e-01
6.243987182728991669e-01
3.290646998536205792e-01
4.869977028749205017e-01
5.026519451560410578e-01
3.190339401765543981e-01
3.083729601806606269e-01
3.647657333608335661e-01
3.083729601806606269e-01
4.106694787054436246e-01
4.929478349015229410e-01
5.664412210532854264e-01
3.034768052760623003e-01
1.898601433299576813e-01
4.455830845958032027e-01
6.124858588269540549e-01
5.431970839752487956e-01
4.117212853620970670e-01
2.981186769764562761e-01
4.969217794299622404e-01
6.468868585294914597e-01
4.995309359279317962e-01
2.979768325652050742e-01
5.852284916105389145e-01
4.670368651741145793e-01
4.404415231503191475e-01
6.306330680702929570e-01
6.404071170545652114e-01
4.310041366036109212e-01
5.992073117538717630e-01
4.436784395104654832e-01
2.914721251260107837e-01
1.941021019755224675e-01
2.934306746049377690e-01
5.170841827037544469e-01
5.599614795783592891e-01
5.235341465415613849e-01
6.104541730224464224e-01
4.588997466078522658e-01
4.559571396118008990e-01
4.813101289714204478e-01
5.852284916105389145e-01
2.322991494323954909e-01
4.396258030883488654e-01
3.320651290361193997e-01
4.067078158802306387e-01
4.205615038421184337e-01
2.475091716066878111e-01
3.083729601806606269e-01
6.151346824968924043e-01
3.280337992830339444e-01
4.575803606131443879e-01
4.146264695525391231e-01
4.892342999620770683e-01
3.711310237926556677e-01
3.426723644974273286e-01
6.387109174039142800e-01
6.291522771794753055e-01
2.338396551446367544e-01
6.071709849644566503e-01
3.326924507931600106e-01
6.243987182728991669e-01
5.321405488820819540e-01
6.422278570549541099e-01
3.491386581714943649e-01
6.134831359976602450e-01
6.127027731509384623e-01
5.187632537428257251e-01
4.180371288472490288e-01
5.691551737549778167e-01
5.328703260205982506e-01
5.431970839752487956e-01
3.846673798875886452e-01
4.286250002694177441e-01
5.630903813510494960e-01
5.368173749473191814e-01
4.729920241323434249e-01
5.635990815951203992e-01
3.125625587662335114e-01
3.288908647246903127e-01
4.214834748455304481e-01
3.512877647794739877e-01
4.015578586149415319e-01
3.825197734389044202e-01
3.996901849258165940e-01
4.250551717140366725e-01
4.279115041155807098e-01
4.552281882728829721e-01
5.118335112520646657e-01
1.562561430359674097e-01
5.185310973098052889e-01
5.623695114148460350e-01
4.803253342111808433e-01
6.306330680702929570e-01
5.118389637121435465e-01
4.218213997326754061e-01
3.780106988177281413e-01
4.117212853620970670e-01
3.062702049921470770e-01
2.890883433182813156e-01
3.771538623548653657e-01
5.309893102371202600e-01
4.784692969686546449e-01
5.587189766176170469e-01
5.704600487513323825e-01
5.431970839752487956e-01
2.231929737986281526e-01
3.396375827792164626e-01
4.283787963044265457e-01
2.857523877573260318e-01
4.320420658773108658e-01
4.791528119717645695e-01
1.618769656194655182e-01
5.386202903570082023e-01
5.068466063245005149e-01
5.431970839752487956e-01
3.826217066281608625e-01
2.237177941289794914e-01
2.330749485020547906e-01
5.269452925851093594e-01
2.338396551446367544e-01
4.297359256542668260e-01
5.386202903570082023e-01
9.961547074094181942e-02
4.850498479425343068e-01
5.397935074322098847e-01
3.773790544233440736e-01
6.291522771794753055e-01
3.619289175816647330e-01
5.185261077964111731e-01
5.350211428496716159e-01
4.108522274809378039e-01
4.205615038421184337e-01
3.901609965919971557e-01
4.723998415254088146e-01
4.803253342111808433e-01
6.242923073685144875e-01
4.054664473155634719e-01
5.223540203976501095e-01
5.238277387228711390e-01
4.944945436212187517e-01
4.799147615142654311e-01
5.367173425003225473e-01
4.389314809721826527e-01
2.502261272254593383e-01
3.113177248574999778e-01
4.083545764836160052e-01
4.265574961738884396e-01
2.872506853917483061e-01
3.257384226223814516e-01
4.192986341375517512e-01
1.216910065945459585e-01
2.447748094420225395e-01
6.097608937316256750e-01
3.716438328704483873e-01
5.551508854115481117e-01
1.475687923784239908e-01
5.675803998019866015e-01
6.039438496262860001e-01
6.340519159293770413e-01
5.161672609789687005e-01
5.122835122678994768e-01
5.426930275416815830e-01
3.523028194562711213e-01
2.894566638670152958e-01
3.699402012312920096e-01
5.303376334723929331e-01
4.160991566936425023e-01
5.319422441001588897e-01
5.876900591670876084e-01
2.717693824886533438e-01
3.822023162208715297e-01
1.010009198719964973e-01
4.207762750368495563e-01
4.371798777041028816e-01
4.421637871982342927e-01
1.838833027927982144e-01
4.156409762601125379e-01
4.342765212903677008e-01
5.132951112670069982e-01
2.985439106564726774e-01
5.040740622838084661e-01
4.473163430558150799e-01
5.727576564740839427e-01
4.083387877565701762e-01
3.918760981666186693e-01
4.363859923239968852e-01
2.938442819204902801e-01
5.992848481517487613e-01
5.508690362279559105e-01
5.393505399007069157e-01
1.672289171043795930e-01
4.313180687123454038e-01
5.276932069644439949e-01
5.664412210532854264e-01
5.528708054281870066e-01
4.664583097676749390e-01
1.539314238290851733e-01
3.669676280518064382e-01
4.725035854452884765e-01
1.627851193169747301e-01
5.430491536963979460e-01
4.209831247918091601e-01
4.914784104223944294e-01
4.625695502356071964e-01
4.278680607163992122e-01
2.863924544760962920e-01
6.097608937316256750e-01
3.562685021429647381e-01
3.136005716073188565e-01
6.313829815186866590e-01
5.241392771041357701e-01
2.837088540932073411e-01
3.415998541249798959e-01
5.897239098242111899e-01
5.051191701414298185e-01
6.287396492861524466e-01
5.178777687380022865e-01
6.356320186544015538e-01
3.730376329194294294e-01
5.453351411871181220e-01
4.649463701733437815e-01
6.089063423794196517e-01
3.107562894356586947e-01
5.027800545815004352e-01
5.685534650897444697e-01
3.321415502667351971e-01
5.367173425003225473e-01
5.251349733545285225e-01
5.764346392054580104e-01
4.954674264950942875e-01
3.818361115692328611e-01
2.533192169434999585e-01
4.068569968634950795e-01
3.910319361944814553e-01
5.631282982852038321e-01
2.802688447686212392e-01
5.276206116441382044e-01
1.978994399312946906e-01
4.832733607184788172e-01
5.132951112670069982e-01
3.686466976357242187e-01
2.909188779567249417e-01
5.801956422907241784e-01
1.912889741201106442e-01
3.582596205551989432e-01
4.354355080039580828e-01
6.241533265953668197e-01
2.736748648069380896e-01
4.575167334037183453e-01
3.339543149866739391e-01
5.901289909797827749e-01
4.982305675418959856e-01
4.918004632229872608e-01
4.733504858083906197e-01
4.102899414179495552e-01
6.358303234363246181e-01
4.073670640163787326e-01
5.341729484393702432e-01
1.808978567020164963e-01
2.875603756241573716e-01
2.132802306025037287e-01
5.549630650104279139e-01
6.016462380577716207e-01
3.996809300457623282e-01
5.511588202726159791e-01
5.671684055240635569e-01
6.134831359976602450e-01
2.965146337546069044e-01
5.620991104302598407e-01
5.214271874146523267e-01
4.587789372716296610e-01
5.423199798229375590e-01
6.468868585294914597e-01
4.354631382503033055e-01
6.343821650898090470e-01
5.664412210532854264e-01
5.431970839752487956e-01
6.198340087688306577e-01
4.151522253386972228e-01
3.667785031055939560e-01
6.131438783978092610e-01
5.228511905252657410e-01
5.454518723517814971e-01
3.639500707774256383e-01
2.059970581485404129e-01
4.754000189663560860e-01
3.940234332291793762e-01
3.611771913238571718e-01
2.419166787825993148e-01
5.264545517413139475e-01
4.602239599702810935e-01
4.851785123011661538e-01
3.698384845480851002e-01
5.235245100994774248e-01
5.900099134840771642e-01
5.840151087654235074e-01
5.057894036469351429e-01
3.645663750477929899e-01
3.354858544589470748e-01
6.045918173087396763e-01
5.237663029745817100e-01
5.492411443918298053e-01
2.840041008879601869e-01
5.431970839752487956e-01
2.983174800445058117e-01
5.118335112520646657e-01
4.195459083679254908e-01
4.483489086337981711e-01
3.784081652590933764e-01
4.472953192062561478e-01
6.296867818680357276e-01
3.211655156151388413e-01
3.382957953203649115e-01
5.431970839752487956e-01
3.168892411245175511e-01
3.039419397841200965e-01
4.956772814538028538e-01
3.995845305973004802e-01
3.385876455790230444e-01
5.816489751630046223e-01
4.436926412887048921e-01
1.910757820787208350e-01
4.832951498748271901e-01
4.254941830989933949e-01
6.306330680702929570e-01
4.555666612331911169e-01
5.911232966231491082e-01
3.817103749793970269e-01
4.999712296149205204e-01
4.734074613033934509e-01
3.028942736627463495e-01
4.172330946031561072e-01
5.296266683501503758e-01
1.773710075597367819e-01
4.300448618053561156e-01
2.652335490047639799e-01
4.486377122168332399e-01
2.275205178156497476e-01
5.163791598046754139e-01
3.985454215059491823e-01
4.830691979044147710e-01
5.405717673742781448e-01
5.773311148805548854e-01
4.084711332377410908e-01
5.549630650104279139e-01
3.288508334525336863e-01
3.801347888428865396e-01
5.770721815447640290e-01
5.529201810723368693e-01
5.254625026252326414e-01
3.590117161101711307e-01
5.367173425003225473e-01
5.897239098242111899e-01
3.013853396879222490e-01
5.359271574715693820e-01
1.802666683943080217e-01
4.994972686655679839e-01
5.743002569836951343e-01
4.501957543993859168e-01
6.378627229936129073e-01
5.420073908208624669e-01
6.002312699950979047e-01
4.240155030122338964e-01
5.529201810723368693e-01
6.243987182728991669e-01
2.928444723669756944e-01
3.719433077175687274e-01
2.911587895262623960e-01
4.362377577101902992e-01
4.286250002694177441e-01
4.085743817818013324e-01
5.773311148805548854e-01
3.127873703120779836e-01
3.500658566058940657e-01
5.024492674300400363e-01
4.777617097773301791e-01
2.497802710064251086e-01
4.196008647335391917e-01
2.310179289952074555e-01
4.579203408006362608e-01
2.706995486631480485e-01
1.583244551574347070e-01
5.229988250961420393e-01
4.086824047883596545e-01
3.590117161101711307e-01
3.726589553158217716e-01
5.706547624223529125e-01
5.033161395667370419e-01
4.506513946546424343e-01
3.888109437574557847e-01
5.571193401201941509e-01
5.671684055240635569e-01
3.526947187922513383e-01
5.813703895637465369e-01
5.644661574533043069e-01
4.870623491075386502e-01
3.543716182226369638e-01
4.165884135927097609e-01
6.239120820013047686e-01
4.837447301434280589e-01
4.015578586149415319e-01
6.404071170545652114e-01
5.832950302248325336e-01
2.661960127718639990e-01
5.408817630849778180e-01
4.168368351076606748e-01
5.582652799277083577e-01
5.431970839752487956e-01
5.742567522601885743e-01
3.122302554487894066e-01
5.567580065948203316e-01
5.256318918445320731e-01
6.387109174039142800e-01
5.132951112670069982e-01
5.623336337743504165e-01
6.062230316760122140e-01
1.904930979861083618e-01
5.734027553214573469e-01
1.962790115773529742e-01
2.906697125465286247e-01
5.587189766176170469e-01
4.739236724260762479e-01
2.911625145112848312e-01
5.223540203976501095e-01
4.899177500029782140e-01
3.626006122691401434e-01
5.493759088577774286e-01
4.622261343268161959e-01
4.381280842931918329e-01
3.972818118558393841e-01
4.485779556117169831e-01
5.320640598828899615e-01
5.875440673605474284e-01
3.614077713059641317e-01
4.725035854452884765e-01
3.793174983584958193e-01
5.702189724353760036e-01
4.485204744508808350e-01
5.337557050070969034e-01
2.906697125465286247e-01
6.136507264393827876e-01
5.583152829508858384e-01
3.752223218756883805e-01
3.996901849258165940e-01
5.211407065683854034e-01
5.514684168555047394e-01
4.283787963044265457e-01
2.706167383733117382e-01
5.321405488820819540e-01
5.431970839752487956e-01
3.790918548806205268e-01
3.044761618610873355e-01
5.766987139103022519e-01
5.693439650552858389e-01
5.040740622838084661e-01
2.041873153666156071e-01
1.047145314148789641e-01
3.176520257172352757e-01
5.350211428496716159e-01
4.808032809298468657e-01
5.718578455872175281e-01
2.865222957420725525e-01
1.706827064205757583e-01
5.593669746504146278e-01
5.412590914494935790e-01
4.524779090158473349e-01
2.493834926447754952e-01
5.334765832877220726e-01
6.154594003071390818e-01
5.773311148805548854e-01
1.208424481879961515e-01
5.594530398067607546e-01
6.205291569964137555e-01
3.259962486903156820e-01
5.946305181356312808e-01
3.462489597243562645e-01
6.333164429043930399e-01
3.147654189515384782e-01
6.340519159293770413e-01
6.030697969308164152e-01
3.126643001870495486e-01
5.170515350882199934e-01
3.947377828305307368e-01
5.599614795783592891e-01
5.570843467972544927e-01
4.064171845204887501e-01
5.026519451560410578e-01
5.238277387228711390e-01
3.492252945795198404e-01
3.969810649967009941e-01
4.743378340511639757e-01
3.293484595628852762e-01
3.358007198407580995e-01
3.939747793411542687e-01
6.468868585294914597e-01
5.367173425003225473e-01
5.087418574586873854e-01
4.041877413835839317e-01
4.711077316550535410e-01
5.321405488820819540e-01
3.940962557613065798e-01
2.043794496741583866e-01
3.602151022587775087e-01
4.085473503311119470e-01
5.164103048703051480e-01
3.118249016598198531e-01
5.278187528252347160e-01
4.779605213684214871e-01
3.449237744233442093e-01
4.749988275399684157e-01
2.908182622010630491e-01
4.037777828653754675e-01
3.084024034442988671e-01
5.367173425003225473e-01
4.297359256542668260e-01
6.306330680702929570e-01
5.061022290075106733e-01
5.243022222802010690e-01
5.005075293392345914e-01
4.621888547498848032e-01
6.306330680702929570e-01
2.685463507872278832e-01
4.560568458965396088e-01
5.362816845165538915e-01
4.744629433659116047e-01
2.821591134573023241e-01
5.664412210532854264e-01
5.425172730653149422e-01
5.229940889873320176e-01
5.702189724353760036e-01
5.482940118099465243e-01
5.909328765903419933e-01
1.370874257180392242e-01
2.157973071711688784e-01
2.906697125465286247e-01
6.222253566470645758e-01
2.889247992426205447e-01
3.608135023207618697e-01
4.647681563836612018e-01
6.306330680702929570e-01
5.377170704613029040e-01
3.996198660891863153e-01
3.083729601806606269e-01
5.639459791664845900e-01
4.814935252902119434e-01
3.536781897785848394e-01
4.133369632635731095e-01
3.754171179707594397e-01
4.855520062323300245e-01
5.185479461161591752e-01
5.780268559792404170e-01
3.100865811366191327e-01
4.699456218702825483e-01
2.887536417000277633e-01
4.347397785465004216e-01
4.814935252902119434e-01
5.387208323156009726e-01
5.702189724353760036e-01
4.848048797146637390e-01
2.325797041661266940e-01
2.575070155042216147e-01
3.539351136513632645e-01
5.367173425003225473e-01
5.794690473649833917e-01
5.492411443918298053e-01
5.367173425003225473e-01
5.118389637121435465e-01
5.801057946707932622e-01
3.837900599568045967e-01
4.622359480897452189e-01
5.235468049216591702e-01
4.619052946045256181e-01
3.050929849976088404e-01
4.891598305080323006e-01
4.762032749112177776e-01
6.208456077679380680e-01
4.473260736671167970e-01
3.425693225851608736e-01
5.605459872900971918e-01
5.038687719336787385e-01
2.314535514316554132e-01
2.455424764904142743e-01
4.024710452725701049e-01
2.704052420014809721e-01
5.187632537428257251e-01
3.328984096823729977e-01
5.599614795783592891e-01
4.158594906292846227e-01
3.122164085201193928e-01
4.147871457285754460e-01
5.551863811781955205e-01
5.132951112670069982e-01
6.423100649112508664e-01
4.341267731090657778e-01
4.740408158149317375e-01
6.306330680702929570e-01
5.144723123445500423e-01
4.463553736273965233e-01
2.498021446656146782e-01
5.027800545815004352e-01
2.088306867258361565e-01
3.329241624689140977e-01
5.524186709494756098e-01
2.795266595364052642e-01
2.443948410133410798e-01
4.300092348670166986e-01
4.693624584085389073e-01
3.650324229764763118e-01
3.560259252519548667e-01
5.468967734411780413e-01
2.547578239744101580e-01
5.614428064853541622e-01
5.987989072356373343e-01
6.306330680702929570e-01
2.553400742234073206e-01
4.792137298932951373e-01
2.383046976531104921e-01
3.083729601806606269e-01
3.564371263672932999e-01
2.863287972281449711e-01
5.303343776704273482e-01
5.118335112520646657e-01
5.806516979922984323e-01
5.579003338798879108e-01
5.559997072008773245e-01
5.051191701414298185e-01
4.240176607969614597e-01
1.745532106365144109e-01
5.122835122678994768e-01
5.554458298461963928e-01
3.460199387313209751e-01
1.296441752600582531e-01
4.385340733605937458e-01
2.827808257016279914e-01
5.386202903570082023e-01
4.734074613033934509e-01
5.620991104302598407e-01
6.195765329771262264e-01
2.604727026895741759e-01
2.536292822936875302e-01
3.083729601806606269e-01
4.985710567212862654e-01
5.367173425003225473e-01
3.125311984418286393e-01
2.069021654822451872e-01
4.385340733605937458e-01
2.353015782036509962e-01
2.861612671752916670e-01
3.937843014140266495e-01
2.497802710064251086e-01
3.047988186543127420e-01
3.126286804205379855e-01
4.507643007405119917e-01
5.649933292077351510e-01
4.552281882728829721e-01
5.708513734056286371e-01
3.751448612497317314e-01
5.218283104488266044e-01
6.341341237856737978e-01
5.987989072356373343e-01
2.551193638197591929e-01
3.704656066372807310e-01
4.047945207389874733e-01
5.350211428496716159e-01
3.172719142677549176e-01
4.833133616402915389e-01
4.752197986239680150e-01
1.549596392257483191e-01
6.201000794245478120e-01
2.399763357682203890e-01
6.360853209977179734e-01
5.428346154301626481e-01
4.297734597791171840e-01
2.522742138569289971e-01
4.522580342860531566e-01
3.614377375933379155e-01
5.141780792720730409e-01
2.884899484532736369e-01
5.051191701414298185e-01
5.066983730619077919e-01
4.868606598465066715e-01
4.647191473342481283e-01
5.220191798122395532e-01
5.582652799277083577e-01
3.754065694592639835e-01
5.046778200130167535e-01
2.791829768148302859e-01
4.305652321724347531e-01
6.155232858063073298e-01
4.200129549476522284e-01
5.593999225472630066e-01
4.431371250154505503e-01
5.512898641190014937e-01
4.282344492370736555e-01
5.040740622838084661e-01
4.146490430366117086e-01
4.023157813320129561e-01
5.007273318310525578e-01
3.806117171619976536e-01
5.992073117538717630e-01
3.062702049921470770e-01
4.482385572777368710e-01
6.306330680702929570e-01
3.639510117420277080e-01
5.461080397201393266e-01
5.356419335660881353e-01
4.196008647335391917e-01
3.449237744233442093e-01
4.792137298932951373e-01
5.871964688209654337e-01
5.347793499745673307e-01
4.095903113176568300e-01
4.114239213190349354e-01
4.248019956929782182e-01
5.925645574382435443e-01
5.773311148805548854e-01
3.354676548544082704e-01
4.216411575629852027e-01
4.257116912295360045e-01
1.566323242198454924e-01
5.420734612329766167e-01
5.794801888515207500e-01
4.942800258310717232e-01
5.706547624223529125e-01
5.571193401201941509e-01
3.114556114591723879e-01
5.304443492314311337e-01
6.408619065647351842e-01
4.288386539062784553e-01
5.178133749745124081e-01
5.431970839752487956e-01
4.552281882728829721e-01
4.353374217207975905e-01
4.074708553326859550e-01
4.161501334223752790e-01
4.088544181690760837e-01
3.312130173526574572e-01
5.706547624223529125e-01
3.817143758199429415e-01
6.051841001133850817e-01
6.009254957593160862e-01
3.915077172290153396e-01
5.702189724353760036e-01
4.585948206518670189e-01
3.212013324510070711e-01
5.431970839752487956e-01
5.632231803204076348e-01
3.516068230820899032e-01
6.306330680702929570e-01
1.987019936606641002e-01
4.344163257843229875e-01
6.155122127119833086e-01
5.248710097610461700e-01
3.231969095574347972e-01
1.811802397321522207e-01
2.623009039894172445e-01
3.217748089560532598e-01
2.883977625056444172e-01
5.156888911224594141e-01
5.637606992554564656e-01
4.307133083823914688e-01
5.114233999427409971e-01
4.547210300757397183e-01
4.647191473342481283e-01
3.062702049921470770e-01
6.216089325344144045e-01
4.015578586149415319e-01
5.122835122678994768e-01
4.006290517162519049e-01
4.798059765269827581e-01
4.872359355091638311e-01
4.953394665346849690e-01
2.737953893488372925e-01
2.551924081588521354e-01
5.029801428618888570e-01
6.038220366499224001e-01
1.764992996362165223e-01
5.624788212967758438e-01
3.939807051418713901e-01
5.386202903570082023e-01
5.472698211599221763e-01
1.715003623563683410e-01
4.469205408942695801e-01
5.503862713921874317e-01
2.844945152576789926e-01
4.698710954573731002e-01
3.336713431390776474e-01
5.528708054281870066e-01
5.367173425003225473e-01
4.029527132344353224e-01
5.987989072356373343e-01
4.023157813320129561e-01
3.176520257172352757e-01
4.115397082969706744e-01
3.539302300523543554e-01
6.134831359976602450e-01
4.117212853620970670e-01
4.205901488501349039e-01
4.248932069995963179e-01
5.482940118099465243e-01
6.088452395494580172e-01
4.814935252902119434e-01
5.033161395667370419e-01
3.483125902013294306e-01
5.383778480676949529e-01
4.867715900061093115e-01
4.344687990344675010e-01
5.480136145446093954e-01
3.350130184471719064e-01
5.431970839752487956e-01
4.384836383647126024e-01
6.306330680702929570e-01
3.570755192438067604e-01
5.067865841538746752e-01
3.215880311723994245e-01
3.839365287418666783e-01
3.981172886405086042e-01
5.035438426064801076e-01
4.322019222822418572e-01
4.060723618940434432e-01
5.533421956410431441e-01
4.364828688549202140e-01
4.734308500891713511e-01
3.195685376831187696e-01
5.583763581329315162e-01
6.468868585294914597e-01
6.468868585294914597e-01
5.448364668465653926e-01
4.887069792622938391e-01
4.611938923126026602e-01
2.866665338807937169e-01
5.302025563563268484e-01
6.408619065647351842e-01
4.563057026063196964e-01
5.140288237641627012e-01
3.015245707474680237e-01
1.946050828427909607e-01
5.131543734999751694e-01
2.908617808524672776e-01
5.367173425003225473e-01
5.064563725156144836e-01
5.223540203976501095e-01
4.915629460045569665e-01
2.051929559279922488e-01
4.719010608547126173e-01
4.740450623685362186e-01
4.269640509841743370e-01
4.940944471978226393e-01
3.057364131209113767e-01
1.156827730959679307e-01
5.524201907533430322e-01
2.805733352179587414e-01
6.088452395494580172e-01
5.116556871316954025e-01
2.041873153666156071e-01
5.068153697920807499e-01
3.001405786408021248e-01
1.823087664455819712e-01
6.287050981219908241e-01
5.343881059773495368e-01
3.746262989108484209e-01
4.187423488156847284e-01
4.363859923239968852e-01
5.144723123445500423e-01
3.340359216567055922e-01
5.529201810723368693e-01
5.223540203976501095e-01
6.009254957593160862e-01
5.234982121500800778e-01
5.664412210532854264e-01
4.730089630542733681e-01
2.292575939747484304e-01
5.551863811781955205e-01
1.379992559647480188e-01
4.635053057000292909e-01
5.476848377916172517e-01
4.541032181624304886e-01
5.367173425003225473e-01
3.083729601806606269e-01
4.281050682153543230e-01
3.334031770623532842e-01
4.209376987460149988e-01
5.773311148805548854e-01
5.691551737549778167e-01
4.778395361665072616e-01
5.624788212967758438e-01
4.683395066138212881e-01
1.999793770660119319e-01
3.153792921801431559e-01
3.447798283547138798e-01
4.444359266169496392e-01
2.798858642761816173e-01
4.886205575933458278e-01
3.166323869951664927e-01
5.509373440424806256e-01
5.258808942775389239e-01
5.518355414759595901e-01
3.450421999063526535e-01
4.641985220034923754e-01
5.987989072356373343e-01
4.173830626165726532e-01
4.117212853620970670e-01
4.279086092956169707e-01
4.179372252852746605e-01
3.370503224953153576e-01
5.350211428496716159e-01
5.973455743633568904e-01
2.873135032240224374e-01
5.695701228259757443e-01
5.238277387228711390e-01
2.156011045663225878e-01
5.184986397996786955e-01
4.985710567212862654e-01
5.677999739386481171e-01
1.645770784603761139e-01
5.752967214511843785e-01
3.014436406198637286e-01
6.875149004045696954e-02
3.956322024777039204e-01
5.593999225472630066e-01
6.201000794245478120e-01
5.310985858190038211e-01
5.341729484393702432e-01
5.512898641190014937e-01
5.431970839752487956e-01
6.275587054499266459e-01
1.573645398837708598e-01
5.272961834094335165e-01
