4.350672965917348756e-01
4.727953083780173649e-01
4.267060965509155146e-01
1.526796755507258685e-01
5.589689245885655078e-01
2.724953415123245737e-01
3.546771747797755614e-01
1.842379175627494592e-01
2.119992302053093358e-01
3.044938893722623496e-01
2.279880747384888384e-01
3.205003301409853345e-01
2.611563063531067153e-01
1.947830750333868766e-01
3.119516998880567660e-01
4.718143580293249206e-01
4.590167430262065973e-01
3.735373858405274250e-01
2.302037675065507216e-01
3.574957844062149337e-01
2.933972261352931765e-01
4.557645090969224544e-01
4.748766367433983060e-01
5.388810783898452250e-01
3.391247407525914137e-01
2.498242134193097430e-01
3.427179946804664312e-01
4.016563220946711699e-01
5.104380571093382057e-01
3.713539582944541118e-01
1.613765442632238423e-01
3.845599973564393093e-01
2.979768325652050742e-01
5.326855098877711914e-01
5.664412210532854264e-01
6.089063423794196517e-01
3.203360710652696786e-01
5.132951112670069982e-01
3.871555902649087555e-01
1.959435686623423878e-01
2.503054435878574457e-01
3.093453309444517130e-01
6.306330680702929570e-01
4.416658609105083011e-01
1.490448914386731938e-01
5.545749460592418467e-01
3.077491409780395148e-01
3.520013023012455999e-01
3.563733814983147119e-01
1.346746084014637246e-01
3.845817422345461645e-01
8.945067251163402178e-02
3.919229913189363756e-01
4.295122421641857646e-01
5.051191701414298185e-01
5.304443492314311337e-01
2.974247714499427264e-01
2.583774645121050817e-01
4.248019956929782182e-01
4.094403275054311342e-01
2.661960127718639990e-01
1.870722722616303124e-01
4.629956801862259996e-01
4.259508319834886536e-01
4.231844921975255747e-01
3.423717902818550485e-01
3.558748697191932431e-01
1.080853923659280819e-01
2.046501410658027875e-01
1.857018836572456311e-01
2.719545112715989199e-01
2.352493387135186353e-01
3.908454426854534036e-01
4.150037333706041998e-01
1.045979214437123828e-01
1.947830750333868766e-01
1.314838395314176234e-01
6.468868585294914597e-01
2.543280238149033812e-01
2.847339615938618285e-01
2.937971093787049015e-01
3.648855064199013620e-01
5.484147548327463761e-01
2.833717651917350144e-01
2.653416383247450550e-01
1.824339754383427492e-01
2.417002984999410686e-01
4.020200015353292966e-01
1.450333227737470865e-01
6.243987182728991669e-01
2.960823746975423387e-01
5.141780792720730409e-01
1.521939556100639079e-01
2.811341456513816173e-01
1.795284430504615336e-01
3.387467804357084389e-01
3.453862507817573868e-01
6.306330680702929570e-01
5.221877301355594136e-01
5.553846859601186958e-01
4.023157813320129561e-01
5.102207486466405761e-01
3.180358092465152553e-01
3.788394493633282512e-01
3.672337257318025738e-01
2.916139746302991442e-01
1.183211293272474068e-01
4.167257949443070042e-01
1.947868304726928235e-01
4.245254623798206950e-01
4.160194127759709454e-02
4.743378340511639757e-01
4.215644871893062251e-01
4.893787572053360790e-01
3.593214627817471474e-01
6.030298859167007031e-01
1.036666554395859197e-01
4.211942957289587230e-01
4.460729811387632027e-01
2.084036259966896565e-01
3.704656066372807310e-01
1.733374841627845220e-01
2.405015092851085501e-01
1.796174880493102699e-01
2.877861118160970344e-01
3.735364868674971306e-01
3.843988042891000045e-01
2.388459717156466711e-01
3.312597564665856753e-01
4.219598562348131909e-01
3.600416947370904674e-01
3.689264242831873930e-01
4.550617292129888747e-01
1.860460212182217798e-01
3.106057325008420578e-01
5.165558110713421858e-01
3.381519716925056596e-01
1.862132608640168496e-01
3.827849203839822634e-01
4.086824047883596545e-01
1.532366425080574079e-01
4.569986505379057817e-01
3.643294726317068410e-01
1.234940543192619006e-01
3.683703190885329048e-01
2.357068049785099317e-01
5.743002569836951343e-01
5.304575539177200927e-01
2.801106305043892242e-01
1.632325606139037322e-01
1.708322588837350164e-01
4.241771206725699073e-01
5.341200014328293388e-01
2.867380216214242550e-01
4.052575480808707775e-01
3.341889890430889132e-01
4.313098030248370129e-01
4.573628364759135256e-01
4.418836811714717538e-01
3.113030699028919712e-01
3.172719142677549176e-01
1.266176872930299957e-01
3.394929324163031836e-01
5.624788212967758438e-01
2.010701722734161145e-01
4.130657408448490386e-01
3.257573304709054929e-01
2.510285398049414418e-01
3.829711802369377138e-01
5.500122693006413988e-01
1.767232335166351864e-01
2.720498964780871942e-01
2.838464169232310375e-01
5.431970839752487956e-01
2.524652208362850869e-01
1.789485393403857927e-01
1.562564080817793188e-01
3.790918548806205268e-01
4.858702970454262804e-01
1.666212164289459507e-01
2.967150199257000409e-01
3.793804135821133294e-01
3.747653943293022261e-01
3.328984096823729977e-01
5.401098453254001841e-01
3.373181711407026162e-01
3.168809622366883239e-01
1.934254303513365525e-01
3.823208334824885202e-01
3.575641525056694747e-01
2.958740883942821975e-01
2.304227727821422655e-01
3.142308729989830018e-01
2.688883896011318719e-01
2.660017622554072814e-01
4.207495463620229414e-01
5.431970839752487956e-01
5.342730482391849778e-01
3.794763528902577732e-01
2.871982989311147594e-01
5.132951112670069982e-01
1.408218817108448095e-01
3.075313949299034455e-01
2.653983817227682507e-01
6.468868585294914597e-01
1.587760153702203192e-01
4.291659240557241239e-01
4.019676268198631441e-01
3.112130046335766509e-01
3.388518959416798593e-01
5.431970839752487956e-01
2.777113746985231946e-01
2.179581028191514558e-01
3.956589128591725402e-01
3.907778381258161793e-01
4.128624976877825481e-01
2.035840311859246632e-01
4.508480503319177712e-01
2.037939658662558662e-01
2.850774351890942859e-01
4.338115145239972992e-01
5.421499003411922590e-01
4.790486690280135185e-01
3.829688858756624126e-01
3.790918548806205268e-01
3.387467804357084389e-01
4.299415250166314650e-01
6.241533265953668197e-01
3.949029194677327048e-01
1.973828783245029639e-01
5.876900591670876084e-01
3.783339321635491026e-01
4.840760813747399527e-01
2.535431824215370056e-01
1.943104780825400946e-01
4.453917847148400888e-01
3.735373858405274250e-01
5.367173425003225473e-01
1.397359681275983645e-01
3.703762799622946078e-01
8.552759900542136751e-02
3.780231309214602264e-01
4.146490430366117086e-01
1.542918517292986014e-01
2.745003072689869428e-01
2.786580424628100072e-01
3.465702175953924713e-01
2.938855893622464022e-01
2.391602196966252369e-01
5.801405514273533237e-01
3.573396629645016476e-01
7.270030126197826736e-02
4.626118384508069448e-01
2.389797487560205158e-01
3.866685753415916582e-01
5.285178615648244982e-01
4.015578586149415319e-01
3.083729601806606269e-01
2.752923782805860031e-01
4.308961380228431004e-01
5.664412210532854264e-01
1.174435510027816709e-01
3.977389877137724183e-01
3.483125902013294306e-01
5.761464657038785075e-01
4.765066203626477925e-01
6.241283045037502308e-01
4.181346254814326535e-01
6.423100649112508664e-01
2.531738631178199750e-01
3.172719142677549176e-01
5.582652799277083577e-01
2.524381147570102235e-01
3.520063396268254263e-01
3.715855525185347008e-01
3.084727718600868696e-01
3.186184080047702039e-01
1.720233358890781161e-01
3.845599973564393093e-01
2.705800046868134245e-01
4.006508899320603834e-01
2.379346170962458595e-01
2.202826039608911934e-01
5.529201810723368693e-01
4.037678851193028939e-01
3.918185042313880317e-01
3.950043295293140799e-01
5.567580065948203316e-01
3.647657333608335661e-01
2.622714372354442713e-01
2.020604287443531488e-01
3.933962686287142962e-01
3.008356337385626467e-01
1.643627612735298615e-01
4.015578586149415319e-01
5.045592946441160853e-01
2.976235912522572358e-01
2.512565479072170760e-01
4.485227456336400853e-01
2.173926466003736901e-01
2.920793961154105056e-01
5.068153697920807499e-01
1.922989716188769349e-01
3.298824471522636137e-01
4.255366568462614629e-01
8.877238244496291064e-02
2.574299897612756238e-01
2.797675473060468043e-01
2.749218697007200229e-01
3.181890720392226424e-01
4.044899815420085476e-01
4.037777828653754675e-01
5.966765251449029916e-01
5.235348510437233260e-01
6.416505925255580611e-02
3.894562150405161960e-01
3.377745426105814297e-01
5.319083924490616289e-01
3.098376778619277294e-01
3.771745290681851603e-01
1.308091355865514116e-01
2.018743539037683443e-01
6.019875807886159169e-01
5.151230894086703538e-01
5.234011875053207197e-01
1.934254303513365525e-01
7.553928334891647778e-02
1.660308022492442137e-01
5.431970839752487956e-01
6.960914575472737509e-02
3.827474352146524872e-01
3.768152832722928558e-01
1.188419223124716484e-01
3.373081215389707732e-01
2.308770232618885532e-01
3.315679839579315780e-01
1.936650997417595499e-01
3.528665463290808213e-01
2.426553717504096597e-01
2.576170100358624593e-01
4.184504341145154904e-01
4.036981666374214739e-01
5.269452925851093594e-01
4.023157813320129561e-01
4.385340733605937458e-01
3.925337230790629794e-01
6.468868585294914597e-01
3.172719142677549176e-01
8.902793774589605469e-02
2.903803121426888345e-01
1.472584636454570828e-01
3.781406768681312425e-01
4.130962595708464469e-01
2.453128820629694451e-01
3.699622041912620229e-01
2.177018332457400784e-01
4.206565518687581107e-01
5.108250321020122442e-01
2.832980078274381919e-01
2.827030494113063619e-01
5.214271874146523267e-01
3.239307489647615945e-01
3.149153037093881946e-01
8.079763541247736436e-02
3.208635103600612770e-01
4.580331167542091575e-01
1.668638740809738341e-01
1.502959835467538308e-01
4.024944771932546517e-01
3.220648168864697625e-01
5.068153697920807499e-01
5.830190698263868487e-01
2.635463573777738766e-01
2.958653573694796646e-01
3.558041894848029685e-01
3.485990774918474866e-01
3.950430724709457775e-01
4.979997737561673854e-01
2.908182622010630491e-01
3.235812962478310517e-01
5.101969766358005476e-01
2.828669718268712052e-01
2.509511920573188615e-01
5.766987139103022519e-01
3.965606519283358389e-01
2.191680157468610390e-01
3.683663664759307954e-01
3.369772092443112932e-01
5.695701228259757443e-01
3.996198660891863153e-01
2.352493387135186353e-01
2.563013774016698054e-01
2.645194474031408727e-01
3.271994239456074149e-01
4.015292586127433005e-01
2.850226051100144820e-01
2.521190228819247814e-01
5.664412210532854264e-01
3.755660258009282937e-01
2.891496574573158007e-01
4.114574838103484122e-01
2.266535164821118220e-01
5.866615223893850706e-01
4.122713355591935969e-01
5.603487732496447160e-01
2.699953859676530454e-01
6.659502513710148508e-02
4.377216000578496025e-01
7.977378204624106794e-02
2.368776837260133106e-01
4.079988741943196273e-01
1.995113748662088182e-01
4.015578586149415319e-01
3.010401846628469325e-01
1.587760153702203192e-01
2.481127056580186840e-01
4.115373683062398258e-01
2.646333345742726273e-01
3.952303786831908861e-01
4.073261789848891534e-01
3.642425270035674623e-01
3.280337992830339444e-01
1.883445393473524299e-01
1.971346417179831723e-01
3.742687654148406096e-01
2.635463573777738766e-01
3.074869995485292051e-01
2.082178638062233689e-01
2.768935362449087556e-01
5.105873126172486565e-01
1.900526595113486705e-01
3.873928412941922694e-01
6.134831359976602450e-01
3.121536860003980007e-01
2.275164434898532262e-01
4.038602936014745182e-01
3.389472987139494076e-01
5.599614795783592891e-01
3.494536945338389544e-01
3.724317349712749081e-01
4.637439876648785098e-01
7.861477683141364359e-02
8.469933853472445817e-02
2.467512488896163592e-01
6.569053135846640579e-02
3.558041894848029685e-01
5.032062190400444779e-01
4.050901126129935470e-01
4.363859923239968852e-01
4.295016963551182010e-01
3.602738511701108481e-01
2.942635744167385048e-01
3.835766893472952743e-01
4.666394530931256557e-01
2.349943697354972549e-01
3.387467804357084389e-01
5.190038026695861229e-01
2.855037369517628987e-01
3.682644475263905370e-01
3.899640341891567052e-01
5.367512145235685539e-01
3.634519899316124292e-01
3.031393015519094347e-01
3.062702049921470770e-01
5.118389637121435465e-01
1.189044527519340089e-01
2.827075907374295149e-01
1.963150811941680729e-01
3.561091278095928070e-01
3.949574877231262215e-01
4.232910746021415482e-01
3.493880861329538012e-01
2.011002313787937923e-01
3.127268526616931443e-01
3.032064566770013014e-01
5.925645574382435443e-01
3.729075109127716336e-01
3.996901849258165940e-01
5.160797709155497959e-01
4.173830626165726532e-01
3.334308278887263000e-01
3.905957305533077628e-01
5.185479461161591752e-01
2.884201349706581041e-01
4.748834179664809252e-01
3.448596289714012664e-01
1.920709731829779721e-01
4.675762669738233179e-01
1.616702699028954304e-01
3.459710996230461744e-01
2.595237213351981875e-01
4.985710567212862654e-01
1.416119550045987774e-01
2.631235835307711435e-01
3.115207158572567692e-01
2.527609234058948995e-01
2.952495400558294847e-01
3.425699860312069189e-01
5.259970073137930635e-01
1.732435900728521994e-01
2.883977625056444172e-01
5.614428064853541622e-01
3.339539086870352280e-01
3.988130807735053573e-01
4.309267087186075540e-01
2.524921583256356517e-01
5.645783801367372234e-01
2.932193124190454747e-01
3.614332436636422674e-01
3.382759788324338768e-01
2.779809595498877184e-01
4.248371414952143987e-01
3.605672078244364642e-01
2.228397776993776003e-01
4.797195900935367630e-01
3.340359216567055922e-01
2.767550650872966367e-01
4.530568039927447832e-01
5.251415011730270477e-01
3.630683665731544996e-01
2.263615645705893409e-01
3.280337992830339444e-01
3.354890421805178935e-01
4.065495333277246992e-01
5.574170855174068739e-01
2.556303305693102823e-01
4.021729520936763169e-01
1.591950157963777646e-01
8.067260405238033116e-02
4.497333760559534266e-01
3.086388497737094783e-01
4.052575480808707775e-01
4.015578586149415319e-01
2.722846048345484160e-01
1.898204316718683227e-01
1.152834209835753715e-01
3.776599104777846327e-01
5.367173425003225473e-01
5.158742789227238612e-01
3.842031877992863609e-01
2.720443835251994402e-01
4.448237457025798758e-01
2.935765802456041795e-01
3.739670466171189922e-01
2.876324731780343646e-01
1.619627403687534384e-01
3.787254505611368782e-01
5.237663029745817100e-01
3.073215604472830931e-01
2.906697125465286247e-01
3.051528299513290854e-01
3.083729601806606269e-01
2.418093324224078744e-01
2.805926866804142605e-01
5.237663029745817100e-01
3.061453413904580700e-01
5.214601761597376095e-01
4.513319692083331280e-01
3.525483799316068700e-01
5.259970073137930635e-01
2.103275895956506214e-01
5.570843467972544927e-01
1.220209088048132134e-01
2.334439359268394576e-01
5.678491421194878930e-01
4.239035299915617783e-01
2.501883089299228313e-01
3.704921527942854897e-01
2.018336536767703360e-01
3.810855857091043908e-01
2.981826941670141506e-01
2.956392620664497484e-01
2.225677876871943461e-01
3.631179384551446176e-01
2.791757538487277812e-01
4.231727479656300361e-01
1.537380696871704089e-01
4.013677462431552434e-01
4.824364474894485832e-01
2.486252678794179938e-01
3.013375723001833761e-01
1.172324843169847836e-01
3.977450589258977320e-01
2.497234506931466369e-01
2.855037369517628987e-01
1.462361966043899675e-01
4.184335471623525926e-01
3.643010164818237806e-01
1.746554425479917849e-01
2.609510398051302360e-01
4.040244330427865127e-01
1.715480944046656742e-01
3.822370156028088162e-01
2.983174800445058117e-01
3.418247780294607074e-01
3.683318184299551601e-01
4.050608193341029839e-01
4.087240912975965701e-01
3.100865811366191327e-01
6.241533265953668197e-01
5.501879666102642563e-01
2.849267796156598198e-01
5.108250321020122442e-01
6.387109174039142800e-01
5.114233999427409971e-01
4.491313135805460877e-01
3.287036027906867219e-01
5.599614795783592891e-01
2.982017806875973398e-01
3.776938023534816002e-01
3.926237327407275379e-01
4.177149034030900876e-01
3.708544785264517030e-01
2.144585685706705547e-01
5.304443492314311337e-01
2.790542950982962123e-01
3.328984096823729977e-01
5.437133449889078873e-01
2.833508741769006356e-01
2.872506853917483061e-01
1.758699191488243552e-01
3.381295592107714243e-01
4.905803363651424220e-01
4.248048921759745022e-01
4.766975743328414894e-01
5.068153697920807499e-01
2.775230418754999206e-01
4.352150437291266161e-01
5.491470897153173381e-01
2.779555583907904470e-01
4.917248243452445045e-01
3.311339324636017323e-01
2.565707172675525394e-01
5.840571168635788624e-01
4.788756037792122333e-01
1.553553251828947157e-01
4.104627226000042151e-01
4.908353183356055638e-01
4.404137237943519523e-01
3.443884973601060162e-01
1.985310789208229454e-01
2.073773757847974242e-01
2.979768325652050742e-01
5.611736870752231932e-01
1.665413819279704111e-01
2.821280560126997461e-01
3.436589085600255111e-01
2.989384522393488397e-01
4.287028987926314594e-01
5.840151087654235074e-01
1.857084150096883213e-01
2.674266642351114664e-01
4.232910746021415482e-01
3.873928412941922694e-01
2.972900398288878532e-01
2.563851391540011293e-01
2.914015511178243423e-01
5.051191701414298185e-01
3.996198660891863153e-01
3.265023702984855558e-01
4.061747522093707152e-01
4.229130895476494456e-01
3.604701944051467710e-01
6.104541730224464224e-01
5.325870487986508195e-01
5.256318918445320731e-01
3.860928177795304728e-01
4.265658243290568197e-01
2.068954274980087382e-01
1.798248166537033954e-01
3.752326865181480064e-01
1.717648651881534816e-01
1.391312996801924995e-01
3.715049337937745277e-01
2.802688447686212392e-01
2.034189069175272591e-01
4.378776499891633978e-01
3.051694285752244440e-01
4.013434486100913023e-01
3.095692332272520497e-01
2.504261691488156027e-01
4.146490430366117086e-01
2.047639067316192052e-01
4.241180781320527671e-01
3.310769512519244895e-01
3.119488986136736974e-01
4.995782915072367047e-01
2.227891551965769934e-01
3.550009507939039244e-01
2.481112986285458066e-01
1.979778090927187262e-01
3.668240040917922218e-01
4.121809293682064945e-01
5.176454262532158568e-01
3.626006122691401434e-01
5.630903813510494960e-01
3.096924720461443070e-01
1.831637287747056864e-01
4.618815161494344013e-01
4.506513946546424343e-01
3.223550640856937544e-01
2.389797487560205158e-01
3.260260375529047683e-01
3.220156183552860818e-01
3.989154152733028202e-01
4.924863647817392942e-01
5.974947127833821203e-02
2.162807010489975756e-01
1.673801271952284064e-01
2.475638635501268559e-01
2.834923834870939352e-01
3.703140116583372166e-01
1.898496622752198493e-01
2.566958165001653192e-01
4.477994357168739725e-01
3.862412957157864146e-01
2.169401759812090158e-01
1.720533806508000862e-01
2.354608503644609330e-01
2.181392841864716325e-01
2.412748615141959985e-01
6.243987182728991669e-01
3.598735904183113510e-01
1.796174880493102699e-01
1.971346417179831723e-01
3.159806609631000129e-01
2.719361013973826124e-01
1.188142475800058329e-01
1.629488861350570084e-01
3.907502985147446317e-01
5.256318918445320731e-01
3.426723644974273286e-01
5.642168366535045276e-01
2.747350583445966610e-01
4.527355871778245833e-01
4.089117719000434636e-01
9.431132811564074681e-02
3.083729601806606269e-01
4.652727103757779981e-01
3.280337992830339444e-01
3.081847066635018950e-01
5.829143806803842587e-01
5.051191701414298185e-01
3.861595982026019835e-01
5.007372841453805457e-01
5.485099423462408419e-01
4.099051653700586106e-01
3.308368876188487184e-01
1.834981307352824553e-01
3.238347458377432431e-01
4.170642036699830912e-01
3.387467804357084389e-01
4.148817611588743182e-01
6.140751274597916476e-01
3.510007074845510333e-01
1.297283262659447156e-01
1.437698612374733731e-01
3.043226521080469871e-01
2.808063157875448912e-01
3.251804127357648677e-01
5.092546136312572358e-01
4.497333760559534266e-01
2.920918480715936072e-01
1.051831427003518116e-01
4.003777888062577950e-01
3.195523251945925347e-01
4.248019956929782182e-01
2.978221903909408774e-01
3.489749022670631806e-01
3.755673744163830485e-01
3.746492639351459153e-01
3.913343944180485701e-01
2.249866002360957629e-01
4.402005499423806145e-01
3.590117161101711307e-01
4.013257021819210957e-01
4.422017449806255329e-01
1.725289678381028979e-01
2.585220868113441983e-01
1.405908653905737493e-01
3.234323364478951524e-01
2.924197284500438809e-01
1.272215675669488844e-01
5.695701228259757443e-01
5.068466063245005149e-01
2.624380196715653257e-01
4.743378340511639757e-01
3.627348100567479583e-01
5.068153697920807499e-01
2.149152081006077408e-01
3.909488496333635710e-01
4.976778555572711760e-01
4.326704012526878529e-01
4.795905385601405002e-01
5.276932069644439949e-01
2.764264655512100877e-01
2.234021803825231023e-01
1.649783896251070525e-01
1.412294404730904118e-01
4.297733119770996701e-01
4.121442343472148107e-01
5.805346067810890354e-01
4.893136211056938190e-01
5.296266683501503758e-01
5.192509451046306568e-01
2.968425668304009446e-01
3.136596320254358417e-01
2.772027051166148226e-01
8.526838305803735585e-02
5.631282982852038321e-01
4.422297910890466421e-01
3.780486405934311289e-01
1.741303486487867369e-01
2.136792053104480393e-01
4.789291234925858731e-01
2.821591134573023241e-01
5.468967734411780413e-01
3.000450891829611888e-01
4.048536316717180616e-01
3.229935636041691427e-01
4.286250002694177441e-01
2.558101580202595260e-01
2.499848684956206546e-01
2.410701432472618366e-01
1.932098861582904614e-01
3.719083401716334891e-01
4.155893452320127412e-01
5.536884863094678755e-01
3.813490323073441823e-01
7.036168294877986895e-02
5.157759677144116983e-01
1.170662676440841765e-01
2.769652434018957110e-01
5.283633072194665603e-01
3.438325133589482663e-01
1.051081637347109493e-01
2.587657986181267078e-01
4.948758048498251294e-01
2.592342052466569680e-01
3.715984943417419695e-01
2.536292822936875302e-01
3.919669379933419240e-01
3.549361145598174949e-01
1.870586488029585270e-01
4.691768572204109145e-01
1.484489785457998590e-01
6.299045168985812904e-01
3.460775165559238364e-01
1.338799451378846761e-01
3.937211008763880637e-01
2.138013024574979271e-01
3.606140050405642339e-01
4.078021844248770900e-01
5.130054082951834848e-01
2.470281275938456533e-01
4.323777731105566402e-01
2.665109158837258851e-01
2.304213243847348103e-01
1.820262757340889159e-01
5.296266683501503758e-01
5.773311148805548854e-01
2.729090117112951686e-01
4.089770083013360980e-01
3.912489641243765970e-01
3.881507640112636937e-01
6.241533265953668197e-01
5.909328765903419933e-01
3.632422644815633817e-01
2.150334797531057163e-01
3.427049198146555620e-01
3.107801572787491917e-01
5.691551737549778167e-01
4.572709559026354453e-01
4.403285370310083824e-01
4.955759202438024813e-01
3.317631157776977369e-01
2.917750925493552971e-01
5.250498747319097825e-01
4.375859697755830613e-01
4.052575480808707775e-01
3.606140050405642339e-01
2.467809887966848637e-01
3.083729601806606269e-01
2.524159404007485508e-01
1.421078896029726868e-01
1.946571463632920940e-01
6.071598455567098762e-01
3.720007429371308127e-01
2.984881039615305820e-01
1.631177973364391909e-01
4.418836811714717538e-01
1.715480944046656742e-01
5.104380571093382057e-01
1.124538841939178718e-01
3.387467804357084389e-01
5.214271874146523267e-01
3.658024883256774662e-01
5.664412210532854264e-01
5.317100876671384535e-01
1.605463851290578337e-01
4.432023966522452563e-01
3.083729601806606269e-01
3.591261115456245157e-01
5.567580065948203316e-01
4.103038882325118486e-01
3.977450589258977320e-01
1.177080155848182624e-01
5.508463468513027372e-01
2.029979781011939932e-01
2.868562651063084612e-01
1.532982301120061064e-01
4.985710567212862654e-01
1.643374076147996465e-01
4.215815108219564400e-01
3.194649866750143286e-01
3.823848970300786076e-01
2.736337240841946183e-01
3.024659169115493929e-01
4.788424859412255263e-01
1.188330160456146922e-01
3.034768052760623003e-01
3.320378575890458595e-01
2.503054435878574457e-01
6.062230316760122140e-01
4.797195900935367630e-01
6.996152842318419107e-02
3.011596195026708389e-01
2.921530776038473998e-01
2.613823216226953683e-01
1.246706341502097221e-01
4.262167835244998204e-01
2.833886890424324734e-01
3.489469209129718030e-01
4.628569029266860202e-01
3.730885964478413697e-01
1.970019268357081355e-01
3.918534271872631258e-01
4.800586312393080590e-02
2.522193913654351416e-01
6.127027731509384623e-01
2.233687894953803876e-01
5.939332712649154633e-01
4.286250002694177441e-01
3.683720500975335432e-01
3.010265999736214115e-01
3.488996809144288558e-01
3.716470259968749912e-01
4.456096095491430265e-01
2.352688758119820533e-01
2.775239803455532006e-01
2.932193124190454747e-01
3.855014994298217590e-01
2.851230154811570383e-01
5.214334183818415402e-01
5.210955132432080195e-01
2.295652902311356158e-01
2.119992302053093358e-01
2.121332614817835471e-01
3.781236091651185571e-01
4.482421800901972841e-01
2.142597471053235003e-01
2.939321394101621077e-01
4.650573197014237770e-01
4.431371250154505503e-01
2.928480223178227537e-01
2.595237213351981875e-01
5.223540203976501095e-01
5.923191657607110860e-01
6.077583752312932797e-01
3.781163410892582899e-01
3.134793064962392850e-01
3.280337992830339444e-01
5.498334892483771608e-01
3.204253140689308221e-01
2.086214035385046128e-01
4.086824047883596545e-01
4.559299134823642241e-01
4.385525369715491117e-01
2.573804612220711996e-01
3.387467804357084389e-01
3.366037014891893331e-01
4.579135228868981278e-01
3.805047318877475826e-01
3.042347279931337800e-01
2.510285398049414418e-01
4.451405331342551674e-01
5.374222163501097826e-01
4.001317363851072395e-01
3.996198660891863153e-01
5.319422441001588897e-01
1.123259834790429484e-01
3.387467804357084389e-01
5.024935737352335119e-01
4.713011986753022908e-01
3.613262366660296432e-01
1.636365747262185089e-01
6.241533265953668197e-01
3.430573525819677894e-01
1.317847249419549505e-01
5.467967412020604545e-01
5.285063567056759171e-01
2.895197751205941250e-01
2.074351677248404691e-01
4.783253756376333876e-01
6.306330680702929570e-01
3.747653943293022261e-01
5.319422441001588897e-01
4.080556157214312307e-01
2.788251651766292527e-01
5.920053013166133304e-01
3.582474654503251532e-01
2.883694376313928887e-01
3.644035207148804134e-01
6.151346824968924043e-01
2.217593200062147052e-01
3.684373070788539706e-01
2.996301247289121505e-01
6.314263195231806236e-01
4.712706171698263224e-01
4.415069999344951590e-01
4.214834748455304481e-01
3.693936495349732230e-01
4.188290711817048706e-01
1.687295036952214944e-01
3.797744354673190381e-01
3.168641763137525214e-01
5.365392483450436290e-01
3.386143056537571083e-01
3.480679901272886179e-01
5.391184160007606030e-01
5.160797709155497959e-01
5.443951167181522166e-01
9.595413215672167484e-02
2.822904799320016811e-01
3.977389877137724183e-01
1.398249384978616228e-01
2.465670345666916285e-01
5.115524828658766232e-01
3.267956562739279258e-01
9.262351700902755891e-02
2.965009987586468831e-01
5.609556928194797676e-01
9.567488986748733104e-02
3.637618398151458154e-01
2.757053695465199739e-01
1.898713091383460727e-01
2.090898589146763242e-01
3.994869842800195525e-01
2.570424286535689107e-01
2.348525228296972356e-01
2.460743989051899505e-01
3.968540896554980102e-01
2.031300835859806975e-01
3.648172429875576328e-01
3.509506834655876650e-01
2.737953893488372925e-01
4.724245245662651027e-01
4.715201091580387693e-01
4.797195900935367630e-01
1.285109343690601924e-01
5.717263979357419812e-01
5.709045010590797498e-01
5.326440874888903609e-01
5.431970839752487956e-01
2.163785462963785100e-01
5.461092186023349671e-01
3.977389877137724183e-01
1.460082450452208636e-01
2.648717036811242265e-01
2.521484010794147190e-01
2.910580675443966148e-01
5.319422441001588897e-01
6.222253566470645758e-01
3.973908332016226064e-01
3.155607036695917689e-01
2.182871091745744452e-01
9.270582911667703263e-02
4.480306652171294757e-01
2.456805055931878812e-01
4.274433802025832119e-01
5.228650815242982253e-01
4.078196662229935376e-01
6.162923539596184552e-01
3.387467804357084389e-01
1.256320114373599972e-01
2.241498841803616637e-01
5.324987507092939776e-01
3.980872904436978943e-01
2.646725430610774588e-01
3.404412546900935643e-01
3.727832948543799430e-01
1.558591510785752865e-01
5.571193401201941509e-01
2.252964989712101518e-01
1.864663035306530769e-01
3.291094911406801105e-01
4.626394303434640531e-01
5.431970839752487956e-01
2.400478306806787809e-01
5.816489751630046223e-01
2.865222957420725525e-01
2.565680807373310057e-01
2.634143387864376629e-01
2.923108047034831958e-01
3.265921983777840820e-01
3.333713439170079007e-01
4.374666511401582580e-01
4.052575480808707775e-01
1.859761327952021703e-01
2.520144706242885557e-01
3.725629293221058846e-01
4.159562707043202856e-01
2.508645302880471162e-01
4.823547162998551019e-01
4.153098806161149570e-01
1.785071785062006533e-01
1.638769753312637745e-01
1.917576323862528742e-01
5.132951112670069982e-01
5.766987139103022519e-01
3.342698179335870101e-01
4.737493754937960322e-01
3.818784489478321831e-01
3.524279083988700045e-01
1.998027767297169133e-01
2.225571754607645059e-01
4.536457585495694000e-01
3.745009218478610458e-01
5.304017383879175984e-01
1.429852973626629942e-01
3.533421799773553418e-01
4.458609548831876657e-01
5.063240735993548292e-01
4.976778555572711760e-01
2.477244812082055048e-01
2.643042800948453563e-01
4.849462891389648145e-01
3.773342200013779513e-01
4.704703776541832583e-01
2.717629858418467714e-01
2.062528538616159035e-01
6.404071170545652114e-01
2.928818086948926647e-01
3.612188924885683661e-01
3.869231679545601654e-01
5.766987139103022519e-01
4.519105766884793374e-01
2.215701361262863989e-01
1.578538937584234025e-01
1.725098433795898001e-01
2.574006759023573232e-01
9.898733087582846368e-02
1.458818004192789231e-01
3.655248429634447294e-01
5.569648829583006000e-01
4.108776716710021981e-01
3.918723902276797788e-01
3.936317025870629260e-01
3.113493587507585314e-01
4.156856016596756631e-01
1.257265701166732363e-01
3.906612555946865628e-01
3.002017227347588690e-01
8.641485129414279431e-02
5.252303461922122052e-01
3.035059218577449425e-01
4.582237154590753647e-01
1.777773092772572117e-01
4.559299134823642241e-01
3.170530185444322968e-01
3.246725803868035776e-01
2.410701432472618366e-01
2.662993285648027619e-01
5.367173425003225473e-01
3.982214975858637818e-01
2.303848067885278239e-01
4.438555139149754636e-01
2.275205178156497476e-01
5.051191701414298185e-01
1.824237210757287397e-01
2.286956865634828528e-01
2.914864908168954272e-01
4.930968831540023523e-01
3.896012856309657990e-01
5.686176548199288749e-01
5.338789993297002878e-01
2.475038169537104871e-01
1.901154403411486338e-01
5.045592946441160853e-01
4.078203214578163815e-01
1.642501379031930109e-01
3.961372586017098962e-01
5.367173425003225473e-01
2.044377347033511094e-01
1.852142591285611539e-01
4.119623112673794219e-01
1.578538937584234025e-01
3.381599328371792113e-01
1.005766691481539271e-01
4.474341608043676533e-01
2.979768325652050742e-01
2.028466444262391477e-01
5.962600790327956535e-01
4.035792854834956422e-01
3.293484595628852762e-01
5.087418574586873854e-01
1.459486224181640035e-01
4.097809935899084377e-01
1.510098080455790359e-01
5.350211428496716159e-01
1.497983534866999533e-01
4.214317626406545170e-01
4.099589239364815896e-01
2.908709851139684166e-01
3.010417491607139673e-01
2.605968784194266918e-01
5.184997975821488136e-01
2.844020269499451525e-01
5.122835122678994768e-01
1.275184141990103603e-01
5.068153697920807499e-01
3.797744354673190381e-01
1.458669014146448673e-01
3.062702049921470770e-01
1.878289895919250108e-01
3.839369041714638109e-01
3.820527352782799313e-01
4.939051492962254208e-01
4.003635708134510862e-01
9.011413934559145411e-02
5.254625026252326414e-01
5.276886758243951592e-01
2.675778538498720382e-01
3.996198660891863153e-01
5.483660770386283856e-01
2.567201539420708167e-01
5.630903813510494960e-01
4.156409762601125379e-01
3.702338758366523486e-01
1.946977309055886729e-01
1.067797743058443299e-01
4.569161487406066535e-01
1.128544122781990483e-01
2.738925037973540810e-01
3.024304417249297217e-01
3.758314364406041275e-01
3.522514519148901568e-01
5.033960863224093973e-01
3.762194603910560819e-01
3.925337230790629794e-01
2.708905694664622277e-01
4.057334091488459249e-01
4.919054880936849505e-01
6.101986100819575126e-02
2.993594702358023385e-01
3.470859315752837237e-01
2.585289058684172026e-01
1.646080303024120284e-01
5.618644274350449441e-01
4.538813884339397697e-01
2.879195465835851508e-01
1.339789668768519015e-01
3.194236016943657885e-01
1.485171682850139618e-01
4.070892200256964188e-01
4.219598562348131909e-01
5.431970839752487956e-01
4.271931551288368767e-01
5.005384951091680357e-01
2.141606324444128295e-01
2.979768325652050742e-01
2.414342462415213497e-01
2.548570166939109205e-01
4.297200684310680807e-01
1.521761494166615769e-01
4.756345594604697857e-01
1.530717538705837766e-01
4.240480762070619747e-01
2.605700141035081074e-01
5.512898641190014937e-01
7.216595456150963483e-02
5.664957602056094332e-01
4.546412836115495404e-01
2.606195254926893523e-01
3.062702049921470770e-01
3.105978545077957564e-01
5.703341874340557283e-01
2.347224788816295316e-01
4.868143989583748055e-01
4.347005896003279801e-01
5.431970839752487956e-01
3.601478646056955890e-01
2.557641076096841548e-01
2.182802644444364892e-01
4.240259811566647885e-01
4.167532589913371943e-01
3.791750678322118873e-01
3.773342200013779513e-01
2.121332614817835471e-01
2.502959651338653724e-01
4.981884590901204668e-02
2.521484010794147190e-01
2.512584212094398639e-01
2.382384915999043451e-01
2.207693994678518179e-01
4.094403275054311342e-01
2.728959072227170601e-01
1.055407363773498558e-01
3.526655912969176576e-01
5.319422441001588897e-01
4.015578586149415319e-01
3.032064566770013014e-01
2.105126621473082660e-01
5.685534650897444697e-01
4.068569968634950795e-01
6.306330680702929570e-01
4.452410052454809919e-01
4.193506000588304028e-01
5.593999225472630066e-01
2.204783201287179861e-01
1.549818357211307784e-01
3.969382274610636085e-01
4.479867414094214073e-01
2.740585170605864818e-01
2.760518315072967854e-01
1.827297496222915762e-01
6.012786337563670314e-01
4.018175888031703946e-02
3.965263560396698472e-01
3.397820706846380046e-01
3.706664283150216677e-01
2.096566723758901407e-01
3.117930895102603017e-01
5.288250921720989428e-01
5.159308987366411081e-01
5.100808709792533646e-01
3.050044707140211475e-01
2.931041819232070300e-01
5.168252612170705085e-01
2.484768180068362697e-01
4.851162126074694547e-01
4.202209646678121691e-01
2.609427049978316759e-01
4.905803363651424220e-01
3.582596205551989432e-01
3.312995873433206007e-01
3.083729601806606269e-01
4.084124724671326367e-01
4.178696641723626537e-01
2.536089756269137574e-01
1.557319098600440932e-01
3.282363991583239771e-01
1.580230837256360044e-01
3.083729601806606269e-01
3.905957305533077628e-01
5.551863811781955205e-01
2.891156131023223108e-01
4.412809320715022632e-01
2.111688407411358159e-01
5.511406966478765712e-01
1.034334948467267312e-01
3.030387807969816549e-01
2.839727930530200339e-01
2.524039182345388377e-01
2.957621342906053274e-01
3.951559003942857196e-01
2.487814765264003691e-01
2.218664355167009328e-01
2.439189991741797792e-01
2.981527577102867088e-01
3.387467804357084389e-01
5.664412210532854264e-01
4.261766128694279843e-01
4.391843633640573619e-01
4.316063582104449625e-01
3.819731354727723405e-01
4.480014286892244901e-01
2.713329793623648345e-01
2.338396551446367544e-01
4.777815975677816018e-01
2.411939741057402276e-01
3.179343777733898424e-01
