6.185345699140480935e-01
4.075695004987212045e-01
3.924766350175447061e-01
6.009254957593160862e-01
2.011787316079703125e-01
3.654912655048383474e-01
3.207496674671710957e-01
3.841815141197603700e-01
3.663466785157818428e-01
6.222253566470645758e-01
5.396544419483418897e-01
3.280337992830339444e-01
6.096284105305720402e-01
5.664412210532854264e-01
5.184017713760390444e-01
3.964210341097837431e-01
5.611736870752231932e-01
4.149954867040305806e-01
4.477305373179165104e-01
5.813097175631536384e-01
5.431970839752487956e-01
5.478723908602557424e-01
4.138069018568961699e-01
5.367173425003225473e-01
5.358746569892669509e-01
2.760267224182902934e-01
4.085422532403000795e-01
4.449861887467561061e-01
5.524076795516253968e-01
3.104237774076301637e-01
4.230869390202354197e-01
4.015578586149415319e-01
5.068153697920807499e-01
5.406313180751773917e-01
3.590762369917111507e-01
5.321405488820819540e-01
5.341743110866620237e-01
6.205291569964137555e-01
4.601434548514316547e-01
3.988893317511643111e-01
5.250400975556968053e-01
5.367173425003225473e-01
4.150230688263715217e-01
5.766987139103022519e-01
4.923051162694800920e-01
2.818366733780054978e-01
2.985479154467208796e-01
4.227177789518846707e-01
3.740408647860432034e-01
5.925645574382435443e-01
5.599614795783592891e-01
4.159505977884895844e-01
4.128622645514076206e-01
5.911112245659631004e-01
3.404412546900935643e-01
4.672162239617045909e-01
2.515186501515230821e-01
3.969810649967009941e-01
4.253573692572522602e-01
4.198035811250469540e-01
4.814935252902119434e-01
2.756920511503807014e-01
5.664412210532854264e-01
5.571193401201941509e-01
2.911481664901209854e-01
5.431970839752487956e-01
4.136809084324716279e-01
5.068153697920807499e-01
4.172805723114135223e-01
3.445947975867489355e-01
3.208049375222986610e-01
5.708513734056286371e-01
3.280337992830339444e-01
4.695590054690011450e-01
1.506386238587415216e-01
3.354858544589470748e-01
4.290343398277008391e-01
4.811312053786596099e-01
3.252354518372477798e-01
6.306330680702929570e-01
5.395885332661427558e-01
4.439304717808909007e-01
6.154410779500105733e-01
5.159680003690900740e-01
5.987989072356373343e-01
4.349440610989077083e-01
3.752326865181480064e-01
4.117212853620970670e-01
3.578933980259603742e-01
3.101815444525385379e-01
5.641750209474266642e-01
5.584848406561699896e-01
5.000442201133348252e-01
3.716319337686470603e-01
4.193026374726465111e-01
4.023157813320129561e-01
2.737953893488372925e-01
2.142349122088078872e-01
4.499849454836335472e-01
5.773311148805548854e-01
3.438967827068158400e-01
4.182756652967505318e-01
5.187632537428257251e-01
3.681245088464967785e-01
3.418736972751163505e-01
2.872506853917483061e-01
4.436579352546374255e-01
4.320163983211877112e-01
5.235955822898507028e-01
5.243369482706591311e-01
3.617614015606485656e-01
6.243987182728991669e-01
2.853886538523520144e-01
3.419621917062530270e-01
6.208456077679380680e-01
3.707030649219951735e-01
4.003821695458008034e-01
5.568173880821580823e-01
5.556307594809947181e-01
4.199177975766226756e-01
4.869016168041538917e-01
5.122835122678994768e-01
5.923191657607110860e-01
5.463534313976717849e-01
1.462361966043899675e-01
2.312852023352735542e-01
3.030270793881741920e-01
6.306330680702929570e-01
5.635990815951203992e-01
5.156967069596642972e-01
6.306330680702929570e-01
2.035164728793801281e-01
6.387109174039142800e-01
4.268576424703989236e-01
4.621888547498848032e-01
5.350211428496716159e-01
5.571150012682833941e-01
2.089137749499866137e-01
6.265548560785408894e-01
4.003777888062577950e-01
5.987989072356373343e-01
4.303452830219342551e-01
4.139752585408640329e-01
5.637606992554564656e-01
5.987989072356373343e-01
2.715736874205519347e-01
3.245832068350875677e-01
2.979768325652050742e-01
3.877227359168735066e-01
4.385340733605937458e-01
3.414070160428518963e-01
6.468868585294914597e-01
5.122400867463178242e-01
5.063240735993548292e-01
6.387109174039142800e-01
1.946268742858090761e-01
5.001685600676512022e-01
3.298122454554883176e-01
5.350211428496716159e-01
3.059327445068403817e-01
5.678034954100629195e-01
5.630903813510494960e-01
4.196008647335391917e-01
4.209899829301469998e-01
4.652917999106076508e-01
4.830691979044147710e-01
4.647191473342481283e-01
4.015578586149415319e-01
3.878097372566031154e-01
1.616702699028954304e-01
5.820645452727186697e-01
3.899177779783037923e-01
4.209008943806334946e-01
2.508645302880471162e-01
5.141780792720730409e-01
4.868641273733032016e-01
6.222253566470645758e-01
5.097070277073153521e-01
2.979768325652050742e-01
2.979974537530089562e-01
2.278111628954101742e-01
4.316739181800220426e-01
4.396258030883488654e-01
3.122397255876187550e-01
4.859144098152073377e-01
3.627931818754516757e-01
4.086824047883596545e-01
4.197143884281202553e-01
4.331810867418597333e-01
2.988728936255005131e-01
1.627839442805419368e-01
3.807809319707588513e-01
3.301255392715439774e-01
5.386202903570082023e-01
6.387109174039142800e-01
3.328984096823729977e-01
3.816513626852843233e-01
4.361149956619408963e-01
2.965146337546069044e-01
6.243987182728991669e-01
6.387109174039142800e-01
6.080361408515668753e-01
5.262617614713716030e-01
4.255599184100496979e-01
6.016462380577716207e-01
2.422861233334548947e-01
4.272292878369491342e-01
6.306330680702929570e-01
4.670368651741145793e-01
5.987989072356373343e-01
5.008168045410840152e-01
3.083729601806606269e-01
4.661603168904315808e-01
4.725035854452884765e-01
4.548028948276344741e-01
4.097832928363419058e-01
5.760918025516904573e-01
3.103710571971526333e-01
5.350211428496716159e-01
2.969848754356113618e-01
3.832150443151376984e-01
3.315726131129609899e-01
3.707030649219951735e-01
3.270117373146675943e-01
3.412108357850053841e-01
3.704099299706957726e-01
3.121158378742152628e-01
5.591211174277090912e-01
4.212881221542543186e-01
5.695701228259757443e-01
5.773311148805548854e-01
6.468868585294914597e-01
6.387109174039142800e-01
3.081281399626866202e-01
4.451405331342551674e-01
3.137306590021117780e-01
4.013744564755361011e-01
1.746875217182143614e-01
6.127027731509384623e-01
4.414493935265204616e-01
5.347793499745673307e-01
5.321405488820819540e-01
3.138866339930215799e-01
4.102011232151641651e-01
2.983174800445058117e-01
4.737623660646447799e-01
5.040740622838084661e-01
5.099450263736675648e-01
1.669357270651271319e-01
3.420055386495469696e-01
5.773311148805548854e-01
3.467005747132763660e-01
5.695701228259757443e-01
3.802003237585210860e-01
6.151131744969836612e-01
3.820427447142034083e-01
6.159952435290194650e-01
5.571193401201941509e-01
5.041945789263031497e-01
6.260562744520524747e-01
5.033161395667370419e-01
2.508645302880471162e-01
4.090790204846384559e-01
2.243987376680162127e-01
4.412598266294090466e-01
4.090142917240301990e-01
2.757659933191691226e-01
5.636922914510998917e-01
6.358303234363246181e-01
3.790918548806205268e-01
5.811852956005448823e-01
5.900099134840771642e-01
4.672162239617045909e-01
3.501771438335202768e-01
4.679267918270479387e-01
2.536292822936875302e-01
2.376733994813144957e-01
2.547578239744101580e-01
2.969228028497966632e-01
3.646064689954887084e-01
5.296266683501503758e-01
6.333164429043930399e-01
2.265077098958213631e-01
5.599614795783592891e-01
5.533849760099367465e-01
2.004697148322941158e-01
2.668051461498354149e-01
6.202887982790006305e-01
4.347397785465004216e-01
5.164103048703051480e-01
4.021786230346559021e-01
5.304443492314311337e-01
5.164103048703051480e-01
3.287349351553569554e-01
3.827941067678835574e-01
3.478150949508512224e-01
3.426723644974273286e-01
3.426723644974273286e-01
2.489265377622918995e-01
2.217482444173418943e-01
4.639701578043729513e-01
3.725329250968021921e-01
3.122164085201193928e-01
5.460278572296036748e-01
4.992669307586358740e-01
6.404071170545652114e-01
2.278111628954101742e-01
3.100865811366191327e-01
1.743799770056678744e-01
4.661603168904315808e-01
4.117212853620970670e-01
3.351367263451814904e-01
4.757164151696250953e-01
2.690797445700480739e-01
4.348585377793527385e-01
3.548802036135227378e-01
5.029230404567148760e-01
4.396738496576763078e-01
2.528356299460169376e-01
4.275455276112193337e-01
6.127027731509384623e-01
2.979768325652050742e-01
3.280337992830339444e-01
2.531202704388934022e-01
6.106404556381598292e-01
4.023157813320129561e-01
5.671684055240635569e-01
3.319642166370272429e-01
4.811992958556186584e-01
5.614428064853541622e-01
3.900330797664944282e-01
5.092546136312572358e-01
2.130154809143251504e-01
5.773311148805548854e-01
1.438285490323606974e-01
6.263137502437569060e-01
5.367173425003225473e-01
4.175993619303338678e-01
4.688352004882342383e-01
5.470718758009078808e-01
3.083729601806606269e-01
4.170797512573097832e-01
4.309299715884614690e-01
6.468868585294914597e-01
4.340202991133838561e-01
5.160797709155497959e-01
4.385258318909967534e-01
3.301940042426443345e-01
5.925645574382435443e-01
5.346675370207777389e-01
4.351595006248429875e-01
6.341341237856737978e-01
3.958666622107996358e-01
4.015578586149415319e-01
4.433550658462735439e-01
5.664412210532854264e-01
3.355349243129875925e-01
5.303343776704273482e-01
6.127027731509384623e-01
4.705737480153774355e-01
5.087418574586873854e-01
5.027800545815004352e-01
4.824663704340366177e-01
6.133267669719767445e-01
5.727039881271765998e-01
5.296266683501503758e-01
5.328703260205982506e-01
5.630903813510494960e-01
5.637606992554564656e-01
4.271478633729207663e-01
5.324987507092939776e-01
4.905803363651424220e-01
4.952986640311853872e-01
3.921718533296327247e-01
4.671257294221135559e-01
3.729483479241965105e-01
5.132951112670069982e-01
5.350211428496716159e-01
3.167289420411108503e-01
3.946964102186867884e-01
8.097061283237239060e-02
3.812704968426656182e-01
5.472698211599221763e-01
5.068153697920807499e-01
4.350594885499950437e-01
3.216981236150813772e-01
1.607358470472398104e-01
4.663586468257219786e-01
4.140842866427169033e-01
5.067865841538746752e-01
4.171301331400890100e-01
4.016808191877010437e-01
2.668051461498354149e-01
5.957204315200282929e-01
4.244125223057235163e-01
4.244308089076523349e-01
3.653866734383605652e-01
3.100865811366191327e-01
3.204983040476475087e-01
3.362895263698241766e-01
4.021117867960546377e-01
3.788394493633282512e-01
4.219598562348131909e-01
6.222253566470645758e-01
4.642259539332065921e-01
5.336619835607306905e-01
5.064972871698713019e-01
4.180869734665765836e-01
3.684399303048151442e-01
4.219568637116873910e-01
6.387109174039142800e-01
4.071444917438565847e-01
5.019204935516307087e-01
4.498241212977007186e-01
2.665729897168149787e-01
5.321405488820819540e-01
4.117212853620970670e-01
1.873875336530661795e-01
5.334175601838978542e-01
2.892152529696987440e-01
4.389050383389538901e-01
3.171980153378127221e-01
3.061161263780366459e-01
5.695701228259757443e-01
3.402213506493508288e-01
5.945400662112491075e-01
5.976308625034703059e-01
5.467967412020604545e-01
3.280337992830339444e-01
5.217895160571255353e-01
5.115029772973093136e-01
2.438335935141774102e-01
5.472698211599221763e-01
5.766804617123592047e-01
2.286120170055182810e-01
6.143658662930118197e-01
6.151131744969836612e-01
1.659613485013561318e-01
3.357243414332303777e-01
5.429546416859355462e-01
5.001685600676512022e-01
4.796424419098196390e-01
2.797337016834424706e-01
3.747408618968308125e-01
5.064972871698713019e-01
2.929199948324402447e-01
4.523813616614284494e-01
5.654204948118716212e-01
3.595720408341512297e-01
6.151131744969836612e-01
5.336701900027046586e-01
6.211205094382895586e-01
5.406313180751773917e-01
4.256407337884083320e-01
2.895126299012631410e-01
5.571193401201941509e-01
2.638623968605618986e-01
6.243987182728991669e-01
3.110455660475133777e-01
4.307745605734636385e-01
3.654996907395315908e-01
4.420642233106573116e-01
4.353992244795818478e-01
4.574751792095083092e-01
6.378627229936129073e-01
5.618644274350449441e-01
6.064684233535445612e-01
6.222253566470645758e-01
1.849614998010948308e-01
4.393695989968439686e-01
3.845117217043787505e-01
3.877119324417009349e-01
3.760111568338332377e-01
3.154794596445945620e-01
5.664412210532854264e-01
4.226486170662082653e-01
1.481568362170509745e-01
4.142533331733724844e-01
3.522506482544126571e-01
3.419338690147317728e-01
2.844945152576789926e-01
6.275587054499266459e-01
5.985668401906162339e-01
4.792571106169376538e-01
2.820998354937404584e-01
5.404170319662517930e-01
3.111047773858338639e-01
4.870233047412581007e-01
4.730089630542733681e-01
4.316739181800220426e-01
5.743002569836951343e-01
3.658430466752114474e-01
5.431970839752487956e-01
4.255599184100496979e-01
3.042592304910193834e-01
3.215866943021120639e-01
3.774386580294661897e-01
5.539576824269749622e-01
2.927261968687149829e-01
2.786185814029373264e-01
5.341729484393702432e-01
4.365540547551437500e-01
5.614428064853541622e-01
6.134831359976602450e-01
5.691551737549778167e-01
3.328984096823729977e-01
4.041549212284228920e-01
4.943282477463931679e-01
5.726121508966842688e-01
3.083729601806606269e-01
5.611736870752231932e-01
5.718352891492285428e-01
4.444885265693861442e-01
6.016462380577716207e-01
4.492810811985408770e-01
5.816489751630046223e-01
4.497333760559534266e-01
4.765066203626477925e-01
4.979802535998480439e-01
5.815479686986340102e-01
4.015578586149415319e-01
4.412809320715022632e-01
1.407332497677045158e-01
3.024960287142708371e-01
1.815863949988691106e-01
6.468868585294914597e-01
5.350211428496716159e-01
6.162983241425166181e-01
4.104333424276631614e-01
4.478468787093270453e-01
5.293406602208844403e-01
6.392357022908845554e-01
5.487869922388827204e-01
5.304443492314311337e-01
3.280337992830339444e-01
5.336583846543631049e-01
3.336228142903120419e-01
5.501698471431062387e-01
5.660762750054649795e-01
4.513705170554593860e-01
6.193782281952030511e-01
3.382907457299200726e-01
4.985710567212862654e-01
2.668051461498354149e-01
1.827861286083083125e-01
3.707030649219951735e-01
4.874498803845990214e-01
3.504396063322513521e-01
5.939332712649154633e-01
2.508645302880471162e-01
5.238277387228711390e-01
2.939983008733081382e-01
5.322349559136150265e-01
3.764958197094335768e-01
5.664412210532854264e-01
4.534846309641365480e-01
2.048884512389385903e-01
4.646014226115785517e-01
3.698656248234666322e-01
4.939066267967024415e-01
4.329393159019366277e-01
5.731944484381694682e-01
4.756085589860189478e-01
2.903771729608804475e-01
6.306330680702929570e-01
6.422278570549541099e-01
4.976017878250107995e-01
5.431970839752487956e-01
3.679865351434948306e-01
4.496153117628259310e-01
3.245500344288455019e-01
2.421565962766901725e-01
3.062702049921470770e-01
2.993984863305296229e-01
2.517588442287140849e-01
3.209606037088526542e-01
5.132951112670069982e-01
2.073010638985714749e-01
1.701469347090948381e-01
4.439463926150845063e-01
1.872773497435942514e-01
5.605247189747540881e-01
3.129374348853216636e-01
3.319366920971881796e-01
3.357243414332303777e-01
3.441162680791152728e-01
5.836778970074218975e-01
3.062702049921470770e-01
5.816489751630046223e-01
5.593999225472630066e-01
4.344862842625885624e-01
6.134831359976602450e-01
4.148695347514801401e-01
4.661182198200350402e-01
6.247778394904383026e-01
4.371865250530656000e-01
3.236061450722442223e-01
6.127027731509384623e-01
5.893564776466749811e-01
5.205085652390888384e-01
5.773311148805548854e-01
4.020880833853070491e-01
2.545642197539763618e-01
4.555514590369361683e-01
5.669788408096824162e-01
5.290851899424902083e-01
3.253817311405391988e-01
3.081750401828926567e-01
5.431970839752487956e-01
4.630416440151694513e-01
3.269040701970739593e-01
1.487742091937077626e-01
2.973034113381289867e-01
5.028526386763364497e-01
5.649933292077351510e-01
2.254602778462783952e-01
5.599614795783592891e-01
3.075609041951458122e-01
5.333263578160796214e-01
3.285994398905451863e-01
4.619743778079746788e-01
4.071443707582388938e-01
3.285994398905451863e-01
4.053221268567313573e-01
2.290903794823206385e-01
4.316739181800220426e-01
5.401227213548823736e-01
5.223540203976501095e-01
1.396256907764853172e-01
6.274560775288243741e-01
5.521495515393446407e-01
3.979406687635811957e-01
3.261264428310101660e-01
3.864025568635205410e-01
2.389674101978690735e-01
3.730029312508224004e-01
5.099935085535822754e-01
6.201000794245478120e-01
5.711715067548456259e-01
3.585825520606129024e-01
5.923191657607110860e-01
3.878253751673849670e-01
2.905748887174639528e-01
6.134831359976602450e-01
4.955305801560030421e-01
3.764884633889088450e-01
3.917083719798645780e-01
2.306880339567680682e-01
4.692617689597473607e-01
5.533421956410431441e-01
4.619743778079746788e-01
3.163292651176742853e-01
4.084505101790256165e-01
4.803253342111808433e-01
3.083729601806606269e-01
5.367173425003225473e-01
2.942368771316511977e-01
6.306330680702929570e-01
4.882514218468460010e-01
5.675437497868132120e-01
5.923191657607110860e-01
2.690797445700480739e-01
5.599614795783592891e-01
4.289038360511343018e-01
4.830691979044147710e-01
3.838020746393678295e-01
4.416423678733776836e-01
5.672684456625857186e-01
4.999152698170447606e-01
1.495680084079399896e-01
3.130966593378854412e-01
4.332598635541364263e-01
6.287050981219908241e-01
5.766987139103022519e-01
4.707365546400438805e-01
5.773311148805548854e-01
5.367173425003225473e-01
4.075695570418277347e-01
4.643470493110269937e-01
4.501776314502534820e-02
6.287396492861524466e-01
3.328984096823729977e-01
3.817537936409694521e-01
3.470125980764069418e-01
3.977521924000613773e-01
5.140288237641627012e-01
3.166363815993403774e-01
4.015578586149415319e-01
5.336619835607306905e-01
4.023157813320129561e-01
4.801293076799053039e-01
5.406313180751773917e-01
5.253639704414709843e-01
4.647034569340016130e-01
5.721219202920617697e-01
4.015555377490849787e-01
3.766304493658054753e-01
4.177839761086462045e-01
5.392911896991688936e-01
6.468868585294914597e-01
6.256307355016245131e-01
5.985060538565357691e-01
3.901865086545773242e-01
5.365392483450436290e-01
4.348631377273731169e-01
3.101177357646860422e-01
3.558122865823870606e-01
6.306330680702929570e-01
5.585135877328090137e-01
6.222253566470645758e-01
4.882812461528162062e-01
4.698899769052555242e-01
4.051568034401866192e-01
4.448881793788508343e-01
4.345824163785687588e-01
3.544349224919305930e-01
3.377745426105814297e-01
5.396544419483418897e-01
3.638987066660493430e-01
1.838021132321168427e-01
4.828620691757457006e-01
4.184980543238741024e-01
3.026524549066980652e-01
2.744759405161328325e-01
5.037412046568291446e-01
5.664412210532854264e-01
4.298909161299097614e-01
2.405177014014861225e-01
2.380854252529163717e-01
4.067762623500939534e-01
5.734027553214573469e-01
3.650559309808997788e-01
6.305114364684162309e-01
3.579366697170316414e-01
2.584781874294266313e-01
3.387467804357084389e-01
5.114233999427409971e-01
4.782392985282408193e-01
3.856089337228590375e-01
6.064684233535445612e-01
6.387109174039142800e-01
3.172719142677549176e-01
6.044590004617816925e-01
3.334829059607621882e-01
5.599614795783592891e-01
4.217928835057416781e-01
5.254625026252326414e-01
4.743378340511639757e-01
5.957245446152710233e-01
3.082121806887274107e-01
6.025830519384693940e-01
4.160687836908719128e-01
5.498116988447543374e-01
5.635990815951203992e-01
3.280337992830339444e-01
3.321396270735360590e-01
2.884545142188303934e-01
5.367173425003225473e-01
6.002312699950979047e-01
4.032003470955969893e-01
2.749356341013999838e-01
5.605459872900971918e-01
6.187657739491176923e-01
5.027800545815004352e-01
2.571631482899736088e-01
4.291458918932598565e-01
5.590222879768799169e-01
6.468868585294914597e-01
5.534546857608972914e-01
5.336701900027046586e-01
5.766804617123592047e-01
5.631803998475745088e-01
4.035467387932487604e-01
5.803859431048856710e-01
2.263008706387547031e-01
3.287349351553569554e-01
1.845264762642422618e-01
3.031247090649614173e-01
5.991323575258400425e-01
4.436926412887048921e-01
5.816489751630046223e-01
3.934210878303602832e-01
3.189197093813229689e-01
4.741162288320669438e-01
3.172719142677549176e-01
4.013257021819210957e-01
3.810067397770375286e-01
5.285178615648244982e-01
6.376510634367135166e-01
6.341341237856737978e-01
2.048353291982223379e-01
5.676745783744236995e-01
4.385340733605937458e-01
3.278062363537828094e-01
3.031913012535366603e-01
4.881576698422567806e-01
5.360952359094045550e-01
5.051191701414298185e-01
3.759795412339326792e-01
3.850342072409759786e-01
4.167847090155599732e-01
4.093713143572280111e-01
5.254625026252326414e-01
3.210551062608175132e-01
5.633668584329191154e-01
6.438124959091250377e-01
3.124069195000188093e-01
3.803639331082092623e-01
5.987989072356373343e-01
3.029201990928535593e-01
6.234247754236550421e-01
4.695372345020712435e-01
5.727543212623142921e-01
6.356320186544015538e-01
5.388810783898452250e-01
3.900999553981790990e-01
3.117141663511196481e-01
1.989174867154594462e-01
2.522742138569289971e-01
5.474641367425271410e-01
6.134831359976602450e-01
3.385536889489962897e-01
2.833347051350996182e-01
2.668051461498354149e-01
5.880780426850608089e-01
3.066103284083169789e-01
5.987989072356373343e-01
4.477756238971923319e-01
3.590117161101711307e-01
3.162996459883443690e-01
3.846121806152837386e-01
1.796174880493102699e-01
4.426768227602718153e-01
5.614428064853541622e-01
2.668051461498354149e-01
1.767232335166351864e-01
5.508690362279559105e-01
5.300042515744036731e-01
6.127027731509384623e-01
2.728959072227170601e-01
5.431970839752487956e-01
3.280337992830339444e-01
5.879877638200029510e-01
2.225043818689759478e-01
3.884042407293942789e-01
4.308961380228431004e-01
4.214606372511017773e-01
3.996198660891863153e-01
5.431970839752487956e-01
4.692617689597473607e-01
5.105873126172486565e-01
6.038583346218938663e-01
4.565806886755728877e-01
5.201997126553850048e-01
6.306330680702929570e-01
4.712638695192131744e-01
4.005155223049964852e-01
3.853351153103317661e-01
3.092759515133305381e-01
4.408841726268478700e-01
4.449334844390273047e-01
2.987805593561561612e-01
5.925645574382435443e-01
1.754516923446190757e-01
3.312877150579190966e-01
4.624894239763595039e-01
5.388810783898452250e-01
4.329579593282860128e-01
2.430349936446844772e-01
3.023917226893908516e-01
6.170626524451945372e-01
3.469497171528356794e-01
3.172719142677549176e-01
1.517183941997655439e-01
6.468868585294914597e-01
3.203917177972687713e-01
5.791039819945777989e-01
3.309923995591341761e-01
2.891011239312711867e-01
3.847697347595347983e-01
3.542392313735315268e-01
5.434876425773168540e-01
3.237344678855670899e-01
6.241533265953668197e-01
5.165558110713421858e-01
5.942221136173968521e-01
1.715126228559296917e-01
5.350211428496716159e-01
2.928818086948926647e-01
3.375211264891992413e-01
4.485239658837701926e-01
2.892855494593291610e-01
2.086627561939580489e-01
5.987989072356373343e-01
2.853886538523520144e-01
4.231086925253236264e-01
5.053779880003983482e-01
4.819747628384665750e-01
4.236462657168092449e-01
5.350211428496716159e-01
6.134831359976602450e-01
3.199345335202334883e-01
4.706139604541419996e-01
3.582876575169410271e-01
3.286567792778568586e-01
4.905803363651424220e-01
1.115243864091452208e-01
2.419273849703680035e-01
5.237663029745817100e-01
4.989926776709770473e-01
6.306330680702929570e-01
4.191515462886246657e-01
3.254028383496044841e-01
5.427562435663108031e-01
4.948758048498251294e-01
5.367173425003225473e-01
6.127027731509384623e-01
2.969516544896069199e-01
3.573296202227790319e-01
5.549630650104279139e-01
5.805346067810890354e-01
5.575305944525741353e-01
4.108776716710021981e-01
3.304930174942937726e-01
5.223540203976501095e-01
2.855037369517628987e-01
5.718879773463294569e-01
3.809806633227872941e-01
5.503216301486668627e-01
5.296266683501503758e-01
5.342730482391849778e-01
5.636235544702388189e-01
3.083729601806606269e-01
4.618569132459588999e-01
3.465790409185012244e-01
4.725035854452884765e-01
3.631838361197531340e-01
4.580331167542091575e-01
4.290155370620457043e-01
6.100440702361645817e-01
4.148109619137175241e-01
5.742567522601885743e-01
5.414510636113631925e-01
4.345997600410444472e-01
2.991316781198785080e-01
2.512565479072170760e-01
2.948302475595813155e-01
3.083729601806606269e-01
2.824539431427049441e-01
3.033558872190870725e-01
2.844945152576789926e-01
4.982781446163479511e-01
6.161909303858976727e-01
5.164103048703051480e-01
4.444234135443204670e-01
5.141314687313485177e-01
5.122835122678994768e-01
2.508645302880471162e-01
3.977521924000613773e-01
3.280337992830339444e-01
2.005044550624682786e-01
5.141780792720730409e-01
5.296266683501503758e-01
5.026519451560410578e-01
5.124971252644023867e-01
2.410701432472618366e-01
5.495967055312388494e-01
5.857033971623771818e-01
5.702513642557170970e-01
4.345183186348719473e-01
5.321827996790494675e-01
4.868143989583748055e-01
4.268946563778811543e-01
5.558556503327036769e-01
2.967122775850328242e-01
4.290243215117687248e-01
5.364851860673021111e-01
5.367173425003225473e-01
5.132951112670069982e-01
3.226154462346501606e-01
5.791039819945777989e-01
5.321354984601208704e-01
4.017109786986686193e-01
4.749524233192189970e-01
5.350211428496716159e-01
4.407318962203188861e-01
5.766987139103022519e-01
4.463724885189576663e-01
3.062702049921470770e-01
4.449495415379500773e-01
3.090291037468651525e-01
3.427551507772312878e-01
3.687464920611878139e-01
5.367175451824139909e-01
5.664412210532854264e-01
3.385301434224010086e-01
5.431970839752487956e-01
3.357243414332303777e-01
5.801956422907241784e-01
5.064681905445791443e-01
2.205742807444669440e-01
5.939332712649154633e-01
3.888997917908874613e-01
2.359130571850880931e-01
3.925337230790629794e-01
3.301482198133366408e-01
4.133668491017474245e-01
3.101815444525385379e-01
6.092743171213238496e-01
4.333384376843216756e-01
3.087689675188463601e-01
2.869509662867229527e-01
5.213134979365143806e-01
3.989757755592330812e-01
3.475885316080993270e-01
4.709115064953283136e-01
3.906336038328577787e-01
4.009407609741105216e-01
2.979768325652050742e-01
3.328984096823729977e-01
3.993937750476773130e-01
3.387467804357084389e-01
2.871982989311147594e-01
3.385315251945670845e-01
4.585687740282630154e-01
6.291522771794753055e-01
5.897239098242111899e-01
2.853886538523520144e-01
6.362851129464947020e-01
3.125625587662335114e-01
9.149860146683047590e-02
5.624788212967758438e-01
4.334106459338024631e-01
6.287050981219908241e-01
5.727543212623142921e-01
2.394013809311809349e-01
5.623462202282906164e-01
5.211407065683854034e-01
3.932916457961344037e-01
3.211384267898266809e-01
3.565324493140006878e-01
4.386607916593289191e-01
4.311685506531719447e-01
1.719532616221715604e-01
4.870623491075386502e-01
5.631803998475745088e-01
5.805346067810890354e-01
6.151131744969836612e-01
3.946455073909627131e-01
4.420375133449468419e-01
5.805346067810890354e-01
3.913247376038159753e-01
3.111050625959154159e-01
6.340519159293770413e-01
5.102603701891539334e-01
4.477756238971923319e-01
4.140043912331743958e-01
4.021502776843161597e-01
1.727061686330863266e-01
4.331460616134226171e-01
5.554231404695433305e-01
5.685227727847251833e-01
1.011068202253897763e-01
4.801844502012245774e-01
5.386202903570082023e-01
3.280337992830339444e-01
6.423100649112508664e-01
1.948305394373839317e-01
4.698189904649978654e-01
5.695701228259757443e-01
4.824855554892981124e-01
5.431970839752487956e-01
5.989603646212118271e-01
1.922333500176709731e-01
4.335166835913202843e-01
5.687951461259100894e-01
3.564146841588523018e-01
3.775797248690629382e-01
2.951049501857250235e-01
5.132951112670069982e-01
3.210911428248607868e-01
4.674995823604281564e-01
5.087418574586873854e-01
2.878788860614891476e-01
6.009254957593160862e-01
6.071601307667914282e-01
5.431970839752487956e-01
5.734027553214573469e-01
3.736672066304154716e-01
4.571014077597884140e-01
4.305899590757744644e-01
6.217285757730041107e-01
4.725035854452884765e-01
6.127027731509384623e-01
1.013125831885810235e-01
4.970148219432917736e-01
4.254475211081995001e-01
4.553665306494122933e-01
1.532263780633086048e-01
3.996312068278105589e-01
5.503216301486668627e-01
4.851785123011661538e-01
5.925645574382435443e-01
5.414510636113631925e-01
4.220553476675052984e-01
5.169177985842644540e-01
4.809276082035400246e-01
5.300042515744036731e-01
3.351367263451814904e-01
6.101870617241139660e-01
2.622149930793397088e-01
5.702189724353760036e-01
2.371118519087158927e-01
4.890249747831737492e-01
5.333479468888249198e-01
4.242560569280919291e-01
4.518965887138615689e-01
4.725035854452884765e-01
5.321405488820819540e-01
5.900237938812771255e-01
3.847183661787585418e-01
6.134831359976602450e-01
1.723370997197069265e-01
5.702189724353760036e-01
4.658525012075197536e-01
5.635990815951203992e-01
3.475680987587311810e-01
5.347793499745673307e-01
4.270971245617815049e-01
4.023157813320129561e-01
3.437997779145074984e-01
3.280337992830339444e-01
5.426979328640531008e-01
5.472698211599221763e-01
4.724593088668017637e-01
5.582652799277083577e-01
2.830989570714789738e-01
5.268992847897429055e-01
4.316739181800220426e-01
4.338128596055078612e-01
5.927687807451164081e-01
3.748050559924757108e-01
3.715590190421531047e-01
3.730418688712014430e-01
4.441345469739276797e-01
5.987989072356373343e-01
5.676745783744236995e-01
6.333164429043930399e-01
5.321405488820819540e-01
1.357730916004458999e-01
5.329398077282210267e-01
4.559299134823642241e-01
5.773311148805548854e-01
5.010735077502316281e-01
1.790414553593023816e-01
2.437539088940100240e-01
2.467128019677777284e-01
4.477756238971923319e-01
4.872049831474302706e-01
5.066983730619077919e-01
3.469376412498868523e-01
3.476766974863688131e-01
2.900154373973887201e-01
1.348408115622249104e-01
5.367173425003225473e-01
5.543605391725776599e-01
3.144029841868009600e-01
3.396375827792164626e-01
5.820705627481048694e-01
5.618644274350449441e-01
4.318265675215992583e-01
5.482901386071484806e-01
5.987989072356373343e-01
1.687295036952214944e-01
3.062702049921470770e-01
4.420653965801180085e-01
3.801007127863351709e-01
3.628158997315371059e-01
3.083729601806606269e-01
3.922677926377771684e-01
2.865179842262592924e-01
1.985310789208229454e-01
5.565428683895943252e-01
2.243442418584779829e-01
6.269637040028277486e-01
4.085206411969177775e-01
1.143599484696539714e-01
5.923191657607110860e-01
6.422278570549541099e-01
4.244856670504064122e-01
6.343821650898090470e-01
6.468868585294914597e-01
5.344861059906966805e-01
5.664412210532854264e-01
3.997198683937180919e-01
6.202887982790006305e-01
4.157778601570996657e-01
5.367173425003225473e-01
2.777228752961508063e-01
5.468945121326745928e-01
5.347793499745673307e-01
5.021210186898809047e-01
3.611670624162607868e-01
3.083729601806606269e-01
5.341729484393702432e-01
6.198219246546585737e-01
2.906665093379672826e-01
5.319422441001588897e-01
2.891999207450866582e-01
2.148835422979122056e-01
3.180358092465152553e-01
4.670368651741145793e-01
4.952489602499265398e-01
4.709294301404041705e-01
3.962786531626575903e-01
2.906697125465286247e-01
4.002412553933796246e-01
3.542984958249539296e-01
4.023157813320129561e-01
4.068979701396491233e-01
4.147871457285754460e-01
3.667005253804552778e-01
3.298122454554883176e-01
2.303848067885278239e-01
4.854799691712618492e-01
4.233176468479693533e-01
5.350211428496716159e-01
5.908658328884306421e-01
3.913722348527058359e-01
2.813302607391401922e-01
5.278984334956997593e-01
5.346560273804106256e-01
4.403033719185929784e-01
3.126807132788765320e-01
2.737953893488372925e-01
5.685227727847251833e-01
6.243987182728991669e-01
3.982531647397732355e-01
5.386202903570082023e-01
1.459680030876286394e-01
5.942221136173968521e-01
5.852284916105389145e-01
3.514625264254110926e-01
1.730194807425000092e-01
4.688669010067341714e-01
4.829364800078932429e-01
2.962558849114890758e-01
5.224152770581222960e-01
6.438124959091250377e-01
3.506111145668320828e-01
4.354355080039580828e-01
5.748906480888202886e-01
5.932957479465441608e-01
5.296566112511289504e-01
3.729722205485055397e-01
4.659887993012927776e-01
4.955305801560030421e-01
4.620505602894806607e-01
5.429649275422283594e-01
6.306330680702929570e-01
6.387109174039142800e-01
2.438260999934676876e-01
5.599614795783592891e-01
4.779605213684214871e-01
4.734231607463794678e-01
3.017296179830275538e-01
4.439145431512322437e-01
3.517880755440513929e-01
4.101718699529942613e-01
5.421456890230897940e-01
2.550292152948770985e-01
2.737953893488372925e-01
5.599614795783592891e-01
5.337689272591671363e-01
2.887942576320636778e-01
2.566958165001653192e-01
3.028359473695585447e-01
1.962790115773529742e-01
5.595982273291861819e-01
3.031080826892104674e-01
1.790851999752536838e-01
3.387467804357084389e-01
5.336821941873749475e-01
6.134831359976602450e-01
4.460663448073911019e-01
3.830650003219218114e-01
1.696712132319140032e-01
2.226326423185783498e-01
6.422278570549541099e-01
5.829143806803842587e-01
3.846670508150237255e-01
3.330806373050432811e-01
5.660779688041124302e-01
5.431970839752487956e-01
5.401227213548823736e-01
5.003189578710410812e-01
5.406313180751773917e-01
4.379874395520430008e-01
1.443677658196987901e-01
5.695701228259757443e-01
5.367173425003225473e-01
3.310990037910522821e-01
4.428743330283964053e-01
6.306330680702929570e-01
5.293448229992244736e-01
5.319422441001588897e-01
2.654906168337970995e-01
3.755673744163830485e-01
6.341341237856737978e-01
5.431970839752487956e-01
4.601423537160075905e-01
3.172719142677549176e-01
4.978370196209656595e-01
3.077253694868971046e-01
2.887942576320636778e-01
5.164103048703051480e-01
5.480952045843155984e-01
4.647191473342481283e-01
4.335199400169231221e-01
5.618272378697500846e-01
3.251021100956426602e-01
4.578226494877053465e-01
3.019513190343750542e-01
5.336619835607306905e-01
4.260131654575339266e-01
4.909593484461707846e-01
5.840151087654235074e-01
5.319422441001588897e-01
6.127027731509384623e-01
4.400605525366500514e-01
4.068569968634950795e-01
4.846671148261857964e-01
5.321405488820819540e-01
3.286587007040839281e-01
5.276932069644439949e-01
3.062702049921470770e-01
3.785957744550803028e-01
5.010735077502316281e-01
5.632231803204076348e-01
5.198482814494231885e-01
3.860208584652338182e-01
3.925337230790629794e-01
2.774938486903806845e-01
1.276666339494636204e-01
4.065679600401455041e-01
5.987989072356373343e-01
5.321405488820819540e-01
4.540926317130050682e-01
3.574592097472036878e-01
4.884115500536586607e-01
5.766987139103022519e-01
3.210409694447869389e-01
4.292360659872673234e-01
5.447208533437120082e-01
4.989050413646337057e-01
6.147559039679971749e-01
4.027583130450495541e-01
6.468868585294914597e-01
4.381854851087681468e-01
4.407003264577528667e-01
5.304443492314311337e-01
5.068153697920807499e-01
4.789759544890622167e-01
4.486377122168332399e-01
5.386202903570082023e-01
5.955528410783056392e-01
3.280337992830339444e-01
4.062253026820742408e-01
3.062702049921470770e-01
4.316739181800220426e-01
4.313180687123454038e-01
5.623695114148460350e-01
5.064972871698713019e-01
3.073727890215069425e-01
3.633220024227117317e-01
4.232097165554754015e-01
6.387109174039142800e-01
6.035802183096321549e-01
3.755383489896718108e-01
4.538608907263023684e-01
6.014479332758485564e-01
1.692412332570132627e-01
6.326859654391581156e-01
3.911471213625148380e-01
6.106404556381598292e-01
4.448992151588820887e-01
2.328838413249878225e-01
5.431970839752487956e-01
5.846520747600130186e-01
3.792055814651721368e-01
1.480109129066637663e-01
2.585124227213442261e-01
5.599614795783592891e-01
5.616306268864743600e-01
3.607385594221393377e-01
3.874015677456552620e-01
5.556396835215119401e-01
2.508645302880471162e-01
4.851837512694420207e-01
4.070879944746500501e-01
2.855623639420227788e-01
3.120740807900346803e-01
3.648433413730495234e-01
4.320161023013946444e-01
4.581013404816509094e-01
3.859258259255847201e-01
6.358303234363246181e-01
6.468868585294914597e-01
3.885701376842880528e-01
6.357481155800278616e-01
3.354676548544082704e-01
3.631657333868600346e-01
6.306330680702929570e-01
6.127027731509384623e-01
4.830790116673437939e-01
4.185291008548255864e-01
4.132928705541221159e-01
4.537537467363838006e-01
5.460278572296036748e-01
4.882812461528162062e-01
5.285178615648244982e-01
6.193180323416157540e-01
4.501926158412147272e-01
3.387467804357084389e-01
4.249095553370936251e-01
2.355143022053188262e-01
5.457573307899998838e-01
5.319422441001588897e-01
6.105363808787431790e-01
4.250755619481958458e-01
5.987989072356373343e-01
2.230960863540537853e-01
3.491117190191112551e-01
3.534528477253583989e-01
5.057894036469351429e-01
5.158742789227238612e-01
5.572679329096352774e-01
1.651583260046880219e-01
5.702189724353760036e-01
5.598219371159693925e-01
1.507142016200382351e-01
4.901310194793209174e-01
5.407748074334949306e-01
6.243987182728991669e-01
6.306330680702929570e-01
3.537938932930747016e-01
3.878261784121043165e-01
2.045896587548595436e-01
1.271234946919883035e-01
2.240832978124003283e-01
3.964788074446501942e-01
3.795617257053673921e-01
4.494005393208204135e-01
6.423100649112508664e-01
4.477994357168739725e-01
4.497333760559534266e-01
5.939332712649154633e-01
5.587189766176170469e-01
5.367173425003225473e-01
5.084500700834473363e-01
2.917337851075991750e-01
5.065174977965155589e-01
2.745063141425406750e-01
3.951514501191943918e-01
6.222253566470645758e-01
5.367173425003225473e-01
5.114233999427409971e-01
5.350211428496716159e-01
6.071598455567098762e-01
2.911105837215687275e-01
4.117212853620970670e-01
3.888548261972292752e-01
5.068153697920807499e-01
3.023696494662957979e-01
2.782962612698628435e-01
4.100428505369139720e-01
3.111050625959154159e-01
3.053499058561407464e-01
4.744197436009979785e-01
4.316739181800220426e-01
4.447012612768260209e-01
3.357243414332303777e-01
2.842460341853750849e-01
5.367122920783614637e-01
6.376510634367135166e-01
3.301376088341811954e-01
5.021215794436673097e-01
5.367173425003225473e-01
6.127027731509384623e-01
3.336793638411041929e-01
3.908603601913244741e-01
2.138964528645786733e-01
1.985310789208229454e-01
4.130911405487928678e-01
3.377745426105814297e-01
2.701640038516700537e-01
6.306330680702929570e-01
4.032138517513813025e-01
4.208321681055444130e-01
2.960190351927466934e-01
4.842829314415181829e-01
4.309299715884614690e-01
5.129287672324530645e-01
2.397376714730919678e-01
5.987989072356373343e-01
5.664412210532854264e-01
2.296068882878290474e-01
5.223540203976501095e-01
3.044012966052968006e-01
4.001136498667814956e-01
2.408417214656405347e-01
3.744282997111555433e-01
6.176485630288240936e-01
4.310711838394664097e-01
5.678491421194878930e-01
5.325768485885340464e-01
5.949681918009223081e-01
4.297359256542668260e-01
3.100865811366191327e-01
4.827831830190791318e-01
2.848031300277288902e-01
2.435835617679644738e-01
6.468868585294914597e-01
5.695701228259757443e-01
5.068466063245005149e-01
5.449250298777945645e-01
1.568150792317117015e-01
4.227177789518846707e-01
4.670368651741145793e-01
5.317100876671384535e-01
3.124099538068372817e-01
2.885469545064994756e-01
4.145773110380760462e-01
5.033161395667370419e-01
1.599572046076861431e-01
3.570837935582965028e-01
5.939332712649154633e-01
2.522742138569289971e-01
5.064972871698713019e-01
4.070436395257546192e-01
4.914784104223944294e-01
6.129443881854998999e-01
3.782789921164421698e-01
4.285746570521452026e-01
4.635053057000292909e-01
2.994486363242083171e-01
3.598957271484616860e-01
2.156016793519460462e-01
5.987989072356373343e-01
4.234544214005666052e-01
4.132608803561407251e-01
5.553846859601186958e-01
3.387467804357084389e-01
6.357481155800278616e-01
5.192509451046306568e-01
5.695701228259757443e-01
2.632381881965066284e-01
5.654438740352123460e-01
4.310910772426526649e-01
4.223011399280020561e-01
4.121512062993424874e-01
5.343042847716047428e-01
4.815582646526526123e-01
4.766122023492481707e-01
5.110128834771135997e-01
3.083729601806606269e-01
4.060270758548016889e-01
4.086824047883596545e-01
4.015578586149415319e-01
3.416282071668451659e-01
6.306330680702929570e-01
3.752127967528454677e-01
3.546228130522363076e-01
3.000258167145515298e-01
6.151131744969836612e-01
4.176720243955786005e-01
4.199914015261671518e-01
4.570255642251030426e-01
5.571193401201941509e-01
4.341389100245210964e-01
5.431970839752487956e-01
4.254166555359768509e-01
3.269619001789864643e-01
5.499119348053587153e-01
2.960933910408807268e-01
3.363137915737534622e-01
5.528708054281870066e-01
5.764346392054580104e-01
3.659865155574408280e-01
3.763685913794046489e-01
4.405637395160146297e-01
1.885577252563097328e-01
6.404071170545652114e-01
4.814935252902119434e-01
5.251263292231764801e-01
1.443677658196987901e-01
4.411578632976877468e-01
4.336119233864003664e-01
5.132951112670069982e-01
5.813338963933301073e-01
2.886099284559537903e-01
5.480726866039542511e-01
3.969810649967009941e-01
4.784924042861742333e-01
6.387109174039142800e-01
4.732165613817574390e-01
5.616306268864743600e-01
3.933612396545144163e-01
2.046380764922632045e-01
5.630903813510494960e-01
5.367173425003225473e-01
6.306330680702929570e-01
4.670368651741145793e-01
3.172719142677549176e-01
6.468868585294914597e-01
4.870623491075386502e-01
5.023258874612605007e-01
5.223540203976501095e-01
6.358303234363246181e-01
4.333914532909550199e-01
5.130054082951834848e-01
3.504396063322513521e-01
1.350728025235070906e-01
3.646742244753294337e-01
6.193782281952030511e-01
4.811270537218497179e-01
3.218251812763953112e-01
5.587189766176170469e-01
4.316739181800220426e-01
3.597308179309603449e-01
4.468082785059345752e-01
5.205705576875228058e-01
2.062692166467084143e-01
5.051554649952153531e-01
4.728323779970898810e-01
6.170626524451945372e-01
5.731944484381694682e-01
4.076862425770355625e-01
3.257384226223814516e-01
6.306330680702929570e-01
3.102070461211652863e-01
5.633668584329191154e-01
4.804718730514889180e-01
3.059718648529203833e-01
4.117703621800863911e-01
4.300056227603282211e-01
5.925645574382435443e-01
3.610961677546117299e-01
3.720981147399339828e-01
3.504903200939629149e-01
4.616675526688226450e-01
3.350153246575541810e-01
4.855520062323300245e-01
3.482473768746133236e-01
6.154410779500105733e-01
3.393150670319388107e-01
6.306330680702929570e-01
4.534927737951156557e-01
5.057894036469351429e-01
6.360853209977179734e-01
2.822904799320016811e-01
5.613941817003986756e-01
3.124829675877072721e-01
4.503298729850687687e-01
5.942685178381461597e-01
4.338615722193697177e-01
5.473202750727984567e-01
5.373963736558716731e-01
6.083409143282556553e-01
5.559997072008773245e-01
5.522392351426907986e-01
3.354676548544082704e-01
2.324875619770413460e-01
5.064681905445791443e-01
5.618644274350449441e-01
3.704198402934519851e-01
6.468868585294914597e-01
3.590117161101711307e-01
4.607364824867783981e-01
3.774976162750212083e-01
5.568173880821580823e-01
3.191495514966775082e-01
3.704198402934519851e-01
6.101870617241139660e-01
5.792236556874510445e-01
1.537380696871704089e-01
5.852284916105389145e-01
4.730505391797251158e-01
3.396375827792164626e-01
4.569581552796689872e-01
3.122384898504980688e-01
4.365022893332263787e-01
1.776800347618579246e-01
4.480927354123349082e-01
5.553846859601186958e-01
2.998828096356720985e-01
4.164958605306461892e-01
4.785057050125927081e-01
4.418836811714717538e-01
3.083729601806606269e-01
4.468082785059345752e-01
6.468868585294914597e-01
8.824484045791160247e-02
2.243792898536125791e-01
2.982663275540208825e-01
5.407724294008946497e-01
3.599389852234539666e-01
6.357481155800278616e-01
2.887942576320636778e-01
5.114233999427409971e-01
3.277745749165477118e-01
3.083729601806606269e-01
5.164103048703051480e-01
5.498334892483771608e-01
6.356320186544015538e-01
6.243987182728991669e-01
4.083377195699784412e-01
6.306330680702929570e-01
3.359268387202002382e-01
5.208911367294619676e-01
3.335119349214175632e-01
2.134456505788756009e-01
5.019075122314005100e-01
4.886146740960190527e-01
4.510549132871982114e-01
3.100865811366191327e-01
4.183809674781251431e-01
5.237663029745817100e-01
3.590117161101711307e-01
5.955528410783056392e-01
5.278984334956997593e-01
5.766987139103022519e-01
5.805346067810890354e-01
5.936762102958915710e-01
1.099521228037812215e-01
3.040119455548736527e-01
2.116383906006014115e-01
1.915964139576672443e-01
6.062478184485234900e-01
6.306330680702929570e-01
2.803909824520894323e-01
5.276932069644439949e-01
3.356662072203016045e-01
5.614428064853541622e-01
6.243987182728991669e-01
1.546976701279855204e-01
5.470718758009078808e-01
3.053972057238553695e-01
3.702121405209826133e-01
5.539576824269749622e-01
3.881315473583838993e-01
5.897747716997587819e-01
5.028234063060128545e-01
6.009224532412743569e-01
5.296266683501503758e-01
4.209592217132165914e-01
5.498517645208967908e-01
5.766987139103022519e-01
3.960153053069752072e-01
4.842701036399797987e-01
3.100865811366191327e-01
5.773311148805548854e-01
3.516068230820899032e-01
5.942221136173968521e-01
4.366461231471598925e-01
5.067865841538746752e-01
5.043659781283126309e-01
3.001405786408021248e-01
6.241533265953668197e-01
2.039005036808116955e-01
3.855146818730504354e-01
2.951049501857250235e-01
4.734231607463794678e-01
4.541741086664982108e-01
3.598313716347203983e-01
2.715736874205519347e-01
4.029374917054270311e-01
3.083729601806606269e-01
4.541588958684107391e-01
2.938047904063341154e-01
4.023157813320129561e-01
5.773311148805548854e-01
5.431970839752487956e-01
5.165558110713421858e-01
6.243987182728991669e-01
5.464216943103178403e-01
5.633668584329191154e-01
4.196008647335391917e-01
4.205638438328492268e-01
4.042248004008239803e-01
6.404071170545652114e-01
2.721442389631695269e-01
3.635966985006648389e-01
6.096543254627863062e-01
5.637606992554564656e-01
6.468868585294914597e-01
3.893944075005134065e-01
3.895709321688275995e-01
6.404071170545652114e-01
5.223540203976501095e-01
4.425947371368670891e-01
5.367173425003225473e-01
4.316927287411422287e-01
5.350211428496716159e-01
5.092501705279938173e-01
6.104541730224464224e-01
4.982687096090811507e-01
6.392357022908845554e-01
5.438418886737407254e-01
3.567440501450632184e-01
6.251169619688949908e-01
3.275790123713522850e-01
4.330518640200508029e-01
4.525387638460807160e-01
4.146490430366117086e-01
5.019204935516307087e-01
3.741086687017067813e-01
5.026519451560410578e-01
5.676745783744236995e-01
3.723046851054259698e-01
4.359122933022702706e-01
6.227146973213962822e-01
5.196757212428180228e-01
5.367173425003225473e-01
3.817537936409694521e-01
4.027608617463648288e-01
6.306330680702929570e-01
3.889258819651561505e-01
4.878202718246100744e-01
3.970350155394434255e-01
5.132951112670069982e-01
3.994850990247503786e-01
4.648713062891036141e-01
5.664412210532854264e-01
5.360149812848322703e-01
2.596589194368820186e-01
3.328984096823729977e-01
2.299297735401503728e-01
2.613854728614897205e-01
5.462145838750067650e-01
3.567744313590570093e-01
4.086643284561082834e-01
3.775797248690629382e-01
4.185598605126629734e-01
4.316739181800220426e-01
3.507550606354624678e-01
4.236708521978383990e-01
5.524186709494756098e-01
5.449250298777945645e-01
4.718143580293249206e-01
4.495981332602699276e-01
1.635222669117923078e-01
6.423100649112508664e-01
5.218897461971159224e-01
4.273509150733654782e-01
6.229407196588733209e-01
5.791039819945777989e-01
5.350211428496716159e-01
5.510539658627541248e-01
5.132951112670069982e-01
4.225316734491372794e-01
5.687132471779086096e-01
5.124971252644023867e-01
5.691551737549778167e-01
3.588683489847456221e-01
6.216089325344144045e-01
5.367173425003225473e-01
3.083729601806606269e-01
3.732117369399343687e-01
4.191654132776247987e-01
2.965146337546069044e-01
3.608062612691804727e-01
5.068153697920807499e-01
4.128136910086423472e-01
5.678491421194878930e-01
6.438124959091250377e-01
2.900522406194354086e-01
3.140891930200747084e-01
3.839190031852063867e-01
3.196785788836103981e-01
3.755856403343446059e-01
3.667726445537554114e-01
5.480952045843155984e-01
5.141780792720730409e-01
3.176835365460854987e-01
5.862222910683742017e-01
3.771745290681851603e-01
5.350211428496716159e-01
3.052261653211175152e-01
3.392697763154180479e-01
5.611736870752231932e-01
4.099313594838614461e-01
5.237663029745817100e-01
5.613941817003986756e-01
5.927020325433004500e-01
3.992952232193436868e-01
2.996508191940875920e-01
3.723770816933425487e-01
3.027413306919853331e-01
5.621177310938512139e-01
4.847436818839678807e-01
3.256474893540169946e-01
4.859575005475497145e-01
6.387109174039142800e-01
6.156911407741441078e-01
2.247641668267910953e-01
4.273827260795901029e-01
4.955305801560030421e-01
4.091701064401784271e-01
5.285517335880705048e-01
2.855037369517628987e-01
3.672317912091941916e-01
4.449794777867984719e-01
5.431970839752487956e-01
3.132176307158416884e-01
6.306330680702929570e-01
4.061324862372313049e-01
3.480679901272886179e-01
6.404071170545652114e-01
4.324576327648994023e-01
4.767189241367792985e-01
5.027800545815004352e-01
2.462877366698065507e-01
3.870595432754069809e-01
1.991919867634512620e-01
2.215472086241607463e-01
6.243987182728991669e-01
5.132951112670069982e-01
5.184997975821488136e-01
3.772351045089509802e-01
6.468868585294914597e-01
3.376031961059156594e-01
2.926313399868784582e-01
5.069168834813776447e-01
3.946964102186867884e-01
6.306330680702929570e-01
3.997622834151494109e-01
3.829688858756624126e-01
6.101870617241139660e-01
5.343881059773495368e-01
3.577399369166219811e-01
5.300907434025372567e-01
3.295021147273338169e-01
5.158742789227238612e-01
2.855037369517628987e-01
3.627924764378338551e-01
5.766987139103022519e-01
5.727543212623142921e-01
5.033382574838317636e-01
6.358303234363246181e-01
5.122835122678994768e-01
4.051518433416806397e-01
4.989050413646337057e-01
2.853886538523520144e-01
5.599614795783592891e-01
3.312126335039580760e-01
3.818361115692328611e-01
5.350211428496716159e-01
4.880311548492502483e-01
4.359727393383160954e-01
3.458550662044751478e-01
4.857042086339107279e-01
4.765066203626477925e-01
2.508134628201010297e-01
4.432700850910865076e-01
3.843723560431363540e-01
2.419680676315847379e-01
3.370562416439022990e-01
2.721442389631695269e-01
4.375101435987999166e-01
5.599614795783592891e-01
6.357481155800278616e-01
4.447012612768260209e-01
6.205291569964137555e-01
6.243987182728991669e-01
5.132951112670069982e-01
5.447688931569697468e-01
2.338396551446367544e-01
3.477737065401980687e-01
5.104380571093382057e-01
5.702513642557170970e-01
3.961428465989412784e-01
2.522742138569289971e-01
3.357243414332303777e-01
3.592191540589541043e-01
3.498685443425819108e-01
2.470364878663300900e-01
3.501771438335202768e-01
3.819246988183734870e-01
2.963787181583193431e-01
4.765066203626477925e-01
2.545488122771416006e-01
5.026519451560410578e-01
5.599614795783592891e-01
4.692170331763990121e-01
5.773311148805548854e-01
4.592339188620587209e-01
3.771591741847546420e-01
4.044280123760302104e-01
5.265197058224956317e-01
2.004252296471624728e-01
3.024954244098196909e-01
3.062702049921470770e-01
2.505591758933023439e-01
4.188035881182546882e-01
2.428792793341262024e-01
5.296266683501503758e-01
1.907708452090844664e-01
5.426979328640531008e-01
5.587189766176170469e-01
2.834552904816262653e-01
4.803455448378251558e-01
2.606175311009094053e-01
5.664412210532854264e-01
1.521039828469339383e-01
5.321405488820819540e-01
4.129357206989346385e-01
4.982758450580959120e-01
5.038191112873264821e-01
5.304443492314311337e-01
4.248070024603349815e-01
1.699499186734547973e-01
5.401227213548823736e-01
5.773311148805548854e-01
3.083729601806606269e-01
3.021666815411155893e-01
5.512239814216859379e-01
5.367173425003225473e-01
4.888468972582203365e-01
5.008133157066829710e-01
5.528708054281870066e-01
3.933749467845111258e-01
4.367862111881641862e-01
4.544811701641507384e-01
5.805346067810890354e-01
5.683069793446763329e-01
2.522742138569289971e-01
3.707030649219951735e-01
6.387109174039142800e-01
2.979768325652050742e-01
6.040672937257580699e-01
2.737953893488372925e-01
6.062230316760122140e-01
6.062230316760122140e-01
1.375514742658449086e-01
5.214271874146523267e-01
4.453929101721151307e-01
6.170626524451945372e-01
4.342376377185463987e-01
5.565203563337863812e-01
4.712706171698263224e-01
4.848688252908826546e-01
5.391446484682514972e-01
3.230093266581499645e-01
6.015614127961276258e-01
3.814916025283618395e-01
3.957332770224692986e-01
4.150037333706041998e-01
5.978329439283642799e-01
4.955672412927065729e-01
5.431970839752487956e-01
3.396375827792164626e-01
3.075546055633199272e-01
3.285211286234416272e-01
4.812071205276839403e-01
5.613941817003986756e-01
5.241392771041357701e-01
2.030723320784164065e-01
3.396375827792164626e-01
4.094168069243239727e-01
3.858113729076294018e-01
5.660102711146526300e-01
5.939332712649154633e-01
5.773311148805548854e-01
4.015578586149415319e-01
5.310325210196245038e-01
3.076129137710287842e-01
4.566005273026246813e-01
4.625695502356071964e-01
4.179372252852746605e-01
3.707030649219951735e-01
3.526442521987518397e-01
4.084832220291921279e-01
6.404071170545652114e-01
6.387109174039142800e-01
2.161918404388822879e-01
3.004248975447601500e-01
3.977389877137724183e-01
4.504537730672768525e-01
4.434690405344929864e-01
3.328984096823729977e-01
5.346675370207777389e-01
5.766987139103022519e-01
6.404071170545652114e-01
3.472354655372059118e-01
2.924685900092580670e-01
6.243987182728991669e-01
3.354858544589470748e-01
4.647191473342481283e-01
1.223477073805927379e-01
1.508899784434047098e-01
5.323955464434753093e-01
5.043336224789294331e-01
5.773311148805548854e-01
2.701921372692998036e-01
5.467809009210057303e-01
5.151230894086703538e-01
4.147871457285754460e-01
3.929719116786679067e-01
2.677412840078034484e-01
2.064540831902095253e-01
4.019676268198631441e-01
5.386202903570082023e-01
4.368221295729571851e-01
5.611736870752231932e-01
5.233714109075966459e-01
3.874020934718186426e-01
2.737126279105819848e-01
5.366822978312529857e-01
4.612487455701985706e-01
5.054352295806083806e-01
4.747497516217109026e-01
2.851564974193315782e-01
4.796506734012213058e-01
3.673454776730856186e-01
5.691551737549778167e-01
3.472612425416584658e-01
4.643393982179835899e-01
6.358303234363246181e-01
4.593126954664563666e-01
2.581852241862375719e-01
6.356320186544015538e-01
3.136231404141123780e-01
3.176520257172352757e-01
2.038958575836381792e-01
2.668051461498354149e-01
5.635990815951203992e-01
4.609818741643108009e-01
6.423100649112508664e-01
5.138129638028120505e-01
6.081259795326978690e-01
3.280337992830339444e-01
6.422278570549541099e-01
6.341341237856737978e-01
3.025384668102786834e-01
6.318377710288566318e-01
2.970718329128576030e-01
5.321405488820819540e-01
2.358993041138173208e-01
4.090958445533832144e-01
5.555186942659559035e-01
5.809579578043245762e-01
5.901775039257997069e-01
2.495610728190583161e-01
4.811794727155574436e-01
4.517065960804185765e-01
3.083729601806606269e-01
3.396375827792164626e-01
3.101792647467375152e-01
3.083729601806606269e-01
4.114115945060508595e-01
4.259002223691902844e-01
4.895653737787725168e-01
2.421215871549413368e-01
6.439483432691085751e-02
3.977828943714573628e-01
3.722943793966821402e-01
4.621531566129645219e-01
5.755637578091127304e-01
2.740568092301020053e-01
4.774982193166070199e-01
3.555892085400920721e-01
3.660779280909969291e-01
5.124971252644023867e-01
2.118705470336218477e-01
3.083729601806606269e-01
2.648671536240802538e-01
4.246888091782457519e-01
3.231035081408940579e-01
4.412809320715022632e-01
5.622532120150073309e-01
4.309341031849412973e-01
3.845599973564393093e-01
4.345183186348719473e-01
3.646197950831534529e-01
5.125121420325284838e-01
3.422952380874262901e-01
6.124858588269540549e-01
2.033834336018192079e-01
3.879172330818445591e-01
4.363981140642802514e-01
4.495270933950917813e-01
4.241219260775440647e-01
4.396258030883488654e-01
5.748906480888202886e-01
5.633846747084562123e-01
2.179790934080594600e-01
2.836041890611766259e-01
2.834314757516376848e-01
4.520302522522641753e-01
5.158402866414369958e-01
5.973304523044827841e-01
3.986897063135211305e-01
4.541511070554847262e-01
4.856466377732566730e-01
4.015578586149415319e-01
3.503563150102512735e-01
5.766987139103022519e-01
3.987682550824600547e-01
3.030776852606493210e-01
3.357243414332303777e-01
3.281514496889367249e-01
3.771745290681851603e-01
3.176520257172352757e-01
4.166566642404908594e-01
2.185194861672861699e-01
5.572679329096352774e-01
6.303918234762310169e-01
4.792137298932951373e-01
2.421642103672594082e-01
4.826649011805068112e-01
6.151291910594881562e-01
4.585027077737302559e-01
4.816030766236794047e-01
1.830402164908992713e-01
6.241533265953668197e-01
4.065765959602743451e-01
4.681979942893814695e-01
4.357213748793971608e-01
5.773311148805548854e-01
6.040854829363435652e-01
4.444885265693861442e-01
4.358174112670664679e-01
4.882812461528162062e-01
2.239971956535800612e-01
6.134831359976602450e-01
3.328984096823729977e-01
5.051191701414298185e-01
2.951049501857250235e-01
2.990072758018417765e-01
6.216089325344144045e-01
3.267433369582334324e-01
5.987989072356373343e-01
6.241533265953668197e-01
3.692857602985952781e-01
5.035694712892175851e-01
3.465130439916376814e-01
3.220277474752763491e-01
1.794283516697490755e-01
5.180799365366491882e-01
4.477994357168739725e-01
4.455830845958032027e-01
2.963295673353817938e-01
5.204911996453714940e-01
3.295800890224678814e-01
3.524950120738924997e-01
5.571193401201941509e-01
6.306330680702929570e-01
4.015578586149415319e-01
4.316739181800220426e-01
4.316739181800220426e-01
3.270626262144940566e-01
3.041500916935626631e-01
4.887229703596124852e-01
1.676683584871888344e-01
5.614615871118885382e-01
3.703883487973551047e-01
5.386202903570082023e-01
3.950839584378912361e-01
5.449250298777945645e-01
4.071444917438565847e-01
5.431970839752487956e-01
2.866851588059060041e-01
3.454645276448751190e-01
4.890695541375232880e-01
5.618272378697500846e-01
2.200628931437423053e-01
6.038583346218938663e-01
5.276932069644439949e-01
3.981683069450550061e-01
3.741086687017067813e-01
4.629753408824385241e-01
3.999409150417589931e-01
4.797195900935367630e-01
5.479174390858435606e-01
5.766987139103022519e-01
4.015578586149415319e-01
5.458821313003917597e-01
6.241533265953668197e-01
5.110128834771135997e-01
5.460278572296036748e-01
3.847183661787585418e-01
6.205291569964137555e-01
3.119494212216510354e-01
6.468868585294914597e-01
3.465702175953924713e-01
5.715104712452104829e-01
4.116531882330078385e-01
4.446439125349562760e-01
4.638435084175488443e-01
4.429035818211664033e-01
4.104333424276631614e-01
1.985310789208229454e-01
5.431970839752487956e-01
1.489083892076552285e-01
4.117322061850036685e-01
3.176520257172352757e-01
3.440931643994793454e-01
2.901217430110254458e-01
4.505189090629795889e-01
5.367173425003225473e-01
3.104291951519047021e-01
4.151279654356841431e-01
5.323955464434753093e-01
5.343042847716047428e-01
4.087693046831040178e-01
5.141780792720730409e-01
4.186228960982609770e-01
1.221296524241613363e-01
3.086388497737094783e-01
4.507417157191511148e-01
3.675502466625124587e-01
3.991248832651260181e-01
2.419273849703680035e-01
6.468868585294914597e-01
3.328984096823729977e-01
4.519835593914285909e-01
5.055861846038406382e-01
3.589708040544026257e-01
2.279037343547712924e-01
4.707365546400438805e-01
5.114233999427409971e-01
5.019075122314005100e-01
5.000442201133348252e-01
1.951115169971398000e-01
6.306330680702929570e-01
4.197496106259139825e-01
3.253817311405391988e-01
6.306330680702929570e-01
4.259083220652627455e-01
5.367173425003225473e-01
3.678546334841344412e-01
4.851343791592364618e-01
5.587189766176170469e-01
5.350211428496716159e-01
3.678037902137634152e-01
5.431970839752487956e-01
3.272900027801606271e-01
3.727992533146848864e-01
4.650573197014237770e-01
4.794874336605163823e-01
3.865514083584619676e-01
5.002540750720433360e-01
4.580331167542091575e-01
5.524201907533430322e-01
6.222253566470645758e-01
6.333164429043930399e-01
4.054571256023887793e-01
5.890994166776510887e-01
3.893953242472040222e-01
3.051176826939394626e-01
5.200426309163163063e-01
3.426723644974273286e-01
4.386607916593289191e-01
5.537995645146910340e-01
5.403587408046265361e-01
3.984103337880505746e-01
3.261693288024704040e-01
1.767437404748911367e-01
3.199138269980720817e-01
4.673627695580823693e-01
3.354858544589470748e-01
2.412748615141959985e-01
5.315918296307194924e-01
5.276571825613262101e-01
3.135551025305575723e-01
4.575803606131443879e-01
3.042347279931337800e-01
5.386202903570082023e-01
4.012793765394594425e-01
3.924987925356018814e-01
2.369177500257929336e-01
3.640242471219843345e-01
3.678546334841344412e-01
5.743002569836951343e-01
5.691551737549778167e-01
5.991323575258400425e-01
5.260903518754087571e-01
4.071444917438565847e-01
1.295161693583748164e-01
2.508645302880471162e-01
5.457448365304263804e-01
3.981956959477416791e-01
5.897239098242111899e-01
4.389389716865249591e-01
4.553803522168360374e-01
4.792137298932951373e-01
4.313180687123454038e-01
4.745686278368925759e-01
4.425249504706513792e-01
4.718143580293249206e-01
3.631144867271572374e-01
3.784695213896996369e-01
4.261224401039616638e-01
6.468868585294914597e-01
5.202252620322579402e-01
3.512876199917030484e-01
2.522742138569289971e-01
5.633357730285819542e-01
2.366804223930728257e-01
6.193894602130747273e-01
4.341267731090657778e-01
4.977664120403097470e-01
5.877423721424706038e-01
5.664412210532854264e-01
4.601434548514316547e-01
4.270397819523442662e-01
4.232164468481863229e-01
1.839301677775022348e-01
5.695701228259757443e-01
5.630903813510494960e-01
3.696030914379733190e-01
2.589683751070215867e-01
3.359268387202002382e-01
5.386202903570082023e-01
1.804904484442162449e-01
4.127941025640491368e-01
5.634835996797172841e-01
2.422429422776574137e-01
4.477735655825988981e-01
6.151131744969836612e-01
5.014484658776121595e-01
2.601018602559247439e-01
5.567580065948203316e-01
4.689295032684145936e-01
3.483125902013294306e-01
4.360494056583532618e-01
5.610354598636976275e-01
3.357243414332303777e-01
4.454427442935497417e-01
2.401635001030014427e-01
5.198482814494231885e-01
5.360166301816009504e-01
4.813158034463441703e-01
2.326895636803127387e-01
4.146490430366117086e-01
5.386570949302688094e-01
5.876900591670876084e-01
5.123326241135117698e-01
6.009254957593160862e-01
6.333164429043930399e-01
4.552281882728829721e-01
3.919776707896313050e-01
4.420375133449468419e-01
4.643041045097904274e-01
1.822416026935087807e-01
4.825587578164828861e-01
5.431970839752487956e-01
3.730369901573506453e-01
2.623311260719843885e-01
2.920793961154105056e-01
5.614428064853541622e-01
4.071033317922992945e-01
3.777478692045626585e-01
4.091065667478401280e-01
4.258479655211557247e-01
3.860490348098911118e-01
2.508645302880471162e-01
4.295490377986464492e-01
5.582652799277083577e-01
5.367173425003225473e-01
6.291522771794753055e-01
3.280337992830339444e-01
5.414865022112668180e-01
5.746468620692104512e-01
5.118335112520646657e-01
4.248019956929782182e-01
3.221864755126253588e-01
3.423863563681613931e-01
2.682255230179837469e-01
4.272900334267322742e-01
5.367173425003225473e-01
5.503216301486668627e-01
3.113079176427616113e-01
5.630903813510494960e-01
4.196008647335391917e-01
3.072166259000405075e-01
4.090818754957606385e-01
6.422278570549541099e-01
2.036217272485690843e-01
5.358402383480113107e-01
6.404071170545652114e-01
6.071598455567098762e-01
1.773407286222445367e-01
3.667535926450370964e-01
4.412809320715022632e-01
6.093357528696131675e-01
4.624600715558740416e-01
6.241533265953668197e-01
5.414510636113631925e-01
3.874361873020303326e-01
6.097608937316256750e-01
4.611427289084666925e-01
5.243037911435285414e-01
5.364400432567383303e-01
3.893953242472040222e-01
6.404071170545652114e-01
3.856703884920831826e-01
5.237663029745817100e-01
2.966286334922541013e-01
3.377745426105814297e-01
4.454020605929376320e-01
4.660886974584113607e-01
2.838777206005898557e-01
3.774539259155066939e-01
6.306330680702929570e-01
2.009149133219566563e-01
6.246493204392751242e-01
3.172719142677549176e-01
3.131040038093032551e-01
1.619353168581414704e-01
4.576888384591038528e-01
5.132951112670069982e-01
3.885069967040024608e-01
5.223540203976501095e-01
3.625876837501932903e-01
4.473420095725428869e-01
4.121275969538732431e-01
4.310189275111295237e-01
3.136005716073188565e-01
5.395200926168933764e-01
6.306330680702929570e-01
2.352493387135186353e-01
2.260894509743000824e-01
5.635990815951203992e-01
5.199453769809447845e-01
3.390010501085445327e-01
3.004983999453798016e-01
3.315994912528376082e-01
6.318377710288566318e-01
4.882812461528162062e-01
1.920568039378127423e-01
5.324987507092939776e-01
9.885353689331057014e-02
5.723462540278679844e-01
5.635990815951203992e-01
3.405721212156340161e-01
5.901831762179932106e-01
5.987989072356373343e-01
4.209598632280209252e-01
2.780427659465556922e-01
5.344861059906966805e-01
1.384839662367758906e-01
5.123330373770993429e-01
5.002540750720433360e-01
5.367173425003225473e-01
5.114233999427409971e-01
3.176520257172352757e-01
3.644135728111611017e-01
3.492514395299230467e-01
2.606195254926893523e-01
4.020949903752258914e-01
4.350594885499950437e-01
5.648968710334365539e-01
3.114279800694922939e-01
6.053470584897713280e-01
2.831664322263962585e-01
3.036956717923758320e-01
5.708513734056286371e-01
4.482468203667568929e-01
3.985092589671906382e-01
4.267327425938124974e-01
3.328984096823729977e-01
3.387467804357084389e-01
3.015502622096840057e-01
6.243987182728991669e-01
4.075933451632955951e-01
4.811312053786596099e-01
1.174283775977776612e-01
5.002176760708447745e-01
5.367173425003225473e-01
5.766987139103022519e-01
4.724115951118624257e-01
6.287050981219908241e-01
5.187632537428257251e-01
5.118389637121435465e-01
3.065802641059625633e-01
4.636341934247198981e-01
4.441196890254096585e-01
6.229819118316861637e-01
4.070892200256964188e-01
4.493537144567765762e-01
6.287050981219908241e-01
2.855037369517628987e-01
5.649933292077351510e-01
3.165020011899711827e-01
2.979768325652050742e-01
4.218213997326754061e-01
3.172719142677549176e-01
2.341038203808152030e-01
6.036786376150599098e-01
5.706547624223529125e-01
5.907032595040787593e-01
5.633357730285819542e-01
6.468868585294914597e-01
3.877502164902896786e-01
4.516783257744224622e-01
2.945608778630522950e-01
3.083729601806606269e-01
5.832950302248325336e-01
2.182349270590648871e-01
5.068153697920807499e-01
3.083729601806606269e-01
4.117212853620970670e-01
6.298053714715684537e-01
5.925645574382435443e-01
6.287050981219908241e-01
4.286969288176123438e-01
5.293448229992244736e-01
5.708513734056286371e-01
4.010084025362218307e-01
4.913788518357336543e-01
5.696799586419479811e-01
2.948619250035046657e-01
4.023157813320129561e-01
6.201000794245478120e-01
5.375166013464615089e-01
2.633045762478369300e-01
3.709107216634974225e-01
5.276886758243951592e-01
5.350211428496716159e-01
5.319422441001588897e-01
4.888468972582203365e-01
5.386202903570082023e-01
3.437508984776934673e-01
4.588997466078522658e-01
5.431970839752487956e-01
2.883977625056444172e-01
5.240568615766498795e-01
4.527653524461394130e-01
2.994387186217452035e-01
4.861350582708931500e-01
5.308167419232314721e-01
2.732762346585492774e-01
5.812739591413035312e-01
4.878393659327792120e-01
6.156911407741441078e-01
5.218283104488266044e-01
4.135024606748978204e-01
2.819290863295771388e-01
3.951285235525245354e-01
1.622957363392526497e-01
5.474641367425271410e-01
5.987989072356373343e-01
5.048177924732590860e-01
3.382708883937521893e-01
5.350211428496716159e-01
5.431970839752487956e-01
3.716438328704483873e-01
6.306330680702929570e-01
4.647191473342481283e-01
3.408602817247717298e-01
4.392438974346311586e-01
2.866665338807937169e-01
4.262167835244998204e-01
4.643259551983430211e-01
5.089441208817055973e-01
1.830511031176990933e-01
3.337705636104340012e-01
5.923191657607110860e-01
5.259970073137930635e-01
4.350490094701083277e-01
5.431970839752487956e-01
6.012786337563670314e-01
4.629956801862259996e-01
4.133604316670341228e-01
3.636862291050168006e-01
4.970148219432917736e-01
3.280337992830339444e-01
4.165419399403516021e-01
3.766242614295833846e-01
1.895111898346093227e-01
5.767935959455060546e-01
3.141130606552861027e-01
4.970148219432917736e-01
4.230869390202354197e-01
4.190273759636279904e-01
5.313503638533288997e-01
4.036764441063144249e-01
6.101870617241139660e-01
6.151131744969836612e-01
6.423100649112508664e-01
5.691551737549778167e-01
6.468868585294914597e-01
4.003777888062577950e-01
4.055028831113571264e-01
3.851069424638945971e-01
3.818784489478321831e-01
2.687111759176462056e-01
3.887458315639063522e-01
5.925645574382435443e-01
6.104541730224464224e-01
6.011629261882354136e-01
3.565849049983639274e-01
5.582652799277083577e-01
2.456758541950981589e-01
3.996198660891863153e-01
7.779589929427697947e-02
1.997314884490522802e-01
5.130054082951834848e-01
6.468868585294914597e-01
6.408619065647351842e-01
4.911827969289652707e-01
5.386202903570082023e-01
3.670980617731269824e-01
3.417752283905309274e-01
5.766792616264986293e-01
3.947868364700039545e-01
5.876900591670876084e-01
4.477994357168739725e-01
4.245283355803613490e-01
5.341729484393702432e-01
2.945495056307492199e-01
5.025862948675237085e-01
3.073051968306743098e-01
6.306330680702929570e-01
5.630019123850986684e-01
3.176520257172352757e-01
3.357243414332303777e-01
2.688399498285469758e-01
4.488148617696263720e-01
5.302025563563268484e-01
1.563659988083302144e-01
5.165558110713421858e-01
3.208764396065849067e-01
1.179277736944551458e-01
5.153685833627043023e-01
5.669641911559906156e-01
4.485529177212912999e-01
3.622828513397886585e-01
5.800062885735971507e-01
4.225469477794289164e-01
4.362049625005174347e-01
5.323955464434753093e-01
3.176520257172352757e-01
2.929067297572819917e-01
2.583094280837037737e-01
3.351146854472815684e-01
5.568660128671136800e-01
4.265326736461773627e-01
5.115253832308529480e-01
5.492411443918298053e-01
2.892903722537106259e-01
2.435199526440174067e-01
4.516783257744224622e-01
5.386484178500845488e-01
4.342765212903677008e-01
4.502622391144829317e-01
5.130629548339865620e-01
6.243987182728991669e-01
4.331460616134226171e-01
3.850640312351275574e-01
4.519835593914285909e-01
4.037993877369299156e-01
3.642503376437956630e-01
4.195454823197752314e-01
5.503216301486668627e-01
6.468868585294914597e-01
5.431970839752487956e-01
5.421221492131688136e-01
3.328984096823729977e-01
6.256307355016245131e-01
1.716425231595612999e-01
4.576888384591038528e-01
5.554458298461963928e-01
5.987989072356373343e-01
2.822904799320016811e-01
4.790776668068086885e-01
5.706547624223529125e-01
5.400538165116738343e-01
4.354615313451064007e-01
4.074092410162770128e-01
4.337802815255217270e-01
3.741086687017067813e-01
2.926521498249367026e-01
3.541519373400738857e-01
5.814471926682105440e-01
4.815733755899966329e-01
3.515096027191879080e-01
4.128828764885929536e-01
4.849033059840402449e-01
2.604300758393724435e-01
5.982606621790034218e-01
5.158742789227238612e-01
4.566133525056746967e-01
5.304443492314311337e-01
5.021210186898809047e-01
5.925645574382435443e-01
4.100005174198355085e-01
3.966074289801939656e-01
3.335468178605720535e-01
5.876900591670876084e-01
4.618569132459588999e-01
6.241533265953668197e-01
5.089424719849369172e-01
5.384273806605411883e-01
3.083729601806606269e-01
3.992438742831393439e-01
1.811003728020420533e-01
3.772351045089509802e-01
4.572212129361722388e-01
4.497966259648706888e-01
3.809806633227872941e-01
2.453454625335649009e-01
5.624788212967758438e-01
4.930283215191353374e-01
5.386202903570082023e-01
3.050591378159114853e-01
5.346869916951906276e-01
3.449237744233442093e-01
1.672289171043795930e-01
3.790918548806205268e-01
5.254625026252326414e-01
3.280337992830339444e-01
3.987195154443193279e-01
5.925645574382435443e-01
5.470104400526184518e-01
5.192796577772837985e-01
6.404071170545652114e-01
3.362895263698241766e-01
5.306303064124633373e-01
3.083729601806606269e-01
6.333164429043930399e-01
2.390983500007810569e-01
5.874418604984977810e-01
4.945453357533389771e-01
3.083729601806606269e-01
6.422278570549541099e-01
4.524218569196652440e-01
4.722600814136345693e-01
3.947058574908186013e-01
4.296961883231125712e-01
2.844945152576789926e-01
5.164103048703051480e-01
3.083661741763594200e-01
5.188648089039966660e-01
4.872126310183480524e-01
2.182349270590648871e-01
6.287050981219908241e-01
5.321405488820819540e-01
3.618572114640730697e-01
9.449479885513864530e-02
2.892152529696987440e-01
3.936136370645230698e-01
5.635990815951203992e-01
6.053850687616272319e-01
3.624524244281238650e-01
5.429649275422283594e-01
5.423199798229375590e-01
5.672684456625857186e-01
3.083729601806606269e-01
5.350211428496716159e-01
5.321405488820819540e-01
5.350211428496716159e-01
5.630903813510494960e-01
2.855037369517628987e-01
3.134836373448058877e-01
5.987989072356373343e-01
4.307274250341524557e-01
2.292268371232784596e-01
6.291522771794753055e-01
3.387467804357084389e-01
4.447012612768260209e-01
2.088306867258361565e-01
6.159538456598687706e-01
5.238277387228711390e-01
6.287050981219908241e-01
3.450104931514806905e-01
3.698254956402688975e-01
2.634485604622763266e-01
5.485099423462408419e-01
3.296795299495760556e-01
1.982848911703990191e-01
3.514625264254110926e-01
4.448237457025798758e-01
3.387467804357084389e-01
5.877905003043323306e-01
6.135905305857954906e-01
5.907007378270423548e-01
5.026519451560410578e-01
4.290155370620457043e-01
6.198219246546585737e-01
1.952133419853412100e-01
2.967178243182691522e-01
2.594212567031040084e-01
4.985002168357716701e-01
2.737953893488372925e-01
5.431970839752487956e-01
4.152385604260133700e-01
5.185261077964111731e-01
5.319422441001588897e-01
5.857033971623771818e-01
5.794801888515207500e-01
6.101870617241139660e-01
3.206222801096549890e-01
5.574170855174068739e-01
3.083729601806606269e-01
2.311981540148745351e-01
5.472463489106983436e-01
6.193180323416157540e-01
2.885021238263565380e-01
3.958009951880172572e-01
1.607034849536054522e-01
4.277967798154414525e-01
5.321405488820819540e-01
5.256386218254244236e-01
3.943051166423111598e-01
4.944735911781197313e-01
4.013943765911826000e-01
2.225795925158382815e-01
5.599614795783592891e-01
3.795370762369805751e-01
3.880954886552198668e-01
6.016462380577716207e-01
4.743928669162748024e-01
5.533421956410431441e-01
4.267932757311879155e-01
3.837033263653147896e-01
2.602395460464173027e-01
4.417896934320191815e-01
3.635058806051832403e-01
2.521484010794147190e-01
4.181544886382144721e-01
5.102962251708311747e-01
3.725540995547459988e-01
5.424950821826672875e-01
4.107675631176925246e-01
5.092546136312572358e-01
3.011231303858962205e-01
5.587900648146786331e-01
5.427562435663108031e-01
3.689959833218234841e-01
5.766987139103022519e-01
6.243987182728991669e-01
2.182349270590648871e-01
6.035468153655035861e-01
4.146490430366117086e-01
4.771291659941577223e-01
4.844402096263062951e-01
2.268237934489718277e-01
4.065679600401455041e-01
5.987989072356373343e-01
2.920793961154105056e-01
5.428511256015144948e-01
5.367173425003225473e-01
5.411271547625101652e-01
5.766987139103022519e-01
5.397935074322098847e-01
5.630903813510494960e-01
4.280873572305652353e-01
5.453405936471971138e-01
5.083629529550768300e-01
5.499119348053587153e-01
2.786580424628100072e-01
6.356320186544015538e-01
4.094403275054311342e-01
3.954837279714526477e-01
3.941786455117879950e-01
3.172719142677549176e-01
5.346675370207777389e-01
4.907626729164444312e-01
3.844862097457381056e-01
3.123517492268439444e-01
2.144585685706705547e-01
5.585135877328090137e-01
4.202252020747376804e-01
2.691189082589137138e-01
5.549630650104279139e-01
4.089117719000434636e-01
4.930576110562026604e-01
3.817189173539451974e-01
4.987393459484965041e-01
6.468868585294914597e-01
5.323955464434753093e-01
3.062702049921470770e-01
5.321405488820819540e-01
5.431970839752487956e-01
5.902351270680393780e-01
4.594581431495355917e-01
3.034406499091316101e-01
5.933840547668218779e-01
5.785704994473954699e-01
4.764551941993696582e-01
2.782962612698628435e-01
4.385340733605937458e-01
3.549938142015542919e-01
3.966074289801939656e-01
3.443109476579686579e-01
5.431970839752487956e-01
4.335199400169231221e-01
5.196136346251661875e-01
2.798542136486580345e-01
6.081259795326978690e-01
5.977249897297775005e-01
2.542599435240186501e-01
6.062230316760122140e-01
4.345183186348719473e-01
3.542760588134896138e-01
3.544712813724690270e-01
3.527119319066721603e-01
4.451830678940297270e-01
3.387467804357084389e-01
5.132951112670069982e-01
2.693179996552307887e-01
6.306330680702929570e-01
3.062702049921470770e-01
2.959570972086286167e-01
5.654920481383481912e-01
5.691551737549778167e-01
5.840151087654235074e-01
4.399939770823397822e-01
2.887942576320636778e-01
2.939480329082582721e-01
5.064027418987578910e-01
6.306330680702929570e-01
1.145191797822270180e-01
5.582652799277083577e-01
5.431970839752487956e-01
3.591414103017066539e-01
5.051191701414298185e-01
3.257384226223814516e-01
1.421903335059513940e-01
6.041621097593576906e-01
2.937971093787049015e-01
4.563655975549558708e-01
3.459312236365534310e-01
4.613886168972742841e-01
5.296266683501503758e-01
4.316739181800220426e-01
5.390667902735770678e-01
4.148937878984235161e-01
4.168903793507643396e-01
1.859929286963332151e-01
3.481950975756393785e-01
1.596785409498380215e-01
3.028075635615912198e-01
5.816454974501337194e-01
5.321405488820819540e-01
3.171211812593675572e-01
5.973455743633568904e-01
2.896390198550101713e-01
1.719208223014633830e-01
4.013744564755361011e-01
6.404071170545652114e-01
5.530707528705067766e-01
4.353992244795818478e-01
1.656706099799545584e-01
5.614428064853541622e-01
5.118335112520646657e-01
5.587189766176170469e-01
5.348727215604618390e-01
4.550054509443806627e-01
5.743002569836951343e-01
6.311713219617873794e-01
5.420073908208624669e-01
4.124555296139091332e-01
4.718143580293249206e-01
3.329241624689140977e-01
5.169177985842644540e-01
4.473518236472904808e-01
1.290793169014805286e-01
5.881252389250599677e-01
5.449250298777945645e-01
6.024248279039210452e-01
4.670368651741145793e-01
5.556396835215119401e-01
5.618644274350449441e-01
3.691422035874595831e-01
4.248019956929782182e-01
3.083729601806606269e-01
5.164103048703051480e-01
3.131040038093032551e-01
2.671635924428315545e-01
6.287050981219908241e-01
3.662543363470329716e-01
6.178302665883634859e-01
5.472698211599221763e-01
5.599614795783592891e-01
5.633357730285819542e-01
3.180358092465152553e-01
5.633357730285819542e-01
1.978016494600482178e-01
4.730089630542733681e-01
4.455830845958032027e-01
5.223540203976501095e-01
5.987989072356373343e-01
1.767273961910356683e-01
4.811312053786596099e-01
6.019875807886159169e-01
6.134831359976602450e-01
5.023992644068624447e-01
6.404071170545652114e-01
5.002176760708447745e-01
5.347730173545137689e-01
4.061606715206885210e-01
2.883977625056444172e-01
2.739430394067042251e-01
5.098825714982464508e-01
5.614428064853541622e-01
3.224972179249379067e-01
4.351274852734943188e-01
2.390983500007810569e-01
3.125657299614183482e-01
2.622283525315948771e-01
1.939368632696980566e-01
5.525075531790140104e-01
3.929064843404511120e-01
4.179359074359220161e-01
4.611224083137953622e-01
4.664583097676749390e-01
4.154209748280263681e-01
5.613722689599441873e-01
5.064972871698713019e-01
4.871240328555563326e-01
4.247441746498656356e-01
6.201000794245478120e-01
3.410619931249244119e-01
1.907137666060638170e-01
4.132872268453005038e-01
5.619060897263704613e-01
4.201522283105883493e-01
4.091289469043792870e-01
5.330831503239165103e-01
4.093713143572280111e-01
5.664412210532854264e-01
3.242996975161605566e-01
2.887942576320636778e-01
2.902149884143255254e-01
2.979768325652050742e-01
3.946964102186867884e-01
3.158532306785563071e-01
3.067442979447079221e-01
5.987989072356373343e-01
5.717263979357419812e-01
3.380536280550588413e-01
5.171838176859727687e-01
3.083729601806606269e-01
5.503216301486668627e-01
3.916665423458892126e-01
5.784690699491212840e-01
4.985710567212862654e-01
5.032174724694601364e-01
6.082828044371778597e-01
2.051476531544854931e-01
3.110455660475133777e-01
4.224361909552450944e-01
5.706547624223529125e-01
3.083729601806606269e-01
5.367173425003225473e-01
2.188110015327655034e-01
3.376790856858146173e-01
4.007340377135638620e-01
5.987989072356373343e-01
4.438129387227221501e-01
3.910679780594409349e-01
6.216089325344144045e-01
4.827831830190791318e-01
4.526077893630883753e-01
4.792137298932951373e-01
2.581538192717725555e-01
5.366822978312529857e-01
4.353611608867449245e-01
3.782113863095305506e-01
3.704656066372807310e-01
1.581297940798183921e-01
2.965146337546069044e-01
4.734074613033934509e-01
4.124873670207754306e-01
5.630903813510494960e-01
6.387109174039142800e-01
4.299415250166314650e-01
6.097608937316256750e-01
6.066869291996748181e-01
2.854970679833770952e-01
1.717758573135804157e-01
2.726213889853068006e-01
2.338396551446367544e-01
4.583541995910699329e-01
3.667014580298946225e-01
5.350211428496716159e-01
5.687951461259100894e-01
2.965009987586468831e-01
6.071598455567098762e-01
3.286172331954452797e-01
3.325145860324328906e-01
4.524968987687242317e-01
5.421456890230897940e-01
4.043458916210629916e-01
5.848662578648603505e-01
6.153745827370206145e-01
5.407527897141111151e-01
3.925337230790629794e-01
2.602789181340487978e-01
6.022282961225703390e-01
5.321405488820819540e-01
6.387109174039142800e-01
4.026288510544331900e-01
3.269031472140113137e-01
3.551615748962336783e-01
5.635990815951203992e-01
6.468868585294914597e-01
4.365003273705810316e-01
5.966765251449029916e-01
4.318091987057564030e-01
5.887381755545230133e-01
5.741981199690123772e-01
5.703964044958227397e-01
4.036791409214657844e-01
6.127027731509384623e-01
4.528718478533653169e-01
2.246984942952134356e-01
3.922945734902499315e-01
6.016462380577716207e-01
5.406313180751773917e-01
4.117212853620970670e-01
5.623873975377500223e-01
4.578502585303855787e-01
4.792137298932951373e-01
4.803253342111808433e-01
5.199813851694952138e-01
6.404071170545652114e-01
4.687180735218251515e-01
5.405291465525693395e-01
3.083729601806606269e-01
3.280337992830339444e-01
6.326859654391581156e-01
5.347793499745673307e-01
5.852284916105389145e-01
3.314258570390267167e-01
4.857819266141537584e-01
4.168064124217927824e-01
5.695701228259757443e-01
5.336079352108866747e-01
4.041056111701191167e-01
3.624998956921302029e-01
5.295090953792005450e-01
5.118335112520646657e-01
4.624600715558740416e-01
2.872506853917483061e-01
5.547365637195779131e-01
3.175793446468139214e-01
3.649315413434862099e-01
1.601088596636803529e-01
5.512239814216859379e-01
4.784924042861742333e-01
3.932377254997964089e-01
3.790918548806205268e-01
3.977702382780293200e-01
4.474550250028022647e-01
3.083729601806606269e-01
1.550923287467770306e-01
4.296365783766789015e-01
4.888231827259426066e-01
6.263137502437569060e-01
6.241533265953668197e-01
4.584648503969289690e-01
5.715104712452104829e-01
5.695701228259757443e-01
5.539576824269749622e-01
2.892473565657118217e-01
2.992289869353240706e-01
3.100885351998598494e-01
5.987275961922147172e-01
4.234843018338851905e-01
2.734324565058524614e-01
6.306330680702929570e-01
4.560304269615245709e-01
3.018555079876156788e-01
1.403801980404668082e-01
2.888859742926964680e-01
4.800454186016447355e-01
4.323496800214661206e-01
6.306330680702929570e-01
5.431970839752487956e-01
4.672629776271676194e-01
1.840211900181078220e-01
5.319321975126735103e-01
5.386202903570082023e-01
4.755883016905239069e-01
4.211698917657514252e-01
2.436437154221009760e-01
1.207998224811292487e-01
4.229794782226169447e-01
5.544521265324301451e-01
1.958228632656538737e-01
5.392650950555001321e-01
1.153274372974687628e-01
2.798432943848445098e-01
2.073010638985714749e-01
4.404775652231577299e-01
3.387467804357084389e-01
3.328984096823729977e-01
2.719628813143995516e-01
4.766122023492481707e-01
4.783873416854256821e-01
4.004116420164480772e-01
1.467401225938418652e-01
4.242560569280919291e-01
4.315076980771168080e-01
3.048245140662310115e-01
5.383881339239877661e-01
6.170626524451945372e-01
5.077830126582850712e-01
4.458330020085286560e-01
3.907502985147446317e-01
5.367173425003225473e-01
4.553229137751483857e-01
4.527653524461394130e-01
4.768336201653652906e-01
4.390511288880514229e-01
1.593361946827922537e-01
5.925645574382435443e-01
5.639459791664845900e-01
5.075519794998094580e-01
3.706335866443770666e-01
3.408404029770597532e-01
4.267665469524217770e-01
3.307114267805968955e-01
3.759541730236676815e-01
2.821591134573023241e-01
3.083729601806606269e-01
5.568173880821580823e-01
4.837200743347296883e-01
3.996198660891863153e-01
3.328984096823729977e-01
5.601310382190992643e-01
5.630903813510494960e-01
4.012793765394594425e-01
3.618364123317868719e-01
5.341729484393702432e-01
5.734027553214573469e-01
5.329132403675512775e-01
5.522392351426907986e-01
5.114233999427409971e-01
2.750418249657910486e-01
3.976898036301839690e-01
2.834506613265967978e-01
3.477683763130112182e-01
5.341729484393702432e-01
3.848953735422690481e-01
4.041160902500058327e-01
5.222429749333802329e-01
5.582652799277083577e-01
1.481247685841166617e-01
2.319793741548734634e-01
6.422278570549541099e-01
4.289136016900590431e-01
4.872126310183480524e-01
5.734027553214573469e-01
3.463364046780173511e-01
4.070215374074691028e-01
5.149305701090933773e-01
3.926048319600917713e-01
5.001204175621337678e-01
3.227182656123741555e-01
2.721442389631695269e-01
1.860460149818497499e-01
5.367173425003225473e-01
5.660762750054649795e-01
4.099595463264116835e-01
5.587189766176170469e-01
1.542754156668345589e-01
6.392357022908845554e-01
3.401159203105306172e-01
1.541809508449205890e-01
6.097608937316256750e-01
3.515239919004072289e-01
3.738765122686864006e-01
4.050608193341029839e-01
5.367173425003225473e-01
6.387109174039142800e-01
4.279115041155807098e-01
4.316739181800220426e-01
6.127027731509384623e-01
5.570843467972544927e-01
3.609946282883104152e-01
2.582828166526716096e-01
4.117212853620970670e-01
5.708513734056286371e-01
6.333164429043930399e-01
3.377745426105814297e-01
6.176485630288240936e-01
1.116229070556186281e-01
4.003777888062577950e-01
1.671543783226655810e-01
4.765066203626477925e-01
3.900025384856181110e-01
4.980775402761727921e-01
5.302025563563268484e-01
3.429801942121762925e-01
6.134831359976602450e-01
4.955672412927065729e-01
5.773311148805548854e-01
2.191784204060413244e-01
2.391322780474358922e-01
5.709560451937291115e-01
5.318253975626127117e-01
5.046778200130167535e-01
5.068153697920807499e-01
5.132951112670069982e-01
3.781055607926018247e-01
2.645194474031408727e-01
6.387109174039142800e-01
5.254625026252326414e-01
5.087418574586873854e-01
4.948357160991061487e-01
2.116393705425287652e-01
2.987805593561561612e-01
6.387109174039142800e-01
3.890658862308959409e-01
6.468868585294914597e-01
5.405997429077555871e-01
6.326859654391581156e-01
3.611774422338924206e-01
5.791039819945777989e-01
2.550760063785723619e-01
4.082768894773541324e-01
3.083729601806606269e-01
5.539576824269749622e-01
2.462877366698065507e-01
5.514684168555047394e-01
5.689911914702413531e-01
5.001685600676512022e-01
6.222253566470645758e-01
2.951049501857250235e-01
5.753368241298009167e-01
4.765066203626477925e-01
5.641750209474266642e-01
5.412590914494935790e-01
5.957245446152710233e-01
5.614334774964121477e-01
2.664106702567448082e-01
3.125147461647972968e-01
3.806052062856431495e-01
5.703964044958227397e-01
4.796506734012213058e-01
5.504589249186322419e-01
4.613820076941205772e-01
5.247430096799766686e-01
2.685314338010544866e-01
3.291304903565694384e-01
5.936762102958915710e-01
3.584594185324687099e-01
5.652761214478165819e-01
6.071598455567098762e-01
3.661262713037546357e-01
4.753468541025517857e-01
5.588078810902157301e-01
3.994376414807625508e-01
1.743500612329076938e-01
2.144585685706705547e-01
4.572559657430300128e-01
6.326624256292372461e-01
3.944572832886921177e-01
3.390103793053656500e-01
4.213270892934610767e-01
3.702492068139900394e-01
4.576811235471865413e-01
4.245254623798206950e-01
5.456239839553576054e-01
2.248551419827877762e-01
6.468868585294914597e-01
6.038583346218938663e-01
5.677613183062251156e-01
4.339165435522763792e-01
3.838184522878137495e-01
3.083729601806606269e-01
6.127027731509384623e-01
5.805346067810890354e-01
4.656594364332678482e-01
5.800718198513480361e-01
4.068569968634950795e-01
4.522580342860531566e-01
5.669230138465310986e-01
4.276763861334156869e-01
3.050028723318660151e-01
3.280337992830339444e-01
5.971988961401336615e-01
4.972562346075804496e-01
4.335583127259344249e-01
4.984403570186980437e-01
5.504182428810526773e-01
5.587189766176170469e-01
1.532362277893164204e-01
5.010735077502316281e-01
3.987920821812531713e-01
6.387109174039142800e-01
4.178114405714346002e-01
5.572125499761736434e-01
5.706547624223529125e-01
3.707030649219951735e-01
5.089512037373161712e-01
3.073112483982276544e-01
6.241533265953668197e-01
4.249357483075615338e-01
2.853972131690442060e-01
5.319422441001588897e-01
3.503689010484333788e-01
3.197257318847633312e-01
3.665969559750533735e-01
4.063554230256994915e-01
2.831039270442406997e-01
5.104380571093382057e-01
5.936762102958915710e-01
4.992394024769735705e-01
3.358540016365382797e-01
2.760968124840060267e-01
4.244223336780432176e-01
3.650689151074974492e-01
5.220191798122395532e-01
5.587589794103413610e-01
4.125345506840909504e-01
5.366822978312529857e-01
3.341374046838399003e-01
5.367173425003225473e-01
4.762371926678587442e-01
5.651797993303681045e-01
5.269583064384136817e-01
4.601519146979897723e-01
6.313829815186866590e-01
2.973034113381289867e-01
4.342765212903677008e-01
3.443884973601060162e-01
6.404071170545652114e-01
4.316739181800220426e-01
2.098468598959595255e-01
4.055614650957987677e-01
6.340519159293770413e-01
5.239529243292367910e-01
6.333164429043930399e-01
5.091625342216504757e-01
4.621453733088338178e-01
3.982832644855087700e-01
5.296266683501503758e-01
6.127027731509384623e-01
1.862362598765419652e-01
6.287050981219908241e-01
4.694765316314366554e-01
3.450146970898761989e-01
3.941001620168764763e-01
5.987989072356373343e-01
6.205291569964137555e-01
3.585059105821243874e-01
4.482412959805203712e-01
4.502822622342076975e-01
1.688556030340312430e-01
3.830671195450822131e-01
5.024492674300400363e-01
5.431970839752487956e-01
5.098825714982464508e-01
3.465021708769772668e-01
5.324987507092939776e-01
4.890993090118846975e-01
5.204160278718950039e-01
2.234647580105339204e-01
2.887942576320636778e-01
5.970510366441055261e-01
6.181378091181797263e-01
5.635990815951203992e-01
5.987989072356373343e-01
4.420642233106573116e-01
2.655016931502466315e-01
