2.849123815995800446e-01
4.092617957647137761e-01
4.384678686586015450e-01
4.013785410913465190e-01
3.542068481801717295e-01
7.259902642573073939e-02
4.107342556939956868e-01
2.889406779813028514e-01
3.006260666923635250e-01
3.339275003538526576e-01
5.321405488820819540e-01
4.135912643261484556e-01
2.711965885545274402e-01
4.061286876630186837e-01
3.005814057454797572e-01
4.485779556117169831e-01
2.086091170540597395e-01
2.659527279486874618e-01
3.940112242836268930e-01
4.300956657865832589e-01
3.635923788775679011e-01
3.472349418898332263e-01
1.977884553755917263e-01
9.657518490470359818e-02
1.767232335166351864e-01
8.998847613706673076e-02
3.555160867660461799e-01
3.633187313416346154e-01
5.107598472547284496e-01
3.480696799762337257e-01
3.673173835445998070e-01
2.497802710064251086e-01
4.457484316066221419e-01
4.367392057811496642e-01
3.435898362702275444e-01
3.130615872287789703e-01
2.136674150333388866e-01
4.918224377035249062e-01
1.499902630769700262e-01
2.050635205458965771e-01
3.609971077658959415e-01
2.931041819232070300e-01
3.683617706854918072e-01
1.139524572681055170e-01
2.833163295609296140e-01
1.433419420717148840e-01
3.836999244243642915e-01
3.301971343817132198e-01
2.396709413567550129e-01
3.719867880152848416e-01
3.916324231544311418e-01
4.819747628384665750e-01
2.720443835251994402e-01
3.622643566509125557e-01
4.184459826960892914e-01
4.193506000588304028e-01
3.881507640112636937e-01
2.867380216214242550e-01
4.275951947018226673e-01
1.584565300839984037e-01
2.530607633925984756e-01
2.818221466847825596e-01
3.638541540241601036e-01
4.260353530141164358e-01
4.110789106659724634e-01
4.106006412150531304e-01
