3.876016640293878379e-01
2.620985259210929508e-01
2.323224901981086610e-01
4.455672995066411457e-01
1.868960536952439522e-01
2.593376963855897333e-01
4.878573080271223633e-02
1.317510732705212406e-01
5.276932069644439949e-01
1.070521983695219143e-01
1.584341053373991004e-01
3.558432218980370765e-01
5.088188596073591752e-01
8.578225658059863978e-02
6.408619065647351842e-01
6.306330680702929570e-01
3.367428119788755669e-01
4.228398013664095290e-01
3.947083698132969332e-01
4.262167835244998204e-01
4.390720791484202246e-01
5.431970839752487956e-01
3.328984096823729977e-01
5.223540203976501095e-01
4.287017729195982674e-01
3.595905125523902734e-01
5.366822978312529857e-01
4.077192995064553016e-01
5.350851185683553890e-01
3.876581585961664800e-01
6.159952435290194650e-01
3.136005716073188565e-01
3.072017182684251280e-01
3.447995519207014414e-01
3.606140050405642339e-01
3.672317912091941916e-01
1.154000330335326341e-01
3.123868133326063168e-01
4.845404072332225587e-01
4.186817013448217994e-01
4.082352705288143646e-01
2.504779478749933341e-01
5.754346179271124795e-01
2.861112007489983733e-01
4.477756238971923319e-01
3.062702049921470770e-01
2.710630732339004423e-01
2.657663576080072643e-01
5.184986397996786955e-01
3.887855496662467880e-01
1.539210536778301830e-01
3.613832083152697106e-01
1.731937105298411994e-01
4.103605281067591593e-01
3.283013122037261033e-01
4.032132014017165145e-01
3.083729601806606269e-01
2.028320655553701168e-01
4.431177072395722782e-01
2.381810908882675826e-01
2.510982862465575005e-01
2.161918404388822879e-01
1.659609621581079608e-01
2.394710891230484584e-01
2.542649260734639594e-01
2.419273849703680035e-01
2.367138826078847846e-01
5.727164269869784441e-01
3.013853396879222490e-01
5.418020570240074107e-01
2.736229136450732957e-01
2.452084258454627075e-01
3.768388583177158524e-01
1.890900655080124393e-01
1.649319504806742165e-01
3.943051166423111598e-01
3.614936584138884190e-01
6.097608937316256750e-01
5.571193401201941509e-01
5.290055207053737663e-01
2.781484938642619364e-01
3.859738840322004538e-01
2.287326260502586806e-01
5.367173425003225473e-01
3.721933179482980747e-01
3.436253489790189741e-01
4.242892290225153684e-01
4.055456330259672448e-01
2.557699921464062220e-01
1.154643926009157745e-01
6.143658662930118197e-01
2.916887924896621742e-01
4.528718478533653169e-01
5.639459791664845900e-01
6.422278570549541099e-01
2.833527143224119915e-01
2.565707172675525394e-01
5.651797993303681045e-01
2.343889306803857153e-01
4.387395871807217573e-01
3.354676548544082704e-01
9.746431236655941910e-02
3.851081865161780082e-01
3.224185887067995693e-01
4.044978545459571584e-01
5.241054863616053661e-01
4.821138285302135618e-01
7.987148811858588160e-02
5.187632537428257251e-01
4.047945207389874733e-01
2.942925575400593408e-01
5.618644274350449441e-01
4.127110505108564920e-01
8.412304869830923570e-02
6.222253566470645758e-01
2.976590026200029437e-01
3.837148937960628836e-01
2.031192307395294494e-01
3.259288605327884114e-01
6.298053714715684537e-01
2.906727464375889469e-01
2.338396551446367544e-01
3.474964404533252282e-01
2.092284933612964526e-01
5.590222879768799169e-01
2.714461835468181539e-01
4.378449031113739176e-01
3.197912822873884564e-01
3.591644867491846638e-01
3.068989566453580453e-01
2.029118289617043158e-01
3.761171130027563536e-01
2.125607533521174097e-01
2.239272045383007836e-01
5.368123024901768625e-01
4.859577989579520474e-01
2.992268975428098998e-01
4.836001098190401137e-01
6.222253566470645758e-01
3.000620720713140233e-01
2.736748648069380896e-01
1.944895655879461949e-01
4.061511298714597373e-01
4.261122498720402163e-01
1.385418632596878974e-01
5.322355088719363803e-01
3.787409461786965803e-01
3.812726862250115367e-01
6.468868585294914597e-01
4.335413600839859716e-01
4.969991238515197307e-01
4.227177789518846707e-01
4.197459319979237047e-01
1.102573364643968379e-01
4.375724904810450733e-01
5.312744473530905953e-01
4.953110429178760876e-01
3.522514519148901568e-01
2.661960127718639990e-01
5.052188999165032612e-01
6.326859654391581156e-01
5.254574522032715578e-01
1.938867374939308164e-01
1.846465464864379957e-01
3.704198402934519851e-01
1.728157518759907696e-01
6.081259795326978690e-01
1.724710228990656846e-01
2.835724308562352913e-01
2.794489194170415303e-01
2.522742138569289971e-01
3.026410647967950895e-01
1.983844018409345600e-01
1.028403627521482649e-01
5.503216301486668627e-01
4.240239906626173255e-02
2.962667170739730627e-01
4.032256049220767635e-01
2.980273713966807847e-01
4.953394665346849690e-01
5.933840547668218779e-01
4.226066502320479090e-01
5.286540834709190229e-01
1.636911049397425100e-01
3.618265333987699672e-01
5.086903574983400178e-01
5.629371307192675422e-01
4.799575538362054750e-01
3.333908761303132073e-01
5.999560487106790907e-01
3.292907538926554967e-01
3.877227359168735066e-01
3.596990100429217074e-01
2.911292548997737040e-01
2.835255564130336747e-01
2.459368582142869852e-01
2.951168356714474195e-01
1.778543383462682925e-01
2.184059006286823423e-01
4.473249810547345606e-01
3.254404838976353576e-01
2.366004578637401767e-01
5.347793499745673307e-01
2.104987277015505365e-01
2.800563582687887743e-01
5.821292148917319720e-01
5.223540203976501095e-01
3.354676548544082704e-01
4.199504357336595328e-01
4.056756536915793188e-01
5.200255594714804364e-01
2.860030785841245482e-01
3.479786152243586894e-01
5.727543212623142921e-01
3.851681690858413942e-01
1.391649764010539359e-01
4.528522299938839146e-01
3.912336693179968017e-01
2.441665130891190749e-01
5.342730482391849778e-01
3.729084476158527894e-01
1.222600199359986511e-01
4.101671591014909857e-01
4.579090477702582040e-01
5.258877999162439032e-01
2.521733409548597149e-01
4.360275620376889982e-01
4.125083900388181180e-01
2.155897960489538967e-01
4.952747133482862107e-01
5.406313180751773917e-01
3.232463454865143193e-01
2.827509570134767447e-01
3.699462295163897241e-01
3.262736848222662633e-01
5.534546857608972914e-01
5.959620465545897305e-01
5.135216663985356922e-01
4.046721873373766432e-01
3.819844306858806715e-01
2.119018633916038008e-01
7.334048397726861124e-02
6.423100649112508664e-01
3.208569929355161721e-01
3.547811888385042911e-01
4.463724885189576663e-01
3.873928412941922694e-01
3.781276828672778811e-01
1.341423432980441699e-01
4.226684141174464338e-01
2.127311813431204679e-01
1.364530854439597041e-01
6.333164429043930399e-01
5.498116988447543374e-01
2.492097234135098316e-01
4.955672412927065729e-01
4.151690158869422720e-02
3.760165130459036109e-01
4.867307276334381094e-01
4.371841527371397307e-01
6.006801040817836279e-01
4.417401652046333838e-01
4.167532589913371943e-01
3.226965790443458992e-01
3.062702049921470770e-01
3.672317912091941916e-01
2.263615645705893409e-01
2.893545740408809963e-01
2.844945152576789926e-01
4.094088478584411162e-01
5.430726935063189265e-01
5.611186896534935409e-01
5.140288237641627012e-01
5.769711750803935280e-01
5.611736870752231932e-01
4.478702612587329157e-01
4.081133841711396260e-01
1.043200893021369452e-01
5.783520803907762353e-01
5.051191701414298185e-01
2.661563044398397304e-01
5.469865214870353043e-01
2.558093485391680910e-01
2.447897811003909019e-01
3.703083116142881215e-01
3.815716902260424259e-01
2.978337768426236876e-01
1.622683170901615957e-01
5.987989072356373343e-01
2.327399700928219906e-01
5.024935737352335119e-01
5.105873126172486565e-01
3.057588831851475453e-01
5.296266683501503758e-01
4.882670520661023250e-01
3.459936532546677435e-01
3.689637279740906606e-01
3.894486273505886054e-01
3.927281358451323312e-01
3.665646310917722306e-01
1.957249581491012913e-01
5.114233999427409971e-01
2.714191376485335372e-01
5.330831503239165103e-01
2.501708325366621133e-01
2.897393650560648459e-01
4.489148026458935070e-01
1.428117725971815022e-01
4.015578586149415319e-01
3.328984096823729977e-01
2.085259550328400768e-01
6.287050981219908241e-01
3.845599973564393093e-01
2.819451266942349377e-01
5.123326241135117698e-01
4.404170590061216028e-01
3.344656459403524962e-01
1.989393991440952525e-01
3.943329965514172919e-01
1.966935415641495044e-01
1.750995975886716904e-01
5.300595068701174917e-01
5.939332712649154633e-01
5.944879062348603638e-01
3.037746051375908585e-01
5.448246320833356471e-01
2.973591053626161163e-01
5.576145039029833939e-01
4.448237457025798758e-01
1.971346417179831723e-01
3.881153658438388221e-01
3.614936584138884190e-01
4.573778433697839318e-01
5.364851860673021111e-01
4.476812406678126188e-01
4.310859122793250231e-01
2.927796222049916519e-01
5.365392483450436290e-01
4.939066267967024415e-01
4.986815761475742459e-01
2.619839248932411269e-01
5.929393768063460080e-01
1.793849200157348889e-01
3.858901424441387173e-01
5.194028672852274431e-01
5.401227213548823736e-01
5.708513734056286371e-01
1.984506101808104495e-01
7.623429655904477575e-02
5.431970839752487956e-01
1.615402813545993854e-01
4.214834748455304481e-01
2.325569920267156476e-01
3.401844993032998588e-01
3.966683435756594989e-01
4.295122421641857646e-01
4.203614247084089262e-01
4.070911053849051164e-01
4.311165810940096321e-01
4.246888091782457519e-01
1.441250964225035402e-01
1.720533806508000862e-01
3.925337230790629794e-01
3.746604066689577239e-01
3.257384226223814516e-01
4.289038360511343018e-01
2.748072463258683373e-01
3.227339775281042322e-01
3.864760273547032665e-01
5.567580065948203316e-01
3.651065279145750408e-01
6.036786376150599098e-01
1.799473485798243622e-01
3.726116836157208900e-01
3.281711298081990136e-01
5.367173425003225473e-01
3.704572183011221043e-01
5.296266683501503758e-01
2.941966526359006684e-01
2.946288310358867735e-01
4.521482589628897375e-01
3.176520257172352757e-01
1.646931314195795304e-01
1.921906173570235021e-01
4.979076943465606253e-01
4.425607384113290910e-01
3.043383783674327714e-01
2.145860352340511756e-01
5.426032359451595788e-01
2.850194219617831481e-01
4.270526186926825729e-01
6.089063423794196517e-01
3.617755952316042967e-01
3.930713146678461167e-01
2.150665039415721735e-01
3.987504951421503852e-01
4.927143939837403397e-01
5.223540203976501095e-01
2.554618888628035767e-01
3.064561278731330884e-01
4.625695502356071964e-01
3.071772285551022108e-01
4.186640808913668632e-01
3.168452147284893661e-01
4.063959195312107364e-01
5.104567680963847387e-01
4.422837554557471074e-01
5.355276493459362186e-01
3.977622705851651119e-01
2.747581227350887056e-01
2.967845080775738942e-01
2.951049501857250235e-01
2.803427869374096604e-01
3.844261958902749909e-01
5.923191657607110860e-01
1.875614087987170775e-01
1.291959764518048615e-01
9.955265800170490231e-02
2.674286093595522606e-01
2.825124866695189474e-01
6.300603690329616979e-01
4.884602058125953605e-01
6.313829815186866590e-01
5.073915673301896412e-01
3.679129851385685157e-01
6.273548592356834597e-01
3.769856107537664647e-01
4.186264206878617111e-01
1.915404450131124592e-01
4.299341628754927980e-01
2.574105338395883402e-01
3.771683258528515936e-01
3.947175728275236772e-01
1.751222359310135313e-01
3.810033248436452413e-01
6.306330680702929570e-01
1.645770784603761139e-01
5.336619835607306905e-01
3.516703065431402986e-01
4.612487455701985706e-01
3.197612045768341571e-01
2.901298292988980232e-01
1.750798237159496284e-01
5.792504846639280336e-01
5.431970839752487956e-01
2.374829854770003079e-01
3.362322120319402585e-01
5.981308328660736029e-01
3.960980527133933782e-01
5.081905679905259765e-01
2.849366209225653868e-01
3.200510156457731514e-01
5.068153697920807499e-01
4.651100406394779729e-01
2.058922326338690767e-01
6.263137502437569060e-01
3.284593275276899149e-01
4.209599721566526509e-01
4.790776668068086885e-01
3.951133913075760562e-01
3.350235389989327239e-01
4.430608111543734573e-01
4.391322430925705955e-01
4.194521017950808561e-01
3.748500605634591532e-01
4.344187960112900204e-01
5.296266683501503758e-01
3.543337608458356769e-01
3.941371958807492470e-01
3.568397121425307406e-01
5.607614933373342714e-01
3.062702049921470770e-01
5.512898641190014937e-01
2.121332614817835471e-01
4.519835593914285909e-01
5.607887041876594703e-01
5.876900591670876084e-01
2.526103314434552938e-01
6.416094574155493946e-02
3.012233894210771257e-01
1.518477994393963304e-01
3.944642537856663522e-01
4.842726759355693300e-01
4.143203113933772719e-01
2.489265377622918995e-01
3.581749679371210027e-01
3.909542952334332244e-01
2.949780516558377363e-01
5.876900591670876084e-01
3.506200838210467019e-01
2.821591134573023241e-01
3.938798193512998980e-01
2.559439173909125453e-01
4.706671848752992937e-01
6.306330680702929570e-01
4.083377195699784412e-01
2.007238804616565675e-01
1.722688811892418848e-01
6.287050981219908241e-01
2.278111628954101742e-01
4.599470225402150780e-01
4.146490430366117086e-01
5.392881956169500723e-01
2.957885152876904011e-01
5.285063567056759171e-01
1.805935855650959432e-01
4.449057060788459972e-01
5.987989072356373343e-01
5.122835122678994768e-01
4.507186619304915376e-01
4.151653233830241985e-01
6.062230316760122140e-01
6.058773794042058292e-01
4.880252414173376629e-01
4.400666819549144404e-01
2.717629858418467714e-01
4.602239599702810935e-01
4.807328895434218596e-01
2.944544433643933035e-01
5.734027553214573469e-01
5.595965335305387311e-01
3.695135728906073225e-01
4.236036979042628325e-01
4.015578586149415319e-01
4.657758439302220332e-01
1.764299958730761175e-01
3.096142903916397349e-01
6.216089325344144045e-01
4.205615038421184337e-01
4.851188158770400882e-01
4.042040722592394886e-01
3.208402968163378555e-01
5.319422441001588897e-01
1.599992177988786846e-01
3.541743101169061436e-01
5.276932069644439949e-01
2.909877621159662753e-01
2.647379266407504095e-01
2.844945152576789926e-01
3.764662584744241647e-01
5.365392483450436290e-01
2.748036979341142994e-01
2.271647432883772133e-01
3.873928412941922694e-01
5.051554649952153531e-01
1.808416434995566424e-01
6.216089325344144045e-01
3.954705068627173414e-01
3.560931619695809625e-01
2.672417199448388625e-01
2.169281800077619282e-01
2.484282914447404345e-01
2.067331113640036577e-01
5.086493200914934398e-01
8.917440798611162012e-02
5.443951167181522166e-01
1.354709423891136411e-01
2.232441622521918467e-01
6.241533265953668197e-01
5.319422441001588897e-01
3.770224055567108490e-01
4.457484316066221419e-01
2.081591048127552079e-01
5.319422441001588897e-01
2.858686753080578735e-01
1.583075901365134930e-01
4.203760934869749666e-01
4.037652751976020804e-01
4.107207664212623732e-01
4.505267724005515562e-01
4.787549761292951844e-01
3.514967248187940707e-01
3.635589590952347239e-01
6.260562744520524747e-01
5.587189766176170469e-01
5.304443492314311337e-01
4.823765477595938767e-01
2.944822770204067464e-01
1.564741504920317550e-01
3.574103827998543759e-01
4.421627633938235991e-01
4.038678219419281623e-01
2.552269174353816172e-01
2.151136915545899531e-01
1.036909576459893595e-01
3.035013077739479037e-01
3.035152458575893775e-01
1.602199858889682416e-01
5.168252612170705085e-01
3.280337992830339444e-01
1.550922366563498300e-01
3.610415886895066984e-01
2.820481245361389222e-01
3.977389877137724183e-01
3.461652838260801390e-01
4.319259683280473050e-01
4.247652005782152074e-01
1.116597095500885400e-01
2.628009606218338345e-01
2.726980791074972710e-01
4.888468972582203365e-01
5.051191701414298185e-01
8.590196987443433907e-02
2.758401931540624963e-01
3.119488986136736974e-01
1.884794506798617153e-01
3.923015666460425432e-01
3.431291196081264205e-01
9.797557201771758817e-02
2.040633783858729344e-01
2.768612497153156715e-01
3.040926637497679552e-01
4.475157893017014943e-01
5.350211428496716159e-01
2.803509148010958629e-01
5.321405488820819540e-01
5.319422441001588897e-01
4.066338268347123863e-01
4.396258030883488654e-01
1.876200758056975892e-01
5.502514044418591599e-01
5.539576824269749622e-01
3.151284791204525537e-01
2.559010430606801223e-01
4.109322166439400292e-01
2.591110145517689922e-01
4.431185797080213207e-01
3.901434808056530312e-01
1.873821741149307163e-01
5.192203991464753310e-01
2.791785702982828021e-01
2.422812984602827902e-01
3.725437682768767411e-01
4.263803007837607684e-01
3.741086687017067813e-01
4.249514898460588497e-01
3.062702049921470770e-01
5.027800545815004352e-01
3.050541968422798011e-01
5.132951112670069982e-01
3.861470246371639936e-01
4.972911876019808775e-01
3.022808580799102307e-01
4.091737929675732799e-01
1.228205662590654140e-01
3.187858391071870523e-01
3.203243639397878040e-01
3.449239370887150491e-01
3.903106513316579318e-01
2.558127945504810596e-01
3.902841933153780585e-01
3.207301223653635236e-01
5.079617162110522388e-01
5.114233999427409971e-01
1.039416506555181086e-01
3.521898441466718710e-01
4.170797512573097832e-01
1.260750735538389844e-01
6.231273252147191410e-01
1.788048540560464306e-01
2.738270610760862867e-01
3.334829059607621882e-01
5.431970839752487956e-01
5.122437163148479966e-01
1.027274464802043902e-01
5.647041673451260735e-01
4.114574838103484122e-01
1.244731143196479983e-01
6.252455154240439406e-01
6.241533265953668197e-01
3.064682499252350256e-01
3.590330239225371645e-01
4.906916896983122833e-01
2.802976680329387071e-01
2.522742138569289971e-01
3.848953735422690481e-01
6.404071170545652114e-01
2.849072321232429816e-01
5.701155496886566310e-01
5.412590914494935790e-01
3.965065651208641850e-01
2.394426202925422353e-01
2.719962498545424046e-01
6.291522771794753055e-01
3.127184503976369601e-01
4.135722171986487283e-01
1.893466157181658283e-01
4.535296690036499379e-01
3.010861237541813673e-01
3.952699270522722075e-01
3.552216861430402828e-01
5.900099134840771642e-01
2.417072405174829075e-01
6.219254905715380088e-01
3.735370329658092015e-01
6.294751223111364480e-01
6.260562744520524747e-01
3.636942070878949052e-01
4.022777370719293755e-01
3.108226770712308462e-01
4.061606715206885210e-01
5.223540203976501095e-01
1.431894469764062039e-01
2.018336536767703360e-01
3.840830530306399981e-01
1.748202241277453106e-01
3.143252287883256946e-01
4.198641366094221783e-01
5.773311148805548854e-01
5.304443492314311337e-01
3.623123451180405019e-01
6.423100649112508664e-01
4.732065985695365629e-01
2.564583172632744490e-01
5.375688954048493118e-01
2.931831570521147845e-01
5.367173425003225473e-01
4.042248004008239803e-01
5.748842449977626945e-01
2.504261691488156027e-01
5.052444162406043437e-01
4.060145788928002930e-01
4.701424590259844494e-01
2.362713248060251403e-01
5.766987139103022519e-01
4.187644498945748972e-01
4.969811249542211984e-01
2.136927106938090737e-01
2.848359208719413171e-01
3.805666378584891540e-01
2.859547873411338870e-01
1.770954555397205310e-01
3.704198402934519851e-01
5.987989072356373343e-01
2.750418249657910486e-01
4.105083301242248850e-01
3.925337230790629794e-01
5.386202903570082023e-01
2.012973143514937835e-01
5.551863811781955205e-01
1.956399214744449222e-01
2.343130257174357300e-01
3.293123067944428994e-01
3.979519790479219554e-01
5.250498747319097825e-01
3.906690209172778983e-01
2.805555343254726441e-01
5.403587408046265361e-01
2.739265954448356077e-01
5.556396835215119401e-01
1.219465500463722263e-01
1.965103315050031052e-01
1.744048173070392449e-01
3.135139643023629463e-01
3.864475485460017734e-01
1.022906328966958350e-01
5.532668653597770936e-01
4.607283319123040011e-02
4.525381797058991573e-01
1.967748807977599546e-01
3.100172504531393813e-01
3.024105704608642253e-01
3.475680987587311810e-01
6.306330680702929570e-01
4.797195900935367630e-01
2.405177014014861225e-01
1.388524370820761744e-01
2.958769208505254711e-01
3.044174646077024149e-01
3.083729601806606269e-01
4.718662440211018327e-01
6.306330680702929570e-01
2.148127048030068764e-01
1.068110920150402154e-01
2.480726005887928243e-01
5.899539927674661843e-01
8.273998196531527627e-02
2.510999382615122233e-01
9.705156608610726598e-02
3.152810316943235325e-01
2.297871664205980435e-01
3.172719142677549176e-01
5.202223074470621045e-01
4.408356815081331259e-01
2.050545009849474853e-01
5.336971088868786017e-01
2.289166630523382651e-01
6.006801040817836279e-01
3.594896632445953033e-01
3.805666378584891540e-01
5.005384951091680357e-01
6.287050981219908241e-01
5.492698790996641822e-01
3.693267893902791310e-01
5.279837655665120533e-01
3.161929406232596440e-01
4.298763023353572854e-01
4.520828830747423144e-01
5.287495641978391392e-01
2.508664581585252629e-01
2.161918404388822879e-01
3.698646416594137953e-01
5.560610600054185504e-01
2.791299491512109765e-01
4.447012612768260209e-01
1.840671461555258015e-01
5.077830126582850712e-01
3.065636377302116133e-01
4.887316483752525698e-01
4.796506734012213058e-01
5.122835122678994768e-01
1.505093867932769114e-01
4.352410895212143194e-01
4.892629244940053801e-01
4.356188664887591377e-01
3.966074289801939656e-01
4.360824301586383456e-01
1.454744227197016793e-01
2.121332614817835471e-01
3.917822093776025527e-01
2.515941041208346607e-01
4.090667564511329402e-01
5.558558983324319858e-01
4.104450873871354766e-01
3.635966985006648389e-01
2.597628642718810554e-01
5.674395395941835840e-01
1.302625669480885762e-01
5.685227727847251833e-01
5.237663029745817100e-01
5.139362863969687556e-01
3.631941340330319123e-01
3.581838470757595649e-01
8.821582667242819364e-02
3.472988475532710062e-01
3.819731354727723405e-01
5.544521265324301451e-01
2.844744690633776441e-01
4.262911034095550611e-01
2.893773041618314390e-01
4.815512880232459270e-01
4.944945436212187517e-01
2.319016626188815655e-01
2.980141686852429417e-01
3.387467804357084389e-01
3.368019343449549230e-01
2.729510379988689950e-01
4.207495463620229414e-01
5.132951112670069982e-01
4.050608193341029839e-01
3.639207863333954740e-01
1.710121361217210589e-01
1.493382143126502082e-01
2.260306182877022396e-01
3.019119954865059907e-01
1.405909533234195874e-01
3.997809550091124819e-01
3.718801309820834455e-01
2.879166801391142005e-01
2.359594035115170074e-01
3.548740653603979500e-01
8.991567907012533445e-02
9.666046469393020646e-02
6.468868585294914597e-01
5.810773653080509860e-01
2.604091035438224067e-01
2.924331706381682050e-01
3.563398190070012350e-01
3.667151229604405094e-01
5.554458298461963928e-01
7.402423284433021222e-02
5.179792821154806104e-01
3.949878264258505633e-01
2.150362036964754142e-01
2.934635726108098530e-01
1.288268568159328387e-01
1.061784989645286059e-01
5.303161451170561591e-01
2.791231667847934306e-01
4.063004689467555330e-01
3.205460379668564341e-01
4.974157319014211875e-01
2.778920571560797304e-01
2.355495637961959599e-01
4.243797015269252237e-01
5.145958594481003789e-01
1.643171812932857079e-01
3.264807237471779033e-01
3.345481893134653051e-01
5.949681918009223081e-01
4.015578586149415319e-01
1.746875217182143614e-01
5.363964171318559293e-01
4.579090477702582040e-01
4.086824047883596545e-01
6.358303234363246181e-01
4.713844229563028954e-01
3.610206157703194640e-01
3.268642897310130579e-01
4.724030731094630009e-01
1.494632250927194761e-01
4.680328207536448848e-01
3.246725803868035776e-01
5.319422441001588897e-01
6.545358975717588401e-02
3.726534495347618714e-01
3.528292650891169391e-01
5.414865022112668180e-01
3.062702049921470770e-01
3.150349022539782329e-01
5.532668653597770936e-01
1.893605580633281604e-01
4.980284115923560018e-01
3.708985847480421039e-01
4.513366591679900397e-01
2.924551666341894118e-01
3.808443609674933561e-01
4.438129387227221501e-01
5.380925406987677739e-01
1.730194807425000092e-01
5.342730482391849778e-01
5.571193401201941509e-01
5.840571168635788624e-01
3.897726483501988692e-01
4.418200720475246590e-01
5.554458298461963928e-01
5.229145342915823003e-01
4.139528377439670170e-01
2.590057534265103323e-01
5.595965335305387311e-01
3.943657864601738949e-01
6.134831359976602450e-01
5.587189766176170469e-01
3.954837279714526477e-01
6.234247754236550421e-01
8.837910913228164134e-02
6.306330680702929570e-01
3.192021065472352981e-01
3.062702049921470770e-01
6.468868585294914597e-01
3.580702593544254908e-01
4.807328895434218596e-01
4.109113202242499208e-01
2.958998645672184513e-01
6.053306020551585398e-01
2.113999318978714292e-01
4.034528728709301792e-01
5.694653758895921181e-01
1.550671214349108040e-01
4.015578586149415319e-01
4.298872402043474317e-01
2.774765849574067356e-01
2.936918288167533753e-01
2.872506853917483061e-01
4.923449858117217026e-01
2.286266879668145402e-01
5.719914491525088795e-01
4.234544214005666052e-01
3.627093207569257460e-01
4.147895985976403077e-01
4.559573971739663834e-01
4.418836811714717538e-01
5.397027630219788374e-01
1.006015863647805320e-01
3.990418673828912688e-01
4.097612841596975364e-01
2.503435541613637794e-01
2.914721251260107837e-01
1.385448725170786710e-01
2.653983817227682507e-01
5.431970839752487956e-01
4.101082729899726553e-01
1.380333967756291191e-01
3.007582337093543945e-01
6.356320186544015538e-01
5.132951112670069982e-01
3.927584176929315718e-01
1.474732741293321159e-01
1.326146347251787039e-01
3.314044261622522969e-01
8.491468305992558308e-02
3.069753884778063102e-01
3.987195154443193279e-01
2.029979781011939932e-01
1.918515502783385007e-01
3.599740111834073275e-01
3.205022703802680728e-01
2.653798886969246928e-01
5.386202903570082023e-01
2.508645302880471162e-01
4.743607239271783182e-01
3.873928412941922694e-01
4.559299134823642241e-01
3.172719142677549176e-01
2.805349963932355362e-01
3.794763528902577732e-01
3.969810649967009941e-01
3.710498860978018176e-01
5.180410367502605862e-01
2.041873153666156071e-01
2.861022724469601819e-01
5.662745797873881548e-01
3.744092085132933456e-01
4.743025684066450309e-01
3.918256103694541803e-01
2.810968836402314985e-01
1.889223779867650332e-01
4.385315226844273551e-01
5.630903813510494960e-01
2.564583172632744490e-01
1.627210631490915715e-01
2.029979781011939932e-01
4.120004863873363843e-01
3.207178860837136547e-01
3.085842473222092930e-01
2.593148021441150086e-01
5.105873126172486565e-01
3.013853396879222490e-01
4.790486690280135185e-01
3.035798409519567254e-01
5.438418886737407254e-01
3.967633257046345729e-01
4.039452934815358498e-01
1.012962786096275880e-01
5.132951112670069982e-01
1.707141704766356460e-01
4.559861109899544518e-01
1.918476742691730130e-01
5.026519451560410578e-01
3.973510169803619596e-01
3.145333246743594047e-01
6.117227564910806548e-01
5.635990815951203992e-01
2.823458204581334452e-01
5.721128431486107724e-01
2.306412233324403871e-01
2.372224448202544245e-01
2.544597817258881234e-01
2.732808506132578530e-01
3.309333121167383207e-01
4.743378340511639757e-01
2.225603502938330591e-01
4.109368028719418975e-01
6.773988023163796113e-02
4.907753835781278884e-01
1.742679597067542663e-01
3.387467804357084389e-01
4.158714927351642165e-01
1.800625293823973072e-01
5.169177985842644540e-01
2.320133582249371829e-01
3.166124099206553133e-01
5.051191701414298185e-01
2.842251063759456131e-01
4.317510893343762257e-01
5.132951112670069982e-01
5.068153697920807499e-01
5.104380571093382057e-01
2.848359208719413171e-01
5.386202903570082023e-01
4.289919790627063079e-01
4.015578586149415319e-01
4.733373023257665957e-01
3.758941394196930741e-01
1.594488116088779717e-01
2.147777987892758589e-01
2.896867807984979670e-01
1.612005544677520275e-01
3.052338621475558789e-01
4.345866555524663388e-01
4.058129216451448751e-01
3.423543654945730014e-02
5.068153697920807499e-01
5.773311148805548854e-01
4.438129387227221501e-01
3.466726624789751576e-01
2.671218041767907669e-01
2.063868585295693669e-01
4.290155370620457043e-01
4.075981521588678547e-01
4.414493935265204616e-01
5.367173425003225473e-01
1.159609153931130815e-01
5.866202929022795720e-01
3.359094632522271473e-01
5.122437163148479966e-01
2.610546857100292661e-01
3.162216407192292023e-01
4.268543139107594531e-01
2.458356649705737140e-01
1.982855292551987392e-01
5.614428064853541622e-01
3.558748697191932431e-01
3.644549773324420872e-01
2.893170859612442802e-01
3.286088319707844430e-01
4.100337375343237611e-01
5.431970839752487956e-01
5.105873126172486565e-01
3.070380776329372230e-01
3.143425664223083449e-01
5.367173425003225473e-01
2.702668429779055415e-01
2.716977742821027886e-01
4.094403275054311342e-01
5.559997072008773245e-01
5.727543212623142921e-01
4.796506734012213058e-01
2.018476140034720645e-01
3.804337929478570079e-01
5.048773772663255333e-01
3.823533773663679858e-01
2.341784882554305280e-01
4.507767014545047690e-01
4.108214448524633577e-01
3.271669486618204448e-01
3.516241170614682887e-01
5.024104771959202465e-01
4.314649513846322004e-01
6.021643458690724149e-01
2.396301495590274500e-01
1.609197042339254036e-01
8.521490783078429498e-02
3.363949562928862380e-01
1.075808583302018118e-01
8.673334582872584131e-02
3.354676548544082704e-01
5.574198641329715098e-01
4.953895334806758810e-01
2.045896587548595436e-01
1.872708806509324753e-01
3.917408698185304017e-01
4.418841777945655691e-01
1.972832277513545396e-01
3.791750678322118873e-01
1.667040422057728677e-01
2.864243949909804354e-01
3.644576283102588521e-01
4.381326331029614662e-01
4.382975394101558675e-01
3.126643001870495486e-01
5.122835122678994768e-01
4.425947371368670891e-01
2.112591913244721842e-01
3.229945592409660948e-01
1.649126744783204201e-01
3.121762688390286589e-01
2.517692691561035367e-01
4.255599184100496979e-01
5.568422133122969964e-01
2.790367210018734889e-01
5.691551737549778167e-01
3.273052412513129950e-01
2.374150180644496178e-01
3.819625943929536027e-02
9.542651637260117503e-02
2.516281052369819804e-01
3.538662289724242571e-01
5.290055207053737663e-01
2.881728651057448021e-01
5.068153697920807499e-01
2.848359208719413171e-01
1.663941492912723585e-01
3.328984096823729977e-01
4.455051054155110823e-01
8.575847958066092069e-02
2.095915428244385093e-01
3.637397205468371753e-01
2.619630580963182021e-01
1.613759521196981850e-01
5.156683549571944303e-01
6.377331894406272628e-02
5.407527897141111151e-01
3.956584958537617824e-01
4.670368651741145793e-01
3.135364682508872125e-01
3.294018524700273454e-01
3.995327222483555096e-01
5.116586691569281475e-01
3.837693506282758293e-01
5.068153697920807499e-01
4.190163118081039473e-01
3.969810649967009941e-01
4.909123204842773536e-01
2.546599814294571162e-01
5.132057153682911821e-01
4.345183186348719473e-01
4.151370659655302942e-01
3.262736848222662633e-01
4.002726008544311154e-01
3.190550235834663240e-01
3.879094678631928028e-01
5.416357577191772688e-01
5.200426309163163063e-01
2.562198115798750564e-01
4.083377195699784412e-01
6.272914909396368754e-01
4.516783257744224622e-01
3.257862354316967135e-01
5.254625026252326414e-01
2.593541500138350497e-01
2.575877562539948262e-01
2.004379304345901835e-01
3.971668532759903281e-01
3.845599973564393093e-01
3.604186087986233633e-01
4.802063098285770937e-01
3.881507640112636937e-01
3.994555600328012490e-01
3.960030019843258087e-01
2.887942576320636778e-01
3.454627687800793656e-01
2.058922326338690767e-01
4.476639873287920901e-01
2.039005036808116955e-01
3.662669795519588045e-01
4.151587693717631034e-01
2.852954003417682571e-01
1.995261345918671880e-01
2.394084045412570583e-01
6.241533265953668197e-01
5.132951112670069982e-01
1.704254332070233025e-01
6.404071170545652114e-01
2.396709413567550129e-01
2.887942576320636778e-01
1.038102278455912547e-01
2.886603689606301870e-01
4.702643663794450757e-01
2.979768325652050742e-01
1.645770784603761139e-01
4.412809320715022632e-01
4.788756037792122333e-01
3.037362880362303175e-01
1.789165923812505721e-01
5.051554649952153531e-01
3.954048966948600641e-01
4.326028426343246913e-01
6.468868585294914597e-01
2.872506853917483061e-01
3.672317912091941916e-01
4.395835505244093389e-01
4.222119184398244185e-01
1.649126744783204201e-01
5.135719616996829995e-01
3.843082178669607885e-01
3.115965932762302382e-01
3.100865811366191327e-01
1.776998978147002195e-01
6.127027731509384623e-01
6.113505251134372376e-01
5.695701228259757443e-01
1.561961957018060954e-01
3.069513900866610023e-01
5.800718198513480361e-01
5.068153697920807499e-01
4.985002168357716701e-01
2.584358505705249831e-01
4.060270758548016889e-01
3.871036325548533052e-01
3.123761049621074370e-01
2.130679728735857814e-01
3.583499854821909913e-01
3.849019719357111846e-01
4.308560537415240810e-01
4.314221993912314423e-01
3.280337992830339444e-01
2.336005131434097104e-01
5.165558110713421858e-01
3.570837935582965028e-01
3.644124379993279872e-01
4.232910746021415482e-01
3.009555117765598808e-01
2.943428338202719319e-01
4.300197734003168848e-01
4.021299764223981721e-01
2.582916712615800914e-01
3.062702049921470770e-01
4.367862111881641862e-01
2.883977625056444172e-01
4.136936434160060627e-01
3.328984096823729977e-01
2.899818200260012580e-01
5.151766112008346887e-01
1.613536209186795523e-01
5.081905679905259765e-01
3.203335954334468605e-01
4.242560569280919291e-01
2.558101580202595260e-01
3.449652958766010191e-01
5.319422441001588897e-01
4.015578586149415319e-01
2.977436085692301004e-01
3.970867367870588027e-01
2.522742138569289971e-01
4.006355344249926675e-01
5.027800545815004352e-01
6.296867818680357276e-01
2.783135400740692211e-01
3.783339321635491026e-01
2.605920363962314079e-01
6.404071170545652114e-01
3.704198402934519851e-01
4.814935252902119434e-01
5.431970839752487956e-01
5.132951112670069982e-01
5.223540203976501095e-01
4.350490094701083277e-01
1.751222359310135313e-01
2.352493387135186353e-01
1.138890383535058198e-01
3.884560844177808447e-01
5.062089821847811644e-01
2.583530010954842582e-01
5.503216301486668627e-01
6.468868585294914597e-01
2.987805593561561612e-01
3.387537122671759326e-01
1.804942634408752133e-01
2.843121560475586063e-01
3.682856528543759778e-01
3.514967248187940707e-01
3.630596894929701834e-01
3.131040038093032551e-01
4.485940116712444081e-01
2.979768325652050742e-01
5.319422441001588897e-01
1.264897374147554432e-01
4.337593256524180374e-01
6.241533265953668197e-01
4.401306076786823396e-01
4.784692969686546449e-01
5.766987139103022519e-01
4.743378340511639757e-01
3.863528950738334689e-01
3.845599973564393093e-01
6.306330680702929570e-01
5.274659924405110667e-01
4.037764407981113690e-01
3.885049804849203259e-01
2.503054435878574457e-01
4.658346329622155557e-01
3.412566782125731057e-01
4.504417054275209470e-02
2.334116728875810787e-01
4.356080197747403959e-01
5.438418886737407254e-01
2.847192706761750292e-01
3.429794509405680314e-01
3.424339431089900576e-01
3.789335706650820423e-01
2.837408879457930522e-01
2.550952517187635715e-01
9.714455028935822800e-02
3.062702049921470770e-01
5.501879666102642563e-01
4.025745071005542575e-01
2.732824442141944532e-01
5.296266683501503758e-01
3.062702049921470770e-01
3.969810649967009941e-01
3.806610330409153087e-01
2.741476863711180267e-01
3.767225655700073284e-01
3.100643201987255404e-01
3.489897072064188643e-01
5.483653712891920495e-01
2.183196573199747970e-01
4.421326781996228750e-01
5.810643258856211801e-01
5.603487732496447160e-01
3.687883555794512769e-01
5.745271883763372056e-01
6.404071170545652114e-01
5.347787005603583665e-01
1.077680178837643055e-01
2.076555191213379226e-01
3.062702049921470770e-01
3.210837235169783921e-01
4.457475273326756415e-01
2.911238732225174819e-01
1.256140470479867877e-01
4.670570758007588363e-01
2.627539159256753742e-01
2.270351536600129783e-01
5.386202903570082023e-01
3.189597196576937077e-01
2.288620462571823722e-01
3.900477410614139884e-01
1.650939230945191460e-01
4.500864808962930508e-01
5.048249310404598900e-01
4.018055534886096347e-01
4.815512880232459270e-01
5.174463918157634623e-01
4.982305675418959856e-01
3.693801627567887547e-01
2.570332442445187882e-01
3.662669795519588045e-01
4.507056366438384476e-01
3.675962279532976607e-01
2.730483389149099827e-01
4.529744747350721856e-01
4.054983390828060807e-01
5.068153697920807499e-01
3.563179285096071403e-01
6.159952435290194650e-01
3.861473879058355818e-01
1.756606693260832353e-01
3.860265391765295706e-01
2.338396551446367544e-01
2.962618644489453112e-01
3.017296179830275538e-01
3.794205344501483945e-01
4.274396047029471735e-01
4.391372615011551739e-01
5.132951112670069982e-01
1.884309599769051213e-01
2.552453709642021895e-01
5.667491332960244987e-01
3.387890472393641494e-01
6.193782281952030511e-01
3.969810649967009941e-01
1.982060695601831068e-01
3.555273673236801768e-01
4.339861653703910860e-01
4.146537235377709685e-01
5.165558110713421858e-01
3.394929324163031836e-01
2.078537312931361680e-01
2.913743416187130619e-01
2.565214541899181744e-01
4.155270965726272636e-01
2.700216042993673349e-01
3.008075649713231048e-01
5.651797993303681045e-01
1.934794716332922382e-01
4.306599165146446917e-01
5.794295619832597888e-01
2.061651961437285518e-01
4.472636398914211497e-01
1.480491899913037035e-01
3.083729601806606269e-01
5.008420620557452185e-01
3.556905831582923283e-01
3.985605132144793838e-01
5.002176760708447745e-01
2.531738631178199750e-01
3.059143659184238584e-01
2.648717036811242265e-01
4.377218105354060973e-01
5.361922549414290806e-01
4.203371579453866191e-01
2.485390722789565798e-01
4.338017876545187668e-01
4.135487671924852338e-01
3.040418629906663783e-01
4.023157813320129561e-01
2.762143735019094715e-01
3.965903919393438670e-01
3.684811398355301582e-01
3.104485740543972416e-01
4.713011986753022908e-01
1.600541792575295996e-01
3.592261055349935672e-01
4.071521954303041757e-01
1.344235780042073447e-01
4.310189275111295237e-01
3.819941685729498215e-01
4.380545177618796471e-01
2.880647725636381606e-01
2.737953893488372925e-01
2.616343969240879086e-01
5.851471162059705966e-01
9.121329565699633213e-02
7.738126547188589610e-02
2.036161307282959299e-01
3.873580829785391311e-01
3.635966985006648389e-01
1.832362572618909946e-01
5.105873126172486565e-01
2.539400401929906570e-01
3.017296179830275538e-01
5.549630650104279139e-01
5.635990815951203992e-01
4.129357206989346385e-01
4.292423475730096638e-01
1.699506254622865642e-01
5.613941817003986756e-01
2.649120088339532164e-01
5.164103048703051480e-01
3.750383917234498266e-01
4.180869734665765836e-01
1.383632317370178111e-01
1.367209905285139693e-01
3.930699310247683931e-01
3.034277224295800490e-01
2.613639886637343368e-01
5.955528410783056392e-01
5.685227727847251833e-01
3.023503713851513064e-01
4.363859923239968852e-01
7.800113008705371331e-02
2.831799397924875117e-01
4.513294875480173829e-01
3.017544968459661137e-01
3.123199665961121085e-01
5.713015089192206020e-01
1.349810416885722786e-01
2.287034907594599487e-01
2.896191594006561898e-01
3.955937650143628859e-01
3.973894266918474028e-01
2.635307080336433128e-01
2.784474287455026564e-01
1.025908225359920267e-01
4.236176528261088037e-01
5.008628123364504692e-01
2.384540931675732667e-01
1.993737795031109150e-01
2.081059541886670916e-01
5.412590914494935790e-01
3.133326443836438324e-01
5.431970839752487956e-01
1.594488116088779717e-01
4.326154514352647529e-01
2.863416931100781215e-01
3.373457651121504752e-01
8.915351426884934871e-02
5.874006557490013547e-01
2.713393135415114177e-01
5.688259617032168647e-01
4.175168665772858168e-01
3.777664513065869256e-01
1.166349556840541590e-01
4.532105379433601922e-01
4.745686278368925759e-01
3.352994794409878687e-01
3.871555902649087555e-01
4.887069792622938391e-01
3.731321298586594004e-01
4.112692465077570358e-01
2.933995728820937288e-01
5.582652799277083577e-01
1.032165721036400891e-01
2.358693801298339388e-01
1.680474414549794349e-01
3.015036446010710969e-01
3.747694655369127048e-01
3.387467804357084389e-01
3.818204546375162933e-01
3.873387352579068521e-01
1.845215758270288553e-01
3.348885210244614830e-01
3.495609773869751136e-01
5.321405488820819540e-01
3.246410005421027090e-01
4.969811249542211984e-01
1.557227147452219240e-01
5.158742789227238612e-01
3.944790235934594880e-01
5.498517645208967908e-01
3.083729601806606269e-01
4.093713143572280111e-01
2.485832646664207224e-01
3.737115326841204399e-01
2.794256894508716504e-01
3.798093045825154945e-01
1.008194655594597949e-01
3.839336673904329422e-01
3.350235389989327239e-01
2.683637787089416804e-01
2.254757587044242118e-01
3.512053564238159509e-01
5.205085652390888384e-01
5.605459872900971918e-01
6.275587054499266459e-01
1.388508791323997960e-01
2.150107853873549912e-01
4.538503619633184050e-01
4.270920234173277708e-01
2.641722615035091426e-01
3.181479502334744192e-01
5.685227727847251833e-01
3.408235395152315883e-01
2.142349122088078872e-01
4.015578586149415319e-01
3.898815309367040238e-01
5.676745783744236995e-01
5.367173425003225473e-01
3.657948090650203210e-01
6.127027731509384623e-01
4.155688761077471760e-01
3.777948947758468234e-01
3.597193826073600831e-01
5.766753346869615271e-01
4.506446937768196492e-01
2.121332614817835471e-01
5.120386589971536173e-01
5.522392351426907986e-01
3.307226036065758490e-01
3.919944233479766837e-01
3.637069199323085256e-01
3.381630815814247182e-01
2.825565227319238315e-01
5.445813610841171437e-01
3.149569173570117009e-01
5.079353484142880015e-01
5.773311148805548854e-01
3.999992167012771938e-01
5.079203316461617934e-01
5.297414242479079327e-01
4.471250719661028494e-01
2.461062615693630495e-01
4.571629232297004797e-01
4.026979978688771111e-01
5.874418604984977810e-01
2.689293748303323017e-01
3.817519379045279382e-01
4.253573692572522602e-01
5.296266683501503758e-01
3.611361197209038698e-01
1.738341436354691460e-01
3.207178860837136547e-01
5.139362863969687556e-01
4.333914532909550199e-01
2.858746364482165903e-01
6.092739624796335018e-01
4.724030731094630009e-01
2.851508158765195255e-01
2.233687894953803876e-01
3.877930982002290028e-01
5.492411443918298053e-01
5.068153697920807499e-01
5.392911896991688936e-01
5.154658372980758241e-01
4.819015371248865920e-01
3.501342682560134034e-01
4.658939943892232982e-01
4.818509718407994885e-02
4.624600715558740416e-01
3.244277227505972805e-01
3.780823156512599925e-01
1.891106374284771963e-01
3.717020565753160755e-01
2.955812048727157193e-01
4.559299134823642241e-01
4.156084424583679215e-01
5.664412210532854264e-01
5.344861059906966805e-01
4.327639218878741589e-01
5.005384951091680357e-01
2.125550705620309622e-01
3.207599143461386526e-01
4.205615038421184337e-01
3.982949175624329041e-01
4.925149981485279493e-01
2.930919555158129075e-01
6.404071170545652114e-01
4.851188158770400882e-01
2.508645302880471162e-01
5.342730482391849778e-01
5.068153697920807499e-01
3.395384800713521778e-01
3.256724604113222510e-01
5.087418574586873854e-01
2.917750925493552971e-01
2.871380070373979465e-01
5.480885412286646829e-01
3.522514519148901568e-01
5.457448365304263804e-01
5.068153697920807499e-01
4.607761447735890248e-01
4.462040527370044196e-01
3.901865086545773242e-01
2.280047456003603812e-01
1.801254256890196248e-01
1.995735797670504241e-01
2.375299699921685215e-01
3.935622402121935481e-01
2.018336536767703360e-01
4.183034164247738662e-01
4.468301456169335162e-01
6.504209553235129615e-02
3.088807319328735757e-01
2.623704376668070104e-01
6.309730171798642040e-01
5.205085652390888384e-01
1.097269851996183349e-01
5.685227727847251833e-01
4.934723167008118194e-01
2.979291987397674757e-01
2.855938435890127969e-01
5.723437428487245793e-01
4.263828053107740490e-01
4.954023526552329693e-01
3.701330047015551905e-01
3.969810649967009941e-01
5.187276423954164661e-01
2.393251843138982926e-01
3.387467804357084389e-01
3.267487944074099482e-01
2.508645302880471162e-01
4.765066203626477925e-01
4.612487455701985706e-01
2.936569248818129974e-01
1.947830750333868766e-01
3.056555303897346421e-01
5.987989072356373343e-01
5.438679833174093758e-01
3.883666612869071111e-01
4.508212323730313997e-01
1.477823548603132697e-01
2.289717523566160984e-01
3.816098475723391226e-01
5.816489751630046223e-01
2.681979259283499006e-01
5.708513734056286371e-01
3.519084777491189864e-01
3.995576463249913557e-01
4.070462117174045713e-01
4.180039446958396243e-01
2.572982481687977052e-01
6.127027731509384623e-01
4.874388627939862384e-01
4.647191473342481283e-01
1.705092723943074928e-01
5.396544419483418897e-01
5.011728410999219951e-01
5.187632537428257251e-01
1.840211900181078220e-01
5.933840547668218779e-01
2.772560203809248947e-01
1.579649199938795157e-01
3.871805704688930372e-01
6.243987182728991669e-01
2.014851951414832754e-01
4.116313985569617917e-01
4.704512925887535668e-01
2.393133171215339194e-01
5.187278088026104905e-01
1.158558691108713540e-01
3.649994462883768831e-01
4.878976438940836879e-01
4.832667054701115239e-01
3.925337230790629794e-01
5.691551737549778167e-01
5.407527897141111151e-01
4.851188158770400882e-01
1.150122187291209297e-01
4.882896227438074388e-01
3.853402277841946888e-01
4.887069792622938391e-01
4.178735186660446077e-01
3.485897422665333312e-01
4.037863701418022977e-01
2.522742138569289971e-01
4.728786410679519658e-01
4.154323442539620270e-01
2.980455889827590132e-01
5.620991104302598407e-01
4.307507487537819979e-01
4.570255642251030426e-01
2.039005036808116955e-01
3.725631272229787405e-01
3.950430724709457775e-01
2.281740568650092449e-01
1.634718474029017710e-01
3.396593453270441154e-01
2.306444453540574258e-01
3.076882779365829323e-01
4.048607286631052404e-01
5.727543212623142921e-01
5.122835122678994768e-01
3.616031585051655561e-01
3.560612476474593890e-01
3.242996975161605566e-01
3.171248489737067411e-01
3.961401225516320013e-01
2.353634835507553702e-01
5.396544419483418897e-01
4.304713288318839370e-01
3.887046654799165557e-01
2.769038565051873402e-01
2.496820314124518492e-01
3.901865086545773242e-01
3.522384218470184791e-01
5.367173425003225473e-01
4.955305801560030421e-01
4.719151204956392037e-02
5.427560180175218241e-01
6.009254957593160862e-01
3.127873703120779836e-01
2.512565479072170760e-01
2.118705470336218477e-01
3.297710891418147439e-01
2.082829024105826710e-01
3.926211582624078433e-01
2.650103829256835741e-01
2.833347051350996182e-01
4.027366548525141421e-01
5.378957355564424336e-01
1.893912537983521160e-01
3.172719142677549176e-01
5.557340853560682747e-01
4.583915496390054134e-01
3.035152458575893775e-01
3.952133125392712221e-01
5.320949339781544385e-01
3.560045292988638921e-01
2.979768325652050742e-01
2.921530776038473998e-01
5.554231404695433305e-01
4.815512880232459270e-01
1.606315268865831647e-01
4.784924042861742333e-01
3.623651002522014219e-01
4.143828200055375000e-01
3.969126448235398286e-01
4.650319474375169126e-01
5.064027418987578910e-01
4.470391151147512510e-01
5.132951112670069982e-01
3.916340071929305666e-01
1.212471725191473226e-01
3.456171585891548714e-01
4.214553300984915096e-01
2.045896587548595436e-01
3.476612074815439990e-01
4.101603548038317837e-01
2.545642197539763618e-01
3.411160937563540441e-01
2.121332614817835471e-01
5.323955464434753093e-01
4.064171845204887501e-01
3.351146854472815684e-01
3.199138269980720817e-01
4.895564350827809053e-01
4.117212853620970670e-01
3.977389877137724183e-01
2.743979685076685660e-01
4.381951269557077810e-01
3.078082296677098206e-01
3.280337992830339444e-01
9.531587284250954417e-02
4.257447855771879786e-01
3.358931592969109370e-01
4.189904066462059040e-01
4.031723367423755700e-01
2.292315397635585061e-01
2.467512488896163592e-01
4.559573971739663834e-01
6.404071170545652114e-01
1.117910461941416383e-01
4.235944561205898795e-01
3.570740161742043672e-01
1.587760153702203192e-01
2.915930727018136714e-01
2.709876896316533723e-01
9.076384011583635281e-02
1.836849655817404670e-01
3.222774315437477166e-01
3.919669379933419240e-01
5.319422441001588897e-01
2.677056685028127436e-01
2.836441042328736728e-01
1.520101759622707327e-01
2.530299751513891970e-01
2.118705470336218477e-01
6.241283045037502308e-01
4.316739181800220426e-01
2.306216594175771739e-01
4.385340733605937458e-01
2.219924077374604843e-01
5.068153697920807499e-01
2.533063341579480654e-01
4.944516140990937170e-01
6.338094233333292360e-01
2.399140598766769938e-01
2.522742138569289971e-01
5.367173425003225473e-01
2.883342067026783417e-01
3.790918548806205268e-01
1.194662097626937730e-01
4.231900131537574827e-01
2.969991286639201422e-01
2.874010559629803230e-01
5.132951112670069982e-01
3.699430140429633695e-01
2.569337063418252742e-01
4.755295959140971584e-01
5.571193401201941509e-01
3.983081548857355658e-01
3.606140050405642339e-01
4.741926842587894098e-01
2.577911669615902124e-01
2.503691284837248898e-01
3.674873051421927994e-01
3.715183071739272536e-01
4.366983617018364572e-01
5.754950262331075539e-01
3.801674418632767782e-01
2.118705470336218477e-01
3.176677849254533892e-01
2.161918404388822879e-01
5.664412210532854264e-01
1.070521983695219143e-01
2.976134855231769571e-01
4.494816426116884922e-01
2.444122160655560483e-01
3.098261905685604223e-01
5.132951112670069982e-01
4.811312053786596099e-01
3.925337230790629794e-01
1.901466963102612928e-01
2.841797327156766473e-01
5.635990815951203992e-01
2.559783079684940788e-01
1.352437443915666393e-01
4.708590819928252791e-01
3.133508011650946168e-01
2.250776047030410287e-01
3.850342072409759786e-01
3.083630053717838493e-01
4.894044539684683226e-01
4.669530737990160163e-01
6.170626524451945372e-01
5.102207486466405761e-01
4.615736333215835208e-01
4.379874395520430008e-01
6.468868585294914597e-01
5.487066397032693832e-01
2.974700449125008417e-01
2.829421098199991769e-01
3.181489754930386105e-01
5.431970839752487956e-01
3.417613129657078863e-01
3.546977870287795209e-01
1.649071577836094260e-01
5.213641331199381224e-01
5.294465727352032358e-01
3.764662584744241647e-01
1.215823543380483013e-01
4.408738734662946412e-01
3.225815503053113265e-01
3.041545868705327060e-01
3.573532203176297273e-01
1.232324694859566055e-01
2.861487342502114783e-01
4.249534849654155733e-01
2.058922326338690767e-01
3.815555111021066148e-01
5.631282982852038321e-01
3.881507640112636937e-01
5.727543212623142921e-01
6.129443881854998999e-01
4.186264206878617111e-01
9.984490447786695255e-02
2.959570972086286167e-01
5.392650950555001321e-01
4.214184652403011322e-01
4.730953702756261481e-01
3.121618525295908886e-01
2.468815945741515139e-01
3.963460334207802305e-01
2.144585685706705547e-01
2.083786568102960202e-01
3.513678751359730068e-01
5.051191701414298185e-01
5.587189766176170469e-01
3.798846593935115701e-01
5.366822978312529857e-01
3.428486364887342042e-01
5.019789275261757888e-01
4.419794009593202011e-01
2.853886538523520144e-01
4.244387434438051665e-01
4.068429672091241622e-01
4.085144691634444158e-01
3.766155176202182209e-01
2.683637787089416804e-01
3.294225707373560352e-01
2.075208035069713020e-01
1.095310197847888106e-01
4.426625479125399498e-01
2.552809155824306009e-01
2.438024488643057430e-01
5.007884998311020741e-01
4.055773123408021874e-01
2.601162964178135306e-01
4.154209748280263681e-01
4.451150955963209532e-01
4.457236389095574070e-01
3.524018111567129852e-01
3.334746364274910335e-01
2.946217984870107554e-01
4.757485405929403055e-01
4.150388293858035538e-01
2.973095228787935307e-01
3.648172429875576328e-01
5.242482985538584606e-01
4.299425261622237260e-01
3.062702049921470770e-01
4.611938923126026602e-01
3.396112041727406550e-01
2.512565479072170760e-01
2.852461413177757032e-01
3.009977828417364498e-01
4.349406234027574647e-01
1.374216886075193822e-01
3.621319109720307905e-01
2.872506853917483061e-01
3.754991068264579290e-01
4.594782276975249991e-01
2.436900580067066779e-01
3.709513314631007752e-01
5.296691224528464748e-01
5.504589249186322419e-01
2.776610166178972716e-01
3.419648396698233284e-01
2.931494908291463197e-01
5.233648926515352962e-01
5.633846747084562123e-01
5.060400340848644207e-01
3.280337992830339444e-01
2.975392974334509222e-01
3.008798450430220095e-01
4.095401430306201407e-01
2.976007317265868535e-01
2.821591134573023241e-01
4.447012612768260209e-01
2.553946671124703860e-01
4.382961506740409852e-01
3.617212204076837301e-01
2.840041008879601869e-01
2.517146306375850351e-01
3.618577247174923905e-01
3.817143758199429415e-01
2.240832978124003283e-01
4.955672412927065729e-01
1.839780203956590809e-01
2.775233994274972082e-01
1.386588791147350674e-01
1.139802332376775307e-01
5.367173425003225473e-01
1.537785169253424733e-01
5.457448365304263804e-01
4.013744564755361011e-01
3.831459422986329688e-01
5.493759088577774286e-01
5.238277387228711390e-01
3.045518230858298980e-01
2.502697745540067298e-01
3.892696403547120099e-01
1.530147657988973064e-01
3.360405227934823991e-01
3.087706650593170510e-01
2.090789552417929020e-01
4.862022674445427017e-01
2.745063141425406750e-01
3.217748089560532598e-01
4.015578586149415319e-01
5.635990815951203992e-01
3.062702049921470770e-01
5.927020325433004500e-01
4.798761979722696025e-01
4.341081103499630500e-01
5.321405488820819540e-01
3.988107267509374276e-01
3.969810649967009941e-01
2.375619997911123937e-01
6.131438783978092610e-01
6.423100649112508664e-01
5.132951112670069982e-01
3.808240464013150084e-01
2.821591134573023241e-01
2.607135134400209719e-01
3.564371263672932999e-01
4.163427003262589188e-01
4.316739181800220426e-01
4.481940093131266400e-01
4.023157813320129561e-01
4.065704789108144923e-01
3.247039020457017644e-01
6.404071170545652114e-01
4.186968081245844853e-01
4.806852678789096944e-01
2.098412504871841611e-01
2.804900307995773501e-01
2.946288310358867735e-01
2.521733409548597149e-01
5.582652799277083577e-01
2.993984863305296229e-01
1.429586622334170776e-01
5.367173425003225473e-01
2.913722351801153465e-01
5.900099134840771642e-01
6.154410779500105733e-01
5.051191701414298185e-01
4.607968996276337603e-01
1.918721647100726790e-01
4.209842024368984914e-01
2.970056805963905977e-01
2.054528082971434355e-01
5.635990815951203992e-01
2.279173934647032440e-01
4.260616965929692745e-01
4.545034163426304730e-01
4.451405331342551674e-01
5.437793185293763321e-01
2.909188779567249417e-01
2.697014155503787425e-01
5.350211428496716159e-01
5.175702522970091479e-01
1.887858932175887905e-01
4.048372957030253461e-01
9.389562309241140936e-02
2.979768325652050742e-01
4.639293365917572798e-01
4.015578586149415319e-01
5.201479993591439505e-02
2.577911669615902124e-01
3.479316284225207334e-01
3.924542445709916505e-01
5.923191657607110860e-01
5.567850695391884930e-01
1.918163749572746601e-01
2.467051984790409602e-01
6.241533265953668197e-01
3.664447618886353952e-01
4.172626443008772834e-01
4.722429267132318698e-01
3.380536280550588413e-01
2.560766332086434338e-01
4.256292203022784548e-01
4.244670518956102923e-01
4.533627996944148419e-01
5.035694712892175851e-01
6.009254957593160862e-01
4.892629244940053801e-01
1.982810069500103300e-01
4.938940772412968028e-01
3.299948012152676413e-01
5.296691224528464748e-01
2.481224855366596094e-01
2.792605064566375250e-01
3.216044024805337354e-01
2.550172239987090195e-01
3.160209371167989612e-01
5.158742789227238612e-01
4.872126310183480524e-01
3.207496674671710957e-01
2.494707295114893253e-01
3.100865811366191327e-01
3.639986652120372757e-01
2.628228372952698955e-01
4.120487241014670343e-01
1.700587889950949672e-01
6.124858588269540549e-01
5.195122725836495148e-01
1.100434194447568043e-01
5.987989072356373343e-01
2.843115534061399496e-01
4.032580028748503631e-01
4.805578892523145185e-01
4.449838448063229701e-01
4.938329938480279235e-01
3.929758185578750007e-01
2.618156255838960944e-01
4.822432288846862369e-01
4.590123329757149762e-01
2.041873153666156071e-01
2.713311030458955830e-01
5.624678239743722274e-01
5.367173425003225473e-01
3.724267787185316925e-01
3.710352507877657247e-01
1.687116566535822593e-01
6.356320186544015538e-01
5.553846859601186958e-01
3.191689044142865250e-01
2.883977625056444172e-01
3.134836373448058877e-01
3.171202745948117352e-01
3.844362722044670777e-01
2.865331871500909622e-01
9.735281549289297176e-02
4.334426760445649895e-01
5.107598472547284496e-01
4.144289192676939293e-01
5.103880626092025530e-01
3.942517259178993094e-01
2.478259463577399402e-01
3.131375314808728105e-01
5.431970839752487956e-01
3.553789844920979824e-01
3.652360211909911891e-01
2.347544919463084301e-01
4.421567606778512571e-01
3.752326865181480064e-01
5.296266683501503758e-01
1.502744314764827005e-01
7.299361280654606543e-02
3.810766132327642053e-01
2.117072084464199921e-01
3.649206482724352552e-01
5.082478733896100831e-01
3.480696799762337257e-01
4.545409076443927554e-01
5.854216852698130857e-01
3.304048655439218440e-01
2.518081466994318562e-01
5.027800545815004352e-01
4.569445543758761108e-01
3.182999366487032633e-01
1.364812888128958679e-01
2.909188779567249417e-01
3.113478939309047289e-01
5.105873126172486565e-01
2.413865160641356644e-01
3.783339321635491026e-01
3.036056621307112735e-01
4.428559005993012443e-01
4.045249893125434371e-01
2.993175874887250565e-01
2.696342134446174654e-01
2.980141686852429417e-01
4.110680470098097006e-01
4.117212853620970670e-01
5.254625026252326414e-01
4.033057932332262951e-01
5.613941817003986756e-01
3.126463997204897982e-01
4.106868249664076265e-01
9.845555938125626072e-02
2.895134009247269380e-01
4.387612637705547436e-01
3.006271505738249417e-01
3.707579138141306463e-01
2.520420574239085609e-01
5.619189665873688400e-01
6.306330680702929570e-01
4.260431610558562676e-01
6.404071170545652114e-01
2.776610166178972716e-01
4.316849260003186028e-01
5.431970839752487956e-01
5.527525750396841131e-01
5.004722036176649791e-01
3.977389877137724183e-01
2.552700922548070683e-01
3.865324286877198090e-01
6.243987182728991669e-01
5.429546416859355462e-01
6.052154182903089069e-02
5.882077684222448977e-02
2.770391245581775852e-01
4.102626006432067429e-01
2.909987093395144941e-01
4.757485405929403055e-01
2.726503627540695640e-01
1.322903425473240524e-01
3.280337992830339444e-01
3.711310237926556677e-01
3.207845483275348353e-01
5.051191701414298185e-01
5.992848481517487613e-01
4.110467235025739852e-01
5.132951112670069982e-01
6.356320186544015538e-01
5.158742789227238612e-01
3.059327445068403817e-01
3.242615215646872384e-01
4.807328895434218596e-01
5.582652799277083577e-01
5.194080584413176549e-01
4.273618567881183328e-01
1.844053500163802539e-01
6.196809625861122717e-01
5.024935737352335119e-01
4.887095825318644726e-01
3.977386832748771028e-01
5.367173425003225473e-01
4.226801032613888842e-01
4.967826012756393350e-01
3.022957786000278202e-01
4.221366134158651140e-01
5.114233999427409971e-01
5.582652799277083577e-01
4.083377195699784412e-01
3.033332663385869266e-01
4.374287950106313660e-01
1.856406166028200522e-01
5.001685600676512022e-01
5.028948104792579921e-01
2.648363977080660514e-01
2.398162522554073972e-01
5.462209321899299530e-01
1.257321918942531647e-01
1.797620509990754123e-01
5.510539658627541248e-01
9.936595598997143008e-02
1.619053454777305556e-01
5.533421956410431441e-01
5.350211428496716159e-01
3.095021068934111219e-01
1.588480266542840469e-01
2.702339136862336733e-01
6.326859654391581156e-01
4.314981946776365596e-01
4.375963225689358249e-01
4.118848382726182367e-01
3.554305578337563776e-01
2.487814765264003691e-01
3.783339321635491026e-01
2.538856329399354350e-01
4.641876562685389174e-01
8.562408960885460607e-02
2.231479174657567399e-01
3.126643001870495486e-01
2.450733065299457170e-01
2.629812674419142460e-01
2.677230867938738545e-01
2.202708986023813875e-01
5.300792337621701433e-01
1.400505142071606646e-01
4.015578586149415319e-01
3.270400585510354063e-01
5.683069793446763329e-01
6.127027731509384623e-01
3.738819309484167075e-01
4.038457456006471213e-01
1.783967405685074337e-01
2.508645302880471162e-01
3.961010587486585854e-01
3.328984096823729977e-01
4.561621366445655079e-01
3.767113918622143620e-01
2.986907136071368374e-01
3.789796491393316313e-01
5.313077969762383113e-01
1.749539204071011711e-01
5.480952045843155984e-01
2.695652890607764807e-01
2.667784405495853828e-01
4.955305801560030421e-01
5.114233999427409971e-01
5.304443492314311337e-01
5.367173425003225473e-01
5.267784491568182625e-01
3.019513190343750542e-01
3.083729601806606269e-01
3.111999624047794843e-01
3.662669795519588045e-01
6.287050981219908241e-01
9.041711165409410667e-02
2.855037369517628987e-01
4.650573197014237770e-01
2.055898596407199352e-01
2.527609234058948995e-01
1.222902724728492513e-01
4.070892200256964188e-01
2.021208474443015601e-01
1.624882237293927001e-01
3.322251407267143852e-01
5.223540203976501095e-01
2.300091435353480707e-01
5.322409613320152610e-01
3.369230417797612342e-01
5.242391499000079724e-01
5.530124079721424613e-01
2.374808324734913323e-01
2.971202563669356755e-01
3.599816066687999694e-01
1.032206286557762615e-01
3.683164116806971200e-01
8.234273566788323506e-02
5.204611232860312242e-01
3.880640576519318041e-01
4.864840671660131677e-01
3.707030649219951735e-01
3.977647858179503837e-01
1.640555949008874193e-01
5.033161395667370419e-01
3.750383917234498266e-01
4.225412007547103554e-01
5.254574522032715578e-01
2.659449639773100449e-01
5.237663029745817100e-01
4.682365662504796022e-01
4.245638123260739860e-01
3.645157601325783592e-01
5.189214185318395955e-01
4.285673031222297924e-01
2.823305396835906755e-01
4.570255642251030426e-01
3.507550606354624678e-01
4.531389798356650345e-01
1.594559943503807697e-01
3.259288605327884114e-01
5.243830238346016692e-01
2.469838956054190571e-01
5.041945789263031497e-01
2.155979392956911544e-01
6.886189960265737264e-02
5.169177985842644540e-01
2.637521845755971817e-01
4.865868956904161879e-01
3.974625658237954107e-01
5.136616466542430759e-01
5.803859431048856710e-01
4.156049603800365810e-01
4.124543514592903248e-01
2.622759945682556770e-01
2.520303042532130444e-01
2.866665338807937169e-01
3.561340178980010318e-01
3.682856528543759778e-01
7.696981375833074346e-02
3.042486515252404433e-01
5.762989563297872264e-01
4.148762456074981952e-01
2.415819601182622178e-01
3.614936584138884190e-01
3.168915951470854808e-01
2.521484010794147190e-01
6.014479332758485564e-01
4.067523423293573082e-01
4.496710794804427702e-01
6.468868585294914597e-01
3.137306590021117780e-01
3.699703476458783280e-01
4.393143247841350130e-01
2.866665338807937169e-01
5.427560180175218241e-01
5.355276493459362186e-01
1.668232286301102874e-01
3.100865811366191327e-01
6.222253566470645758e-01
7.821138178296385690e-02
3.180371534965095170e-01
5.465326664972162130e-01
5.087418574586873854e-01
4.647191473342481283e-01
2.632593094374089948e-01
8.743108422949827374e-02
3.053401865742482180e-01
5.818165656047271650e-01
1.844311393896373441e-01
2.862357392278248036e-01
5.257785284919417323e-01
3.608878538034354655e-01
3.218251812763953112e-01
5.502782651198940833e-01
1.810135799650178234e-01
4.369895959108761052e-01
5.924617287579311831e-02
2.156837873223505786e-01
3.083729601806606269e-01
4.897917986740650265e-01
4.243029319949307432e-01
2.823742223515796623e-01
3.480679901272886179e-01
6.127027731509384623e-01
2.929793865058523683e-01
2.628584353384188499e-01
2.818017364942328462e-01
5.875440673605474284e-01
4.348585377793527385e-01
3.604458297310833559e-01
3.085519197365002575e-01
2.290313217666315182e-01
2.839788099047690362e-01
2.598037110536221550e-01
2.566958165001653192e-01
4.046917377401004212e-01
2.457252874217498162e-01
3.888109437574557847e-01
5.873942270888182771e-01
1.453807981449812270e-01
5.033799472151941901e-01
5.449250298777945645e-01
2.817727981688511463e-01
5.026519451560410578e-01
2.239705703985898633e-01
3.953378929057298485e-01
3.819731354727723405e-01
4.466749421691852961e-01
3.647657333608335661e-01
4.559861109899544518e-01
3.757937616855642204e-01
4.018799159888738481e-01
2.198481607184573916e-01
4.610691324425686410e-01
1.227788895201446934e-01
5.187632537428257251e-01
2.520144706242885557e-01
3.809806633227872941e-01
3.062702049921470770e-01
6.117227564910806548e-01
4.994972686655679839e-01
2.784457823432828216e-01
3.332549238433700767e-01
5.388810783898452250e-01
2.701314297213861515e-01
1.764758260357787989e-01
3.397509127305060050e-01
5.564204136905471776e-01
5.900463874256798302e-01
4.678477309480245649e-01
6.241283045037502308e-01
5.250498747319097825e-01
5.745271883763372056e-01
4.086642122517091802e-01
5.132951112670069982e-01
2.447791709527517290e-01
4.097612841596975364e-01
2.897964976037036844e-01
3.441331269676040083e-01
3.231430918494169191e-01
4.086824047883596545e-01
1.831772603508293185e-01
4.738824342080498186e-01
5.002176760708447745e-01
4.231844921975255747e-01
3.356531104232490237e-01
2.528848374160005408e-01
5.002540750720433360e-01
4.003777888062577950e-01
1.076279435627785358e-01
3.808607532714135546e-01
5.813703895637465369e-01
5.664412210532854264e-01
2.592683495914822611e-01
1.702535148270410414e-01
6.243987182728991669e-01
2.889619127241764285e-01
1.789701262304008444e-01
5.116556871316954025e-01
4.360749882958770973e-01
3.577399369166219811e-01
2.212063009842062111e-01
5.766987139103022519e-01
4.117212853620970670e-01
2.525524695521058072e-01
3.288157036569857583e-01
3.637246874602041991e-01
1.462517302638191297e-01
3.853330074165805530e-01
4.317510893343762257e-01
4.194515973765219341e-01
4.488028862722674983e-01
6.287050981219908241e-01
4.864558870795326340e-01
6.208456077679380680e-01
4.031951776628693307e-01
3.595039151216901097e-01
5.792236556874510445e-01
3.598823039812721336e-01
3.638117788115703410e-01
2.480374742232495378e-01
2.683272587221254279e-01
1.664977916622272236e-01
4.104948238054080267e-01
3.807485068897668579e-01
4.336444056341361430e-01
3.741086687017067813e-01
3.665064732845692008e-01
4.181409853336441329e-01
9.296447932117701818e-02
4.415061970015943804e-01
3.446555922359921253e-01
3.158305494091869225e-01
2.734618283630307900e-01
1.565158334673245055e-01
3.434184594152178138e-01
2.412680008813093413e-01
5.431970839752487956e-01
1.849018813316193333e-01
2.798855382178632167e-01
1.338254484968301739e-01
4.775920573831304861e-01
3.901865086545773242e-01
3.701730332712839799e-01
4.101769227655646111e-01
1.251831757915812804e-01
6.358303234363246181e-01
2.875943296556957574e-01
4.248570917533257552e-01
2.833742615075250382e-01
4.212342071588325854e-01
4.421567606778512571e-01
5.319083924490616289e-01
4.097832928363419058e-01
5.916617457130884938e-01
5.300595068701174917e-01
1.947830750333868766e-01
1.386431269744052841e-01
1.237881309627400783e-01
2.912425817328772037e-01
4.524744335896461744e-01
2.492940707611761564e-01
2.979768325652050742e-01
3.496375692863058493e-01
3.653884647322909740e-01
3.738906768365725664e-01
5.007917194621098744e-01
3.840522203033100990e-01
4.074612115108951493e-01
2.176308852631100299e-01
1.800571724427502129e-01
1.887835332704674574e-01
3.708544785264517030e-01
5.949681918009223081e-01
3.750383917234498266e-01
3.755295347093025038e-01
4.301382238288134485e-01
1.176807427865307343e-01
2.540715474018191977e-01
1.560106139503709688e-01
3.318173565196193553e-01
2.883570925250508177e-01
3.910789129141846177e-01
1.940584851012585599e-01
4.448237457025798758e-01
3.460674297438388058e-01
1.871977503538448384e-01
5.086832437726878098e-01
2.693912415833780716e-01
3.118673429779532658e-01
3.752326865181480064e-01
4.373544735664831040e-01
2.881254605709193672e-01
2.118705470336218477e-01
2.296709175353728871e-01
4.092931140975468729e-01
3.449569568077815451e-01
3.511479599737001300e-01
5.554231404695433305e-01
1.768762601587211547e-01
2.880081863221904959e-01
4.279115041155807098e-01
6.013157563846018849e-01
1.720533806508000862e-01
3.208402968163378555e-01
4.255016635233218047e-01
3.203243639397878040e-01
4.490886110623635297e-01
4.421926204407470307e-01
3.661262713037546357e-01
4.094773911999501914e-01
3.432939534694655626e-01
1.947830750333868766e-01
6.198219246546585737e-01
4.371151353274156937e-01
3.132454205093717081e-01
4.259508319834886536e-01
3.963120881201627754e-01
3.006683365102656991e-01
4.945087370842954355e-01
3.313995689638851161e-01
5.350211428496716159e-01
5.366822978312529857e-01
1.491968524926557405e-01
1.215564454343270040e-01
5.051191701414298185e-01
4.553377643439595612e-01
3.230552553555309792e-01
6.306330680702929570e-01
4.439463926150845063e-01
4.115014571972142599e-01
1.371341239837305659e-01
3.745009218478610458e-01
2.741588199582508101e-01
4.730076401118835649e-01
3.531644007588647383e-01
5.431970839752487956e-01
3.693327603007540150e-01
2.990395729332673280e-01
4.584499837174900172e-01
3.590117161101711307e-01
4.244140556217302906e-01
2.908182622010630491e-01
1.804855935325187788e-01
5.835003073746415359e-01
2.702752592737988069e-01
3.351667144598574066e-01
2.853886538523520144e-01
1.989393991440952525e-01
4.430765299301128168e-01
1.730194807425000092e-01
6.071598455567098762e-01
3.637959476771946421e-01
3.083804327055844063e-01
6.306330680702929570e-01
5.341729484393702432e-01
4.147871457285754460e-01
2.683272587221254279e-01
6.159538456598687706e-01
3.678893903446340263e-01
3.583113740240699285e-01
2.508645302880471162e-01
1.790238374003962907e-01
5.132951112670069982e-01
4.832071063333893690e-01
1.321929024562469579e-01
3.733521864826381820e-01
2.909532218654556912e-01
4.146490430366117086e-01
4.258629662825936246e-01
3.809226907358339576e-01
3.847183661787585418e-01
3.996198660891863153e-01
6.468868585294914597e-01
3.802332935866112318e-01
5.973455743633568904e-01
2.719237906950263128e-01
3.018700711636150835e-01
4.516605218676898459e-01
5.029230404567148760e-01
5.122835122678994768e-01
3.176520257172352757e-01
5.773311148805548854e-01
2.510633663049289255e-01
5.028948104792579921e-01
5.923191657607110860e-01
6.222253566470645758e-01
3.084190389667287868e-01
3.612447170973275279e-01
3.867259099476847983e-01
5.355276493459362186e-01
4.869616677660307258e-01
4.204509037587520481e-01
3.162996459883443690e-01
5.487066397032693832e-01
4.921276976172331841e-01
5.549630650104279139e-01
4.087921196187142558e-01
6.045505878216340667e-01
1.864878184945105433e-01
5.068153697920807499e-01
6.243987182728991669e-01
2.388265193279035525e-01
5.620991104302598407e-01
1.739163892218167917e-01
5.057894036469351429e-01
4.425509732921020234e-01
3.449237744233442093e-01
2.964839278335086314e-01
1.959712263487246031e-01
3.033504788293706067e-01
2.530607633925984756e-01
5.731944484381694682e-01
5.187632537428257251e-01
5.568173880821580823e-01
4.473038895405389015e-01
4.872359355091638311e-01
4.276496837552912211e-01
5.132951112670069982e-01
5.132951112670069982e-01
2.163301083947052339e-01
3.608577792110672089e-01
4.030604015556938924e-01
4.199914015261671518e-01
4.044828684399935925e-01
4.854704080853401993e-01
3.598277420661902259e-01
2.412748615141959985e-01
5.241143600953881432e-01
3.205946997542861165e-01
5.401227213548823736e-01
3.792382419692088558e-01
1.788824106181930162e-01
4.143329660316518726e-01
4.225467810604162100e-01
5.132951112670069982e-01
1.080453117224927373e-01
4.054812058978869427e-01
1.535233344555180790e-01
4.130952307773380627e-01
1.202552687105346158e-01
4.886423438393872609e-01
3.820769545409351542e-01
3.805967871833824123e-01
1.683455719481659341e-01
4.586899409164829078e-01
2.214308847985314854e-01
2.697724834792311066e-01
2.475091716066878111e-01
1.631350630442642835e-01
1.507323670284703709e-01
3.952303786831908861e-01
1.760174795068733811e-01
3.882039486235794867e-01
3.083729601806606269e-01
3.737115326841204399e-01
5.503227599714023421e-01
4.057801844337319830e-01
3.707030649219951735e-01
4.154290210991783416e-01
3.977389877137724183e-01
3.945265219856842198e-01
2.512358806741996076e-01
5.068153697920807499e-01
4.117212853620970670e-01
6.831701790283269127e-02
4.944735911781197313e-01
3.262736848222662633e-01
2.081163518838985982e-01
3.094718391813885416e-01
5.035438426064801076e-01
4.276763861334156869e-01
4.743378340511639757e-01
3.830650003219218114e-01
5.187632537428257251e-01
3.935478994667970798e-01
4.911827969289652707e-01
5.431970839752487956e-01
5.545764658631092692e-01
1.643577144894524666e-01
3.688694072123709367e-01
4.110212951113187962e-01
4.237521944456953404e-01
4.250698733374954630e-01
2.553564811828018533e-01
6.151131744969836612e-01
3.685237359196298357e-01
4.266974886944608913e-01
1.954675556347684195e-01
5.654438740352123460e-01
4.286250002694177441e-01
4.200646095700262816e-01
6.387109174039142800e-01
3.689434398085539302e-01
3.225927166333973917e-01
4.384576873654800200e-01
3.093400596509807143e-01
2.847335512405813063e-01
1.510185274291537261e-01
1.651738833623309088e-01
3.083729601806606269e-01
4.117189293646780213e-01
3.675281736472964522e-01
4.114239213190349354e-01
3.928683348935590458e-01
5.366822978312529857e-01
2.558127945504810596e-01
3.789618711135430695e-01
6.110449460014197864e-01
2.524781418715855152e-01
1.181066610123185923e-01
3.677106874155040561e-01
3.901865086545773242e-01
2.295649578325056339e-01
3.100865811366191327e-01
5.102207486466405761e-01
1.222885487396160320e-01
2.770710120638993357e-01
5.319422441001588897e-01
5.237663029745817100e-01
5.350211428496716159e-01
4.129381472712972956e-01
3.387467804357084389e-01
1.333814706730558908e-01
5.290055207053737663e-01
3.083729601806606269e-01
2.943850403389978720e-01
3.328741258732670905e-01
4.624600715558740416e-01
2.700216042993673349e-01
2.953428417943571027e-01
3.262412888443437797e-01
4.969086179825194516e-01
2.686476439168334340e-01
5.431970839752487956e-01
3.952062970364787486e-01
2.813419127766690342e-01
4.521168808648245441e-01
5.211407065683854034e-01
4.291283585411345136e-01
6.198340087688306577e-01
5.158742789227238612e-01
3.198529938912013093e-01
3.083729601806606269e-01
1.904671642408384269e-01
4.497333760559534266e-01
4.226639754835829210e-01
5.961033104635431457e-01
2.061569139298342346e-01
3.274215928287978472e-01
5.473202750727984567e-01
3.354676548544082704e-01
4.724030731094630009e-01
3.994730836146103692e-01
3.043383783674327714e-01
4.387612637705547436e-01
4.113949010893004354e-01
3.754486167426236976e-01
3.728445131611640151e-01
5.691551737549778167e-01
4.168745532054863312e-01
2.745594661178427098e-01
6.243987182728991669e-01
4.695372345020712435e-01
3.357243414332303777e-01
3.197229038979200189e-01
2.999306440644104454e-01
4.399888807191046358e-01
4.015578586149415319e-01
2.733744419273274051e-01
4.146490430366117086e-01
5.845260914177233813e-01
3.925337230790629794e-01
1.045878751680456159e-01
3.977389877137724183e-01
1.399910041466192190e-01
6.291522771794753055e-01
3.241852655979306497e-01
3.174586772919948952e-01
2.962863543701473312e-01
3.398635580320845118e-01
4.920545941365453424e-01
3.478891557146480129e-01
5.564973174604499750e-02
4.896934874657528081e-01
4.604802295436924986e-01
5.635990815951203992e-01
3.176520257172352757e-01
5.158742789227238612e-01
2.850449958683861085e-01
2.990754027615772914e-01
2.034884168967033002e-01
3.840015070612962655e-01
6.468868585294914597e-01
4.812071205276839403e-01
3.242996975161605566e-01
2.503054435878574457e-01
6.127027731509384623e-01
4.148937878984235161e-01
5.522392351426907986e-01
4.133910701313747715e-01
3.166740221582736159e-01
2.610263797527729857e-01
5.423199798229375590e-01
5.386202903570082023e-01
4.263598257349417997e-01
5.068153697920807499e-01
3.604969541578940673e-01
4.068147310992347165e-01
4.307228886971269377e-01
3.746780564333612729e-01
6.404071170545652114e-01
4.955305801560030421e-01
5.794801888515207500e-01
2.146790574791715978e-01
6.179885536102693866e-01
2.958998645672184513e-01
2.603154570378602983e-01
1.501498839549168240e-01
3.398060750003367714e-01
3.291061992716961537e-01
4.179359074359220161e-01
6.170626524451945372e-01
4.640993600500936678e-01
4.305880502262310339e-01
2.539451208613561217e-01
3.901865086545773242e-01
1.907708452090844664e-01
2.914721251260107837e-01
3.384845313248407983e-01
3.558497441038007691e-01
1.936650997417595499e-01
5.051191701414298185e-01
3.894486273505886054e-01
5.970305468358727552e-01
1.193714637843401039e-01
3.591261115456245157e-01
3.547934766741631107e-01
3.516587218584295571e-01
8.666299206841214520e-02
4.784924042861742333e-01
1.971944855283685738e-01
1.687295036952214944e-01
2.766935058588407825e-01
5.132951112670069982e-01
1.402255102367471196e-01
3.715590190421531047e-01
4.616577416083215146e-01
3.301483630420146143e-01
4.734484556792729060e-01
5.642183525076696071e-01
1.578538937584234025e-01
4.455830845958032027e-01
4.243270424328937640e-01
8.965491743792998458e-02
1.896164487771377916e-01
2.296375266482301725e-01
2.853886538523520144e-01
1.433419420717148840e-01
4.840039656314444882e-01
3.176835365460854987e-01
1.817044942156800236e-01
6.127027731509384623e-01
1.524145760020755580e-01
2.921530776038473998e-01
7.650938168267394646e-02
4.385340733605937458e-01
4.015578586149415319e-01
3.658430466752114474e-01
1.047406811465007304e-01
1.885569386419158056e-01
2.219158445254411638e-01
2.887942576320636778e-01
4.596812492555048535e-01
3.894562150405161960e-01
4.248019956929782182e-01
1.359995264739336518e-01
2.124352345156055311e-01
5.235639241786806952e-01
1.098693326782145124e-01
3.035053962355210855e-01
3.172045290205346424e-01
5.549288173497057830e-01
4.169302210372108353e-01
2.979768325652050742e-01
5.677613183062251156e-01
5.455981574756868513e-01
4.802603268926213254e-01
2.104209449669777743e-01
4.881115739061654413e-01
2.821672165833793988e-01
3.658024883256774662e-01
1.584041632679367984e-01
3.913281270720224136e-01
3.685359280269777660e-01
4.329115226784019388e-01
2.533160281825338478e-01
2.924493873882153538e-01
8.856113251376743212e-02
5.307872632162120574e-01
2.520420574239085609e-01
3.598678098211233189e-01
3.969810649967009941e-01
2.976704500005891707e-01
1.096899391748200753e-01
1.523481092685179394e-01
5.324238017821785185e-01
3.088924235713648714e-01
4.171605462635197825e-01
3.393683761638164320e-01
5.223540203976501095e-01
3.996198660891863153e-01
6.468868585294914597e-01
2.176109752295983246e-01
4.165072377520468994e-01
4.191641160082999473e-01
5.371599149576564702e-01
5.187632537428257251e-01
4.222012629745483525e-01
1.787910868489990257e-01
3.585186697835702763e-01
5.630903813510494960e-01
4.023157813320129561e-01
5.132951112670069982e-01
4.303336267228844991e-01
2.614787617115150176e-01
2.141988497638206701e-01
3.281604501250115491e-01
3.703073826027324933e-01
4.420653965801180085e-01
1.838768267361876596e-01
5.677999739386481171e-01
4.389382216588469943e-01
2.509084642818295019e-01
2.702258102483379720e-01
5.811185947951564845e-01
2.396709413567550129e-01
1.821974520897373662e-01
3.412108357850053841e-01
5.254625026252326414e-01
2.134791569428406699e-01
2.046069526302983776e-01
6.340519159293770413e-01
2.485298665623019432e-01
5.955528410783056392e-01
2.744599273836329512e-01
2.067331113640036577e-01
3.602642506911057918e-01
5.164103048703051480e-01
9.843243740826232435e-02
3.247432641551379895e-01
1.861046950852115467e-01
3.017296179830275538e-01
4.784534919231019923e-01
5.051191701414298185e-01
8.225554900396435387e-02
5.583152829508858384e-01
5.296266683501503758e-01
4.015780692415857889e-01
3.205036495539458352e-01
4.048904579683412774e-01
3.629878539706585805e-01
4.824663704340366177e-01
6.408619065647351842e-01
1.546154779665583900e-01
1.078709040946087272e-01
4.476942721908377942e-01
4.894760812998931176e-01
4.499849454836335472e-01
2.813947161387737594e-01
5.717460574749765323e-01
2.272119848460131819e-01
3.062702049921470770e-01
1.805936590503465500e-01
3.191133247232868508e-01
5.549630650104279139e-01
3.172719142677549176e-01
3.387467804357084389e-01
5.140288237641627012e-01
2.802571706959112174e-01
5.558558983324319858e-01
5.002540750720433360e-01
3.747611068235213172e-01
4.325524101329923377e-01
5.051191701414298185e-01
1.453807981449812270e-01
5.046778200130167535e-01
3.612268905317765344e-01
4.361149956619408963e-01
1.566323242198454924e-01
2.553400742234073206e-01
5.151230894086703538e-01
5.068153697920807499e-01
2.494385689566115671e-01
4.299415250166314650e-01
3.980027645279120008e-01
1.798377404953712677e-01
2.950292199451318154e-01
5.360149812848322703e-01
4.196008647335391917e-01
6.408619065647351842e-01
1.691397741359717821e-01
4.458153077580045420e-01
4.560946134695834653e-01
5.603539841542464206e-01
2.872506853917483061e-01
2.127915542057343401e-01
2.338396551446367544e-01
3.060777131326070655e-01
9.210389355144081580e-02
2.826641023324297231e-01
2.487814765264003691e-01
4.401244676585854831e-01
4.198035811250469540e-01
6.022282961225703390e-01
4.905558228496662010e-01
5.431970839752487956e-01
3.897686455348017831e-01
2.583715962938898381e-01
3.535924753142267174e-01
5.254547489438691210e-01
1.961199198555741985e-01
3.704158114931713763e-01
2.603991253485504753e-01
2.129510133537660943e-01
2.049869003750125485e-01
3.513167185918462665e-01
2.046380764922632045e-01
5.386202903570082023e-01
3.590127207897075845e-01
5.350211428496716159e-01
6.064684233535445612e-01
2.770718500244231386e-01
3.721706761759516202e-01
3.094718391813885416e-01
3.825691059481475254e-01
1.918029358873363510e-01
4.769733189528144179e-01
6.168748054355536192e-01
4.025635232902900484e-01
2.856758300541019646e-01
4.165357828741711455e-01
5.428673269685105884e-01
3.930103730481017688e-01
2.396534605980338850e-01
4.345960727860728179e-01
3.594515154607357266e-01
2.920918480715936072e-01
3.644720105275294220e-01
4.302245557979435531e-01
4.711748218179365733e-01
2.082078513109051621e-01
5.522392351426907986e-01
1.974885712145862116e-01
5.202223074470621045e-01
3.355349243129875925e-01
3.925337230790629794e-01
6.356320186544015538e-01
4.451405331342551674e-01
2.952335086299716638e-01
3.405721212156340161e-01
3.151216999761605742e-01
3.760966313018072049e-01
2.681280981020786602e-01
3.800569512282397922e-01
4.778057644449116848e-01
9.667203004588759141e-02
1.542918517292986014e-01
3.729044519722835571e-01
5.649949675026714191e-01
4.717874451736439045e-01
5.308908491479998881e-01
3.954705068627173414e-01
2.058922326338690767e-01
6.340519159293770413e-01
3.279970407549869793e-01
3.422541798926729273e-01
1.319445332228816881e-01
7.421119907035932106e-02
7.202506358760456251e-02
4.260553874632504456e-01
1.482107443524634804e-01
2.544841259238633246e-01
3.583113740240699285e-01
2.964552947785386028e-01
4.765066203626477925e-01
6.986260012585809864e-02
5.367173425003225473e-01
5.500286659700219793e-01
2.512006478745734128e-01
2.988712950354662778e-01
1.651526634828107132e-01
4.361149956619408963e-01
5.559997072008773245e-01
4.226524942187086520e-01
2.484346522324077100e-01
1.526004324656992650e-01
1.944477943679889798e-01
1.779999358062161752e-01
5.367173425003225473e-01
2.148998900117722877e-01
2.173713158173705973e-01
4.209636387276569636e-01
5.367173425003225473e-01
3.905957305533077628e-01
3.835871750793121149e-01
4.426486701138283020e-01
2.634485604622763266e-01
5.341729484393702432e-01
2.205302746166478700e-01
4.242514673740249709e-01
4.976778555572711760e-01
5.094756620462702612e-01
3.097920182640004905e-01
1.545173976079513567e-01
4.995449198489077536e-01
1.275094023295867962e-01
3.426723644974273286e-01
4.250698733374954630e-01
4.746403484020794705e-01
3.280337992830339444e-01
4.749524233192189970e-01
3.086388497737094783e-01
6.468868585294914597e-01
4.103154180371486048e-01
3.242800037808192815e-01
5.002540750720433360e-01
3.248557638374292567e-01
4.803253342111808433e-01
1.767988747849872089e-01
5.571193401201941509e-01
3.839198060141676416e-01
2.058922326338690767e-01
1.474835533334947490e-01
5.099935085535822754e-01
5.051191701414298185e-01
2.405177014014861225e-01
1.759177049338607746e-01
2.289149079293657518e-01
2.717629858418467714e-01
3.358931592969109370e-01
5.319422441001588897e-01
4.146490430366117086e-01
2.976134855231769571e-01
5.566495886180324870e-01
6.081259795326978690e-01
2.821591134573023241e-01
4.755140474952541663e-01
2.419273849703680035e-01
4.334196456423005661e-01
5.801405514273533237e-01
4.607610128404591165e-01
3.810097062113402266e-01
1.070521983695219143e-01
4.283042881848750372e-01
5.105873126172486565e-01
5.051191701414298185e-01
3.117622643705164620e-01
3.408358567657785443e-01
5.205085652390888384e-01
2.975392974334509222e-01
2.259737659610472904e-01
3.062702049921470770e-01
2.852394388808598968e-01
1.581775008708089236e-01
3.209649974408374518e-01
2.770322471910259265e-01
3.150585544225354973e-01
6.201000794245478120e-01
2.221636064401087685e-01
1.603302790388904664e-01
2.524159404007485508e-01
4.015578586149415319e-01
1.116959970241670624e-01
1.468485016972439494e-01
2.668051461498354149e-01
5.598219371159693925e-01
5.393613937865534558e-01
3.353776610954923854e-01
1.522530127021158308e-01
1.954034357519508769e-01
5.549630650104279139e-01
2.703553815833442120e-01
2.668051461498354149e-01
5.647671714370453566e-01
1.129943546999160747e-01
2.815507361355018001e-01
2.610999008625087825e-01
4.307507487537819979e-01
5.582652799277083577e-01
1.895123706916560513e-01
5.703283927010910359e-01
1.563499426448632379e-01
1.980466508446301066e-01
4.075825680887646962e-01
6.106404556381598292e-01
4.128189450481506984e-01
2.705048356157647160e-01
3.422541798926729273e-01
3.803705553038047582e-01
3.480696799762337257e-01
2.920785017157197516e-01
5.768890197135614351e-01
2.371231331939266385e-01
4.001423527691184701e-01
2.508645302880471162e-01
2.542201558861298949e-01
4.142649266929436247e-01
2.997897552732356474e-01
4.482561603732895805e-01
5.503216301486668627e-01
5.405783015330882790e-01
2.731345810802826568e-01
