Sample: e0_p//ntuples_grid_newVertex/00a_newVertex/bdm_m05_b1p1_00a
SigStrength	NegCosCut	PosCosCut	bestEff	BkgExpect	BkgError	CVNCut	BDTCut
15302.995153498685	-0.9	0.9	0.01529	1955.9351551339962	44.225955672365025	0.9	-0.2
15302.09793869279	-0.9	0.9	0.01529	1955.6920912399817	44.22320760912738	0.9	0.056410256410256376
15299.405960757153	-0.9	0.9	0.01529	1954.9628995579385	44.21496239462314	0.9	0.08205128205128204
15298.50852357151	-0.9	0.9	0.01529	1954.7198356639242	44.21221364808512	0.9	0.1076923076923077
 ======= BEST CUTS ========
15298.50852357151	-0.9	0.9	0.01529	1954.7198356639242	44.21221364808512	0.9	0.1076923076923077

Sample: e0_p//ntuples_grid_newVertex/00a_newVertex/bdm_m10_b1p1_00a
SigStrength	NegCosCut	PosCosCut	bestEff	BkgExpect	BkgError	CVNCut	BDTCut
12820.975117643557	-0.9	0.9	0.01825	1955.9351551339962	44.225955672365025	0.9	-0.2
12820.22342370481	-0.9	0.9	0.01825	1955.6920912399817	44.22320760912738	0.9	0.056410256410256376
 ======= BEST CUTS ========
12820.22342370481	-0.9	0.9	0.01825	1955.6920912399817	44.22320760912738	0.9	0.056410256410256376

Sample: e0_p//ntuples_grid_newVertex/00a_newVertex/bdm_m20_b1p1_00a
SigStrength	NegCosCut	PosCosCut	bestEff	BkgExpect	BkgError	CVNCut	BDTCut
12709.548935197985	-0.9	0.9	0.01841	1955.9351551339962	44.225955672365025	0.9	-0.2
12708.803774177772	-0.9	0.9	0.01841	1955.6920912399817	44.22320760912738	0.9	0.056410256410256376
12706.568014121502	-0.9	0.9	0.01841	1954.9628995579385	44.21496239462314	0.9	0.08205128205128204
12705.82266840893	-0.9	0.9	0.01841	1954.7198356639242	44.21221364808512	0.9	0.1076923076923077
 ======= BEST CUTS ========
12705.82266840893	-0.9	0.9	0.01841	1954.7198356639242	44.21221364808512	0.9	0.1076923076923077

Sample: e0_p//ntuples_grid_newVertex/00a_newVertex/bdm_m40_b1p1_00a
SigStrength	NegCosCut	PosCosCut	bestEff	BkgExpect	BkgError	CVNCut	BDTCut
12118.050353150022	-0.9	0.9	0.019308617234468937	1955.9351551339962	44.225955672365025	0.9	-0.2
12117.339871699405	-0.9	0.9	0.019308617234468937	1955.6920912399817	44.22320760912738	0.9	0.056410256410256376
 ======= BEST CUTS ========
12117.339871699405	-0.9	0.9	0.019308617234468937	1955.6920912399817	44.22320760912738	0.9	0.056410256410256376

Sample: e0_p//ntuples_grid_newVertex/00a_newVertex/bdm_m05_b1p5_00a
SigStrength	NegCosCut	PosCosCut	bestEff	BkgExpect	BkgError	CVNCut	BDTCut
1859.053963581296	-1.1	0.85	0.11057228915662651	1484.6342646400458	38.53095203391743	0.9	-0.2
1858.911629174465	-1.1	0.85	0.11057228915662651	1484.3912007460315	38.527797766626	0.9	0.056410256410256376
1858.0682752699488	-1.1	0.85	0.10914658634538153	1442.3411470815377	37.97816671564779	0.9	0.3641025641025641
1857.2845767981937	-1.1	0.85	0.10886546184738956	1433.10471910899	37.85636959758542	0.9	0.38974358974358975
1855.6979762402302	-1.1	0.85	0.10866465863453816	1424.8405467124996	37.747060106881165	0.9	0.4153846153846154
1853.645330240289	-1.1	0.85	0.10846385542168675	1415.8471826339664	37.627744851823984	0.9	0.44102564102564096
1850.217232991594	-1.1	0.85	0.10833333333333334	1406.6107546614187	37.50480975370251	0.9	0.4666666666666666
1848.366867779962	-1.1	0.85	0.10822289156626506	1400.5341573110584	37.42371116432814	0.9	0.4923076923076923
1841.0693626060852	-1.1	0.85	0.10812248995983936	1385.9503236701935	37.22835375987224	0.9	0.5179487179487179
1835.776096260247	-1.1	0.85	0.1079718875502008	1373.3110011814438	37.05821098193279	0.9	0.5435897435897437
1833.0994076320255	-1.1	0.85	0.10786144578313253	1366.0190843610114	36.95969540406159	0.9	0.5692307692307692
1828.7542938606118	-1.1	0.85	0.10782128514056225	1357.9979758585357	36.851024081544	0.9	0.5948717948717948
1823.8622460729027	-1.1	0.85	0.10773092369477912	1347.7892923099303	36.7122498944144	0.9	0.6205128205128205
1817.4894308410617	-1.1	0.85	0.10768072289156627	1336.3652892912528	36.5563303586568	0.9	0.6461538461538461
1816.7345169857306	-1.1	0.85	0.1076706827309237	1334.9069059271662	36.53637784355705	0.9	0.6717948717948719
 ======= BEST CUTS ========
1816.7345169857306	-1.1	0.85	0.1076706827309237	1334.9069059271662	36.53637784355705	0.9	0.6717948717948719

Sample: e0_p//ntuples_grid_newVertex/00a_newVertex/bdm_m10_b1p5_00a
SigStrength	NegCosCut	PosCosCut	bestEff	BkgExpect	BkgError	CVNCut	BDTCut
1845.555014929248	-1.1	0.85	0.11138104838709677	1484.6342646400458	38.53095203391743	0.9	-0.2
1845.4908258165574	-1.1	0.85	0.1113508064516129	1483.662009063988	38.51833341493357	0.9	0.08205128205128204
1845.3105680846202	-1.1	0.85	0.11131048387096774	1482.2036256999017	38.49939773165162	0.9	0.1333333333333333
1844.340869378464	-1.1	0.85	0.11118951612903226	1477.099283925599	38.43304937063411	0.9	0.18461538461538457
1843.8576706191484	-1.1	0.85	0.11109879032258065	1473.6963894093972	38.38875342348846	0.9	0.21025641025641023
1843.4857720060033	-1.1	0.85	0.11043346774193548	1454.251277888244	38.134646686290985	0.9	0.31282051282051276
1842.5496305257632	-1.1	0.85	0.11028225806451612	1448.417744431898	38.05808382501539	0.9	0.3384615384615384
1841.290453659406	-1.1	0.85	0.11014112903225806	1442.3411470815377	37.97816671564779	0.9	0.3641025641025641
1839.3084831663227	-1.1	0.85	0.10992943548387096	1433.10471910899	37.85636959758542	0.9	0.38974358974358975
1838.393500781292	-1.1	0.85	0.1096875	1424.8405467124996	37.747060106881165	0.9	0.4153846153846154
1836.6800897822025	-1.1	0.85	0.10946572580645161	1415.8471826339664	37.627744851823984	0.9	0.44102564102564096
1832.7650349233106	-1.1	0.85	0.1093649193548387	1406.6107546614187	37.50480975370251	0.9	0.4666666666666666
1830.7530422509124	-1.1	0.85	0.10926411290322581	1400.5341573110584	37.42371116432814	0.9	0.4923076923076923
1824.0210201769294	-1.1	0.85	0.10913306451612903	1385.9503236701935	37.22835375987224	0.9	0.5179487179487179
1817.2505781043985	-1.1	0.85	0.10907258064516129	1373.3110011814438	37.05821098193279	0.9	0.5435897435897437
1814.421705387816	-1.1	0.85	0.10897177419354839	1366.0190843610114	36.95969540406159	0.9	0.5692307692307692
1809.9491909411454	-1.1	0.85	0.10894153225806452	1357.9979758585357	36.851024081544	0.9	0.5948717948717948
1804.26245992573	-1.1	0.85	0.10890120967741936	1347.7892923099303	36.7122498944144	0.9	0.6205128205128205
1797.6195106913044	-1.1	0.85	0.10887096774193548	1336.3652892912528	36.5563303586568	0.9	0.6461538461538461
1796.871686437735	-1.1	0.85	0.10886088709677419	1334.9069059271662	36.53637784355705	0.9	0.6717948717948719
 ======= BEST CUTS ========
1796.871686437735	-1.1	0.85	0.10886088709677419	1334.9069059271662	36.53637784355705	0.9	0.6717948717948719

Sample: e0_p//ntuples_grid_newVertex/00a_newVertex/bdm_m20_b1p5_00a
SigStrength	NegCosCut	PosCosCut	bestEff	BkgExpect	BkgError	CVNCut	BDTCut
1792.1804517530952	-1.1	0.85	0.11469818913480885	1484.6342646400458	38.53095203391743	0.9	-0.2
1792.0432373706553	-1.1	0.85	0.11469818913480885	1484.3912007460315	38.527797766626	0.9	0.056410256410256376
1791.5085013143503	-1.1	0.85	0.11390342052313883	1461.5431947086763	38.230134641519065	0.9	0.28717948717948716
1789.798442561586	-1.1	0.85	0.11330985915492958	1442.3411470815377	37.97816671564779	0.9	0.3641025641025641
1786.9741119921562	-1.1	0.85	0.11314889336016097	1433.10471910899	37.85636959758542	0.9	0.38974358974358975
1785.01108196853	-1.1	0.85	0.11296780684104628	1424.8405467124996	37.747060106881165	0.9	0.4153846153846154
1782.7582336097585	-1.1	0.85	0.11277665995975855	1415.8471826339664	37.627744851823984	0.9	0.44102564102564096
1778.1129767006828	-1.1	0.85	0.11272635814889335	1406.6107546614187	37.50480975370251	0.9	0.4666666666666666
1775.9502810270565	-1.1	0.85	0.11263581488933602	1400.5341573110584	37.42371116432814	0.9	0.4923076923076923
1768.087191955159	-1.1	0.85	0.11258551307847083	1385.9503236701935	37.22835375987224	0.9	0.5179487179487179
1761.3350346089885	-1.1	0.85	0.11253521126760563	1373.3110011814438	37.05821098193279	0.9	0.5435897435897437
1758.539977247367	-1.1	0.85	0.11243460764587525	1366.0190843610114	36.95969540406159	0.9	0.5692307692307692
1754.0322743990544	-1.1	0.85	0.11241448692152918	1357.9979758585357	36.851024081544	0.9	0.5948717948717948
1748.3434453021173	-1.1	0.85	0.11238430583501006	1347.7892923099303	36.7122498944144	0.9	0.6205128205128205
1741.73448210388	-1.1	0.85	0.11236418511066398	1336.3652892912528	36.5563303586568	0.9	0.6461538461538461
1741.0045801395092	-1.1	0.85	0.11235412474849095	1334.9069059271662	36.53637784355705	0.9	0.6717948717948719
 ======= BEST CUTS ========
1741.0045801395092	-1.1	0.85	0.11235412474849095	1334.9069059271662	36.53637784355705	0.9	0.6717948717948719

Sample: e0_p//ntuples_grid_newVertex/00a_newVertex/bdm_m40_b1p5_00a
SigStrength	NegCosCut	PosCosCut	bestEff	BkgExpect	BkgError	CVNCut	BDTCut
1787.7885203838423	-1.1	0.85	0.11497995991983968	1484.6342646400458	38.53095203391743	0.9	-0.2
1787.55249690769	-1.1	0.85	0.11495991983967936	1483.662009063988	38.51833341493357	0.9	0.08205128205128204
1787.537431313571	-1.1	0.85	0.11459919839679358	1473.6963894093972	38.38875342348846	0.9	0.21025641025641023
1787.0378054018486	-1.1	0.85	0.11418837675350701	1461.5431947086763	38.230134641519065	0.9	0.28717948717948716
1786.0000130315655	-1.1	0.85	0.11398797595190381	1454.251277888244	38.134646686290985	0.9	0.31282051282051276
1784.2172512987897	-1.1	0.85	0.1138877755511022	1448.417744431898	38.05808382501539	0.9	0.3384615384615384
1783.069384402087	-1.1	0.85	0.1137374749498998	1442.3411470815377	37.97816671564779	0.9	0.3641025641025641
1781.021667684894	-1.1	0.85	0.11352705410821644	1433.10471910899	37.85636959758542	0.9	0.38974358974358975
1780.4608470557732	-1.1	0.85	0.11325651302605211	1424.8405467124996	37.747060106881165	0.9	0.4153846153846154
1778.3516091825134	-1.1	0.85	0.1130561122244489	1415.8471826339664	37.627744851823984	0.9	0.44102564102564096
1774.8143007743279	-1.1	0.85	0.11293587174348697	1406.6107546614187	37.50480975370251	0.9	0.4666666666666666
1772.647273061756	-1.1	0.85	0.11284569138276553	1400.5341573110584	37.42371116432814	0.9	0.4923076923076923
1765.7353272277737	-1.1	0.85	0.11273547094188377	1385.9503236701935	37.22835375987224	0.9	0.5179487179487179
1759.4573139935292	-1.1	0.85	0.11265531062124248	1373.3110011814438	37.05821098193279	0.9	0.5435897435897437
1756.8136651233197	-1.1	0.85	0.11254509018036073	1366.0190843610114	36.95969540406159	0.9	0.5692307692307692
1752.7770632763145	-1.1	0.85	0.11249498997995992	1357.9979758585357	36.851024081544	0.9	0.5948717948717948
1747.0900902757076	-1.1	0.85	0.11246492985971944	1347.7892923099303	36.7122498944144	0.9	0.6205128205128205
1740.949804877666	-1.1	0.85	0.11241482965931864	1336.3652892912528	36.5563303586568	0.9	0.6461538461538461
1740.0644236840997	-1.1	0.85	0.11241482965931864	1334.9069059271662	36.53637784355705	0.9	0.6717948717948719
 ======= BEST CUTS ========
1740.0644236840997	-1.1	0.85	0.11241482965931864	1334.9069059271662	36.53637784355705	0.9	0.6717948717948719

Sample: e0_p//ntuples_grid_newVertex/00a_newVertex/bdm_m05_b10_00a
SigStrength	NegCosCut	PosCosCut	bestEff	BkgExpect	BkgError	CVNCut	BDTCut
748.6701179554408	-1.1	0.8315789473684211	0.38698947368421055	3067.952470249944	55.38910064489171	0.2	-0.2
748.6417972766136	-1.1	0.8315789473684211	0.38698947368421055	3067.70940635593	55.38690645230089	0.2	0.056410256410256376
748.5285033629018	-1.1	0.8315789473684211	0.38698947368421055	3066.737150779872	55.378128812554436	0.2	0.08205128205128204
748.5001770842088	-1.1	0.8315789473684211	0.38698947368421055	3066.4940868858575	55.375934185220366	0.2	0.1076923076923077
748.358528882507	-1.1	0.8315789473684211	0.38698947368421055	3065.2787674157853	55.36495974364819	0.2	0.1333333333333333
748.160174312848	-1.1	0.8315789473684211	0.38698947368421055	3063.5773201576844	55.34959186983843	0.2	0.15897435897435896
747.7879468141612	-1.1	0.8315789473684211	0.38694736842105265	3059.688297853454	55.314449268283006	0.2	0.18461538461538457
747.4111099019772	-1.1	0.8315789473684211	0.38693684210526313	3056.2854033372523	55.28368116666303	0.2	0.21025641025641023
747.0340317582362	-1.1	0.8315789473684211	0.3869263157894737	3052.88250882105	55.25289593153512	0.2	0.2358974358974359
746.6851224315334	-1.1	0.8315789473684211	0.3869157894736842	3049.722678198863	55.22429427524505	0.2	0.2615384615384615
745.9013460513418	-1.1	0.8315789473684211	0.38689473684210524	3042.673825272445	55.160437138155864	0.2	0.28717948717948716
745.0026067691729	-1.1	0.8315789473684211	0.3868736842105263	3034.652716769969	55.0876820783918	0.2	0.31282051282051276
744.359185911886	-1.1	0.8315789473684211	0.3868526315789474	3028.8191833136234	55.03470889641939	0.2	0.3384615384615384
743.5889401273052	-1.1	0.8315789473684211	0.3868526315789474	3022.256458175234	54.975053052955154	0.2	0.3641025641025641
742.4127390416041	-1.1	0.8315789473684211	0.3868105263157895	3011.5616468385997	54.87769717142475	0.2	0.38974358974358975
741.4059350409445	-1.1	0.8315789473684211	0.3867684210526316	3002.325218866052	54.793477886205146	0.2	0.4153846153846154
740.1560834529625	-1.1	0.8315789473684211	0.3867473684210526	2991.3873436354033	54.693576804186094	0.2	0.44102564102564096
739.0273670460788	-1.1	0.8315789473684211	0.38673684210526316	2981.6647878748267	54.604622403921326	0.2	0.4666666666666666
738.0982376256833	-1.1	0.8315789473684211	0.3867263157894737	2973.643679372351	54.531125784934524	0.2	0.4923076923076923
736.1870826838397	-1.1	0.8315789473684211	0.38671578947368423	2957.3583984733855	54.38159981531791	0.2	0.5179487179487179
734.5888276969747	-1.1	0.8315789473684211	0.3867052631578947	2943.746820408578	54.256306733951014	0.2	0.5435897435897437
733.604469867188	-1.1	0.8315789473684211	0.3867052631578947	2935.482648012088	54.18009457367242	0.2	0.5692307692307692
732.4645680040317	-1.1	0.8315789473684211	0.38669473684210526	2925.760092251511	54.09029573085648	0.2	0.5948717948717948
731.1283358178543	-1.1	0.8315789473684211	0.38669473684210526	2914.5791531268483	53.98684240745006	0.2	0.6205128205128205
729.439870638631	-1.1	0.8315789473684211	0.38669473684210526	2900.481447274012	53.85611801155011	0.2	0.6461538461538461
729.2358137072229	-1.1	0.8315789473684211	0.38669473684210526	2898.7800000159114	53.840319464281706	0.2	0.6717948717948719
729.0488410878844	-1.1	0.8315789473684211	0.3859578947368421	2885.654549739133	53.718288782677476	0.2076923076923077	0.6461538461538461
728.8438710001203	-1.1	0.8315789473684211	0.3859578947368421	2883.953102481032	53.70244968789629	0.2076923076923077	0.6717948717948719
728.8337365474745	-1.1	0.8315789473684211	0.38503157894736845	2869.369268840167	53.56649390094677	0.2153846153846154	0.6461538461538461
728.6276921964576	-1.1	0.8315789473684211	0.38503157894736845	2867.667821582066	53.55060990859083	0.2153846153846154	0.6717948717948719
728.3200785503393	-1.1	0.8315789473684211	0.3843684210526316	2854.7854351993024	53.430192168841224	0.2230769230769231	0.6461538461538461
728.1131531688195	-1.1	0.8315789473684211	0.3843684210526316	2853.0839879412015	53.4142676439657	0.2230769230769231	0.6717948717948719
727.4433533296049	-1.1	0.8315789473684211	0.38373684210526315	2837.770962618293	53.27073270209725	0.23076923076923078	0.6461538461538461
727.2354681278673	-1.1	0.8315789473684211	0.38373684210526315	2836.0695153601923	53.25476049481579	0.23076923076923078	0.6717948717948719
727.1661886689325	-1.1	0.8315789473684211	0.38286315789473685	2821.9718095073563	53.122234605740715	0.23846153846153847	0.6461538461538461
726.9572477398385	-1.1	0.8315789473684211	0.38286315789473685	2820.2703622492554	53.106217736243046	0.23846153846153847	0.6717948717948719
726.9017915799785	-1.1	0.8315789473684211	0.38213684210526316	2808.6032953365634	52.99625737103106	0.24615384615384617	0.6461538461538461
726.6919568600666	-1.1	0.8315789473684211	0.38213684210526316	2806.9018480784625	52.98020241635985	0.24615384615384617	0.6717948717948719
726.6726089431025	-1.1	0.8315789473684211	0.38142105263157894	2795.7209089537996	52.874577151536634	0.25384615384615383	0.6461538461538461
726.4618975720279	-1.1	0.8315789473684211	0.38142105263157894	2794.0194616956983	52.8584852383768	0.25384615384615383	0.6717948717948719
726.4587865544864	-1.1	0.8315789473684211	0.3806631578947368	2782.3523947830067	52.74800844376029	0.26153846153846155	0.6717948717948719
726.4106783406272	-1.1	0.8315789473684211	0.3797684210526316	2768.2546889301707	52.61420615128742	0.2692307692307692	0.6461538461538461
726.1980047728238	-1.1	0.8315789473684211	0.3797684210526316	2766.55324167207	52.5980345799353	0.2692307692307692	0.6717948717948719
725.6969578555033	-1.1	0.8315789473684211	0.3789157894736842	2749.5387690910607	52.43604455993091	0.27692307692307694	0.6461538461538461
725.4830829237196	-1.1	0.8315789473684211	0.3789157894736842	2747.83732183296	52.419818025561284	0.27692307692307694	0.6717948717948719
725.4084018866963	-1.1	0.8315789473684211	0.37626315789473685	2707.002587638538	52.02886302465717	0.3	0.6717948717948719
725.2939692163209	-1.1	0.8315789473684211	0.3744842105263158	2679.2933037208945	51.76189045737119	0.3153846153846154	0.6717948717948719
 ======= BEST CUTS ========
725.2939692163209	-1.1	0.8315789473684211	0.3744842105263158	2679.2933037208945	51.76189045737119	0.3153846153846154	0.6717948717948719

Sample: e0_p//ntuples_grid_newVertex/00a_newVertex/bdm_m10_b10_00a
SigStrength	NegCosCut	PosCosCut	bestEff	BkgExpect	BkgError	CVNCut	BDTCut
724.0358107880905	-1.1	0.8315789473684211	0.40015625	3067.952470249944	55.38910064489171	0.2	-0.2
724.0084219753612	-1.1	0.8315789473684211	0.40015625	3067.70940635593	55.38690645230089	0.2	0.056410256410256376
723.8988558945141	-1.1	0.8315789473684211	0.40015625	3066.737150779872	55.378128812554436	0.2	0.08205128205128204
723.8714616661774	-1.1	0.8315789473684211	0.40015625	3066.4940868858575	55.375934185220366	0.2	0.1076923076923077
723.7533146523617	-1.1	0.8315789473684211	0.4001458333333333	3065.2787674157853	55.36495974364819	0.2	0.1333333333333333
723.5614817651472	-1.1	0.8315789473684211	0.4001458333333333	3063.5773201576844	55.34959186983843	0.2	0.15897435897435896
723.160457748758	-1.1	0.8315789473684211	0.400125	3059.688297853454	55.314449268283006	0.2	0.18461538461538457
722.77636893436	-1.1	0.8315789473684211	0.400125	3056.2854033372523	55.28368116666303	0.2	0.21025641025641023
722.4296814643795	-1.1	0.8315789473684211	0.40010416666666665	3052.88250882105	55.25289593153512	0.2	0.2358974358974359
722.1102194555749	-1.1	0.8315789473684211	0.40008333333333335	3049.722678198863	55.22429427524505	0.2	0.2615384615384615
721.3505514531004	-1.1	0.8315789473684211	0.4000625	3042.673825272445	55.160437138155864	0.2	0.28717948717948716
720.5172311289684	-1.1	0.8315789473684211	0.4000208333333333	3034.652716769969	55.0876820783918	0.2	0.31282051282051276
719.8557822862795	-1.1	0.8315789473684211	0.4000208333333333	3028.8191833136234	55.03470889641939	0.2	0.3384615384615384
719.1483457531209	-1.1	0.8315789473684211	0.4	3022.256458175234	54.975053052955154	0.2	0.3641025641025641
717.9887487015669	-1.1	0.8315789473684211	0.39996875	3011.5616468385997	54.87769717142475	0.2	0.38974358974358975
716.9743631739618	-1.1	0.8315789473684211	0.3999479166666667	3002.325218866052	54.793477886205146	0.2	0.4153846153846154
715.726737326255	-1.1	0.8315789473684211	0.3999479166666667	2991.3873436354033	54.693576804186094	0.2	0.44102564102564096
714.6158243373799	-1.1	0.8315789473684211	0.3999479166666667	2981.6647878748267	54.604622403921326	0.2	0.4666666666666666
713.7165485299176	-1.1	0.8315789473684211	0.3999375	2973.643679372351	54.531125784934524	0.2	0.4923076923076923
711.8491486304972	-1.1	0.8315789473684211	0.3999375	2957.3583984733855	54.38159981531791	0.2	0.5179487179487179
710.2843967555132	-1.1	0.8315789473684211	0.3999375	2943.746820408578	54.256306733951014	0.2	0.5435897435897437
709.3510827256189	-1.1	0.8315789473684211	0.3999270833333333	2935.482648012088	54.18009457367242	0.2	0.5692307692307692
708.229587778152	-1.1	0.8315789473684211	0.3999270833333333	2925.760092251511	54.09029573085648	0.2	0.5948717948717948
706.9559810382785	-1.1	0.8315789473684211	0.39991666666666664	2914.5791531268483	53.98684240745006	0.2	0.6205128205128205
705.3233394092388	-1.1	0.8315789473684211	0.39991666666666664	2900.481447274012	53.85611801155011	0.2	0.6461538461538461
705.1260289494137	-1.1	0.8315789473684211	0.39991666666666664	2898.7800000159114	53.840319464281706	0.2	0.6717948717948719
704.9281479582727	-1.1	0.8315789473684211	0.3990520833333333	2883.953102481032	53.70244968789629	0.2076923076923077	0.6717948717948719
704.384887826348	-1.1	0.8315789473684211	0.39839583333333334	2869.369268840167	53.56649390094677	0.2153846153846154	0.6461538461538461
704.1857552673013	-1.1	0.8315789473684211	0.39839583333333334	2867.667821582066	53.55060990859083	0.2153846153846154	0.6717948717948719
704.0965326010428	-1.1	0.8315789473684211	0.39747916666666666	2853.0839879412015	53.4142676439657	0.2230769230769231	0.6717948717948719
703.7499477624914	-1.1	0.8315789473684211	0.39665625	2837.770962618293	53.27073270209725	0.23076923076923078	0.6461538461538461
703.5488335462522	-1.1	0.8315789473684211	0.39665625	2836.0695153601923	53.25476049481579	0.23076923076923078	0.6717948717948719
703.5429665843923	-1.1	0.8315789473684211	0.39571875	2821.9718095073563	53.122234605740715	0.23846153846153847	0.6461538461538461
703.3408134543564	-1.1	0.8315789473684211	0.39571875	2820.2703622492554	53.106217736243046	0.23846153846153847	0.6717948717948719
703.1941621025243	-1.1	0.8315789473684211	0.39490625	2806.9018480784625	52.98020241635985	0.24615384615384617	0.6717948717948719
702.7070070709958	-1.1	0.8315789473684211	0.3913125	2749.5387690910607	52.43604455993091	0.27692307692307694	0.6461538461538461
702.4999076590794	-1.1	0.8315789473684211	0.3913125	2747.83732183296	52.419818025561284	0.27692307692307694	0.6717948717948719
702.4599120008728	-1.1	0.8315789473684211	0.3904270833333333	2734.468807662167	52.29214862349956	0.2846153846153846	0.6717948717948719
702.2663706364176	-1.1	0.8315789473684211	0.3895416666666667	2719.884974021302	52.15251646873142	0.2923076923076923	0.6717948717948719
702.2396425239788	-1.1	0.8315789473684211	0.38867708333333334	2707.002587638538	52.02886302465717	0.3	0.6717948717948719
 ======= BEST CUTS ========
702.2396425239788	-1.1	0.8315789473684211	0.38867708333333334	2707.002587638538	52.02886302465717	0.3	0.6717948717948719

Sample: e0_p//ntuples_grid_newVertex/00a_newVertex/bdm_m20_b10_00a
SigStrength	NegCosCut	PosCosCut	bestEff	BkgExpect	BkgError	CVNCut	BDTCut
553.9172787960691	-1.1	0.9052631578947369	0.3988888888888889	1731.8302448527056	41.61526456545369	0.2	-0.2
553.8441928328255	-1.1	0.9052631578947369	0.3988888888888889	1731.3441170646768	41.60942341663336	0.2	0.08205128205128204
553.7345447159288	-1.1	0.9052631578947369	0.3988888888888889	1730.6149253826336	41.60066015561092	0.2	0.1333333333333333
553.5151794096789	-1.1	0.9052631578947369	0.3988888888888889	1729.156542018547	41.58312809323689	0.2	0.15897435897435896
553.1493656343158	-1.1	0.9052631578947369	0.3988888888888889	1726.725903078403	41.55389155155511	0.2	0.18461538461538457
552.7466740508889	-1.1	0.9052631578947369	0.3988888888888889	1724.0522002442444	41.52170757861777	0.2	0.21025641025641023
552.5635295746839	-1.1	0.9052631578947369	0.3988888888888889	1722.8368807741724	41.507070250430495	0.2	0.2358974358974359
552.3070191436345	-1.1	0.9052631578947369	0.3988888888888889	1721.1354335160715	41.48656931485262	0.2	0.2615384615384615
551.771159370909	-1.1	0.9052631578947369	0.39887860082304527	1717.4894751058553	41.44260458882689	0.2	0.28717948717948716
551.1102646924726	-1.1	0.9052631578947369	0.39887860082304527	1713.1143250135958	41.38978527382808	0.2	0.31282051282051276
550.5956539518999	-1.1	0.9052631578947369	0.39887860082304527	1709.7114304973938	41.348656937044446	0.2	0.3384615384615384
550.043718749663	-1.1	0.9052631578947369	0.39887860082304527	1706.0654720871778	41.304545416784066	0.2	0.3641025641025641
549.0629142551942	-1.1	0.9052631578947369	0.39886831275720164	1699.5027469487884	41.22502573618103	0.2	0.38974358974358975
548.1399174564409	-1.1	0.9052631578947369	0.39886831275720164	1693.426149598428	41.151259392616744	0.2	0.4153846153846154
547.340432151953	-1.1	0.9052631578947369	0.398858024691358	1688.078743930111	41.0862354558082	0.2	0.44102564102564096
546.4513767437346	-1.1	0.9052631578947369	0.398858024691358	1682.2452104737652	41.01518268243804	0.2	0.4666666666666666
545.8949370526813	-1.1	0.9052631578947369	0.398858024691358	1678.5992520635489	40.97071212541404	0.2	0.4923076923076923
544.7802485549066	-1.1	0.9052631578947369	0.398858024691358	1671.3073352431163	40.88162588795994	0.2	0.5179487179487179
543.6631347787445	-1.1	0.9052631578947369	0.398858024691358	1664.015418422684	40.79234509589617	0.2	0.5435897435897437
542.9543677680175	-1.1	0.9052631578947369	0.398858024691358	1659.39720443641	40.73569938562992	0.2	0.5692307692307692
542.2819973587259	-1.1	0.9052631578947369	0.398858024691358	1655.0220543441505	40.681962272537326	0.2	0.5948717948717948
541.3466790386713	-1.1	0.9052631578947369	0.398858024691358	1648.9454569937902	40.60720942140435	0.2	0.6205128205128205
540.0343442440515	-1.1	0.9052631578947369	0.398858024691358	1640.4382207032857	40.502323645727856	0.2	0.6461538461538461
539.8841474899916	-1.1	0.9052631578947369	0.398858024691358	1639.465965127228	40.490319400163145	0.2	0.6717948717948719
539.844973883385	-1.1	0.9052631578947369	0.3979423868312757	1631.201792730738	40.38813925808836	0.2076923076923077	0.6461538461538461
539.6940074237345	-1.1	0.9052631578947369	0.3979423868312757	1630.2295371546802	40.376101064301395	0.2076923076923077	0.6717948717948719
539.4530007716469	-1.1	0.9052631578947369	0.39708847736625513	1621.236173076147	40.264577150097416	0.2153846153846154	0.6461538461538461
539.301247036727	-1.1	0.9052631578947369	0.39708847736625513	1620.2639175000893	40.25250200298224	0.2153846153846154	0.6717948717948719
539.2162627539739	-1.1	0.9052631578947369	0.3951337448559671	1602.7633171310515	40.03452656309366	0.23076923076923078	0.6717948717948719
539.0480717631101	-1.1	0.9157894736842105	0.3734567901234568	1419.736204938197	37.67938700321699	0.23846153846153847	0.6717948717948719
538.973880160391	-1.1	0.9052631578947369	0.3935082304526749	1587.207227914129	39.83976942596592	0.24615384615384617	0.6717948717948719
538.9490858294497	-1.1	0.9052631578947369	0.3894650205761317	1552.4490910700674	39.4011305811149	0.27692307692307694	0.6461538461538461
538.7909833823438	-1.1	0.9052631578947369	0.3894650205761317	1551.47683549401	39.38879073409096	0.27692307692307694	0.6717948717948719
538.7645097467205	-1.1	0.9052631578947369	0.38868312757201645	1544.6710464616062	39.30230332259938	0.2846153846153846	0.6717948717948719
538.5420492663854	-1.1	0.9052631578947369	0.3878395061728395	1536.1638101711017	39.19392567951189	0.2923076923076923	0.6461538461538461
538.3824479721662	-1.1	0.9052631578947369	0.3878395061728395	1535.1915545950442	39.18152057533046	0.2923076923076923	0.6717948717948719
538.288803841054	-1.1	0.9052631578947369	0.38684156378600826	1526.1981905165107	39.0665866248449	0.3	0.6717948717948719
 ======= BEST CUTS ========
538.288803841054	-1.1	0.9052631578947369	0.38684156378600826	1526.1981905165107	39.0665866248449	0.3	0.6717948717948719

Sample: e0_p//ntuples_grid_newVertex/00a_newVertex/bdm_m40_b10_00a
SigStrength	NegCosCut	PosCosCut	bestEff	BkgExpect	BkgError	CVNCut	BDTCut
702.346343872013	-1.1	0.8526315789473684	0.38735353535353534	2688.5297316934425	51.85103404652064	0.2	-0.2
702.3161234104462	-1.1	0.8526315789473684	0.38735353535353534	2688.286667799428	51.84869012616836	0.2	0.056410256410256376
702.225453846605	-1.1	0.8526315789473684	0.38735353535353534	2687.557476117385	51.841657729256546	0.2	0.08205128205128204
702.1952279316625	-1.1	0.8526315789473684	0.38735353535353534	2687.3144122233703	51.83931338495303	0.2	0.1076923076923077
702.04407789618	-1.1	0.8526315789473684	0.38735353535353534	2686.0990927532985	51.82759007279133	0.2	0.1333333333333333
701.832410522717	-1.1	0.8526315789473684	0.38735353535353534	2684.3976454951976	51.81117297934102	0.2	0.15897435897435896
701.4088749067811	-1.1	0.8526315789473684	0.38735353535353534	2680.9947509789954	51.77832317658612	0.2	0.18461538461538457
700.9850710413917	-1.1	0.8526315789473684	0.38735353535353534	2677.5918564627937	51.7454525196446	0.2	0.21025641025641023
700.6518937724214	-1.1	0.8526315789473684	0.38735353535353534	2674.918153628635	51.719610919153624	0.2	0.2358974358974359
700.3065000183648	-1.1	0.8526315789473684	0.3873434343434343	2672.0013869004624	51.69140534847609	0.2	0.2615384615384615
699.5361212432383	-1.1	0.8526315789473684	0.3873333333333333	2665.6817256560876	51.630240418344826	0.2	0.28717948717948716
698.6553814493761	-1.1	0.8526315789473684	0.3873333333333333	2658.6328727296695	51.56193239910302	0.2	0.31282051282051276
697.9560351065379	-1.1	0.8526315789473684	0.3873333333333333	2653.042403167338	51.507692660100176	0.2	0.3384615384615384
697.2314070390811	-1.1	0.8526315789473684	0.38731313131313133	2646.9658058169775	51.44867156513351	0.2	0.3641025641025641
696.1397872264414	-1.1	0.8526315789473684	0.3872929292929293	2637.972441738444	51.36119587527576	0.2	0.38974358974358975
695.1378243263006	-1.1	0.8526315789473684	0.38727272727272727	2629.7082693419543	51.28068124880903	0.2	0.4153846153846154
694.0060836868269	-1.1	0.8526315789473684	0.38727272727272727	2620.714905263421	51.19291850699099	0.2	0.44102564102564096
692.8598086072361	-1.1	0.8526315789473684	0.38726262626262625	2611.478477290873	51.102626911841554	0.2	0.4666666666666666
692.1107029659938	-1.1	0.8526315789473684	0.38725252525252524	2605.4018799405126	51.0431374421725	0.2	0.4923076923076923
690.3814286521905	-1.1	0.8526315789473684	0.38722222222222225	2591.3041740876765	50.90485413089479	0.2	0.5179487179487179
688.7963338276134	-1.1	0.8526315789473684	0.38721212121212123	2578.664851598927	50.780555841768084	0.2	0.5435897435897437
687.8696827072623	-1.1	0.8526315789473684	0.38721212121212123	2571.3729347784947	50.708706695975735	0.2	0.5692307692307692
686.8488513095772	-1.1	0.8526315789473684	0.38721212121212123	2563.351826276019	50.629554869424034	0.2	0.5948717948717948
685.5783235785955	-1.1	0.8526315789473684	0.38721212121212123	2553.386206621428	50.5310420100499	0.2	0.6205128205128205
684.1188183895503	-1.1	0.8526315789473684	0.38721212121212123	2541.9622036027504	50.41787583390191	0.2	0.6461538461538461
683.9322632911066	-1.1	0.8526315789473684	0.38721212121212123	2540.503820238664	50.40341079965387	0.2	0.6717948717948719
683.8963001463544	-1.1	0.8526315789473684	0.3864040404040404	2529.079817219986	50.28995741915065	0.2076923076923077	0.6461538461538461
683.7088804253656	-1.1	0.8526315789473684	0.3864040404040404	2527.6214338559	50.27545558078912	0.2076923076923077	0.6717948717948719
683.4624395092488	-1.1	0.8526315789473684	0.3856060606060606	2514.739047473136	50.14717387324171	0.2153846153846154	0.6461538461538461
683.2740983657691	-1.1	0.8526315789473684	0.3856060606060606	2513.280664109049	50.13263073197984	0.2153846153846154	0.6717948717948719
682.8702966463567	-1.1	0.8526315789473684	0.3838787878787879	2486.543635767464	49.86525479497186	0.23076923076923078	0.6461538461538461
682.6800408198646	-1.1	0.8526315789473684	0.3838787878787879	2485.085252403377	49.85062940829712	0.23076923076923078	0.6717948717948719
682.4335743316618	-1.1	0.8526315789473684	0.38307070707070706	2472.2028660206133	49.72125165380105	0.23846153846153847	0.6461538461538461
682.2423662094477	-1.1	0.8526315789473684	0.38307070707070706	2470.744482656527	49.706583896467144	0.23846153846153847	0.6717948717948719
682.2394246804643	-1.1	0.8526315789473684	0.38237373737373737	2461.2649907899645	49.611137769557	0.24615384615384617	0.6461538461538461
682.047443817583	-1.1	0.8526315789473684	0.38237373737373737	2459.806607425878	49.59643744691627	0.24615384615384617	0.6717948717948719
681.9789140528057	-1.1	0.8526315789473684	0.3815858585858586	2448.6256683012152	49.48358988898456	0.25384615384615383	0.6717948717948719
681.7917490116326	-1.1	0.8526315789473684	0.37995959595959594	2425.291534475831	49.24724900414064	0.2692307692307692	0.6461538461538461
681.5971240313511	-1.1	0.8526315789473684	0.37995959595959594	2423.833151111745	49.23244002801146	0.2692307692307692	0.6717948717948719
681.2850575924954	-1.1	0.8526315789473684	0.379010101010101	2408.763189682851	49.07915229181176	0.27692307692307694	0.6461538461538461
681.0892783008634	-1.1	0.8526315789473684	0.379010101010101	2407.3048063187643	49.06429257941833	0.27692307692307694	0.6717948717948719
 ======= BEST CUTS ========
681.0892783008634	-1.1	0.8526315789473684	0.379010101010101	2407.3048063187643	49.06429257941833	0.27692307692307694	0.6717948717948719

