6.137960882684069253e-01
4.534730525157978365e-01
3.738906768365725664e-01
4.117212853620970670e-01
7.411875576844373370e-02
2.130679728735857814e-01
4.323300091528223255e-01
3.083729601806606269e-01
4.175974868611390112e-01
3.196972760466988417e-01
5.161023827533104402e-01
3.808911784518302923e-01
4.056644928722885624e-01
5.027800545815004352e-01
3.805666378584891540e-01
1.751222359310135313e-01
4.047120616608368415e-01
2.499697889480159418e-01
5.669230138465310986e-01
4.969811249542211984e-01
2.697953478900596003e-01
3.157811441422699317e-01
3.750620423329140696e-01
1.736238581592104147e-01
2.835476381591705008e-01
3.160732181827449194e-01
4.944945436212187517e-01
2.430103680823905155e-01
5.304443492314311337e-01
3.174431745026073393e-01
5.027800545815004352e-01
3.868488508758723410e-01
5.723351258455909862e-01
2.713329793623648345e-01
3.062702049921470770e-01
5.496264291198005303e-01
6.783514278947601339e-02
5.431970839752487956e-01
2.609300313386223591e-01
3.977389877137724183e-01
3.889258819651561505e-01
4.074674970463397217e-01
4.149755886235652613e-01
6.243987182728991669e-01
2.836441042328736728e-01
3.866526290422122036e-01
1.767232335166351864e-01
2.958998645672184513e-01
4.596217283852518376e-01
3.160349837133139550e-01
4.070436395257546192e-01
4.718143580293249206e-01
5.187632537428257251e-01
3.095291209861983361e-01
1.936921005302864041e-01
4.462868239455758945e-01
4.939895763655144378e-01
1.870689958796369345e-01
4.139413046132651708e-01
5.397935074322098847e-01
2.731484758211383812e-01
5.624788212967758438e-01
3.254970316814554399e-01
5.033645383871455659e-01
4.979997737561673854e-01
4.490971351435536496e-01
5.304443492314311337e-01
4.347397785465004216e-01
3.111050625959154159e-01
5.186998038542448564e-01
6.387109174039142800e-01
3.112130046335766509e-01
2.853886538523520144e-01
4.724961277837180229e-01
4.086824047883596545e-01
3.913031528965311701e-01
4.682457674977342776e-01
4.412016256872993702e-01
2.764589580889597054e-01
4.596567804340282448e-01
1.569073371054984789e-01
1.409050810463572112e-01
5.051191701414298185e-01
5.068153697920807499e-01
5.068466063245005149e-01
1.430052124892118859e-01
1.021781853920506605e-01
5.401619356623011958e-01
3.189412397282314626e-01
6.062230316760122140e-01
3.143688118822410282e-01
3.456003502152797391e-01
5.102207486466405761e-01
3.696991213813914934e-01
6.126696666423609994e-01
4.369970580418464645e-01
3.387467804357084389e-01
3.705385551441232606e-01
4.213615026338005110e-01
3.803705553038047582e-01
4.747185449199374241e-01
2.883977625056444172e-01
8.521214709281951794e-02
3.184632247212915712e-01
4.921487596126011277e-01
1.376446672836198204e-01
1.344707231059557029e-01
1.768358568869720093e-01
3.568309776877235939e-01
4.642223243646764197e-01
5.624788212967758438e-01
4.718139156626678377e-01
2.332581903666986201e-01
1.989393991440952525e-01
2.713186514015310524e-01
1.602139221604893804e-01
3.362139791667504984e-01
5.341200014328293388e-01
2.021946768386954363e-01
5.113571187412517816e-01
1.120352961998316715e-01
4.584828923251945687e-01
5.672684456625857186e-01
4.789291234925858731e-01
4.144272522854463014e-01
1.826377000433310749e-01
2.988712950354662778e-01
3.207354503058806316e-01
5.014457166769356045e-01
1.989268362844292537e-01
2.524039182345388377e-01
3.932916457961344037e-01
2.289856525023276079e-01
3.746604066689577239e-01
3.300475390954659693e-01
3.792718769063775919e-01
3.698534948719601201e-01
1.636911049397425100e-01
3.891554050900806194e-01
2.566958165001653192e-01
3.536744199956232126e-01
1.971346417179831723e-01
2.843848480316309990e-01
3.709827511369795938e-01
9.689700716740984321e-02
2.768543993724428831e-01
1.265562441650336656e-01
5.319422441001588897e-01
2.240832978124003283e-01
1.991070749201753198e-01
4.163124312630223645e-01
1.887592047673618822e-01
3.996901849258165940e-01
4.378783845298507837e-01
5.165558110713421858e-01
5.483653712891920495e-01
2.402586385570358030e-01
4.248019956929782182e-01
7.564980994703225659e-02
5.403587408046265361e-01
4.892629244940053801e-01
4.070744116563361215e-01
3.663008187303120056e-01
2.571341706754480816e-01
6.330345975534671377e-01
4.891647052202110352e-02
3.458858711799494001e-01
4.338505814451567577e-01
8.442827264893873473e-02
2.045394416162418516e-01
4.563491583743057856e-01
4.523756329300679391e-01
3.083729601806606269e-01
2.062692166467084143e-01
2.988188346738240297e-01
3.295052341606307111e-01
5.296266683501503758e-01
3.573419300936190313e-01
4.057062414334273726e-01
2.026252458389358468e-01
1.524354967436166719e-01
5.178946619785070038e-02
4.023157813320129561e-01
2.478422784806699197e-01
3.751264391106504115e-01
2.599444033990775393e-01
3.062702049921470770e-01
2.891666409693058881e-01
4.068508034184777356e-01
5.068153697920807499e-01
2.442130923440438695e-01
3.290073011168349604e-01
5.024492674300400363e-01
4.035266310667432466e-01
1.903452432712988140e-01
3.809806633227872941e-01
2.626690426439666215e-01
5.175702522970091479e-01
4.406642116272404541e-01
5.587189766176170469e-01
2.882853873429149782e-01
3.051694285752244440e-01
4.060736859797681175e-01
3.927281358451323312e-01
1.056136831172203305e-01
3.615562594282943909e-01
