1.509738394579910881e-01
3.780709438347150675e-01
4.110598298620636859e-01
3.280337992830339444e-01
4.399828355958024240e-01
5.205085652390888384e-01
3.441608618810600428e-01
4.280556416408328735e-01
2.220592031278248724e-01
5.852284916105389145e-01
2.335072338558214777e-01
4.646849753415068229e-01
3.783339321635491026e-01
2.987805593561561612e-01
4.033106350485424763e-01
6.127027731509384623e-01
2.456485460573690494e-01
6.103305510824315050e-01
3.390391238874557733e-01
3.947089057255346867e-01
4.455461073789765414e-01
4.255367657748931887e-01
3.140789005116516597e-01
6.343821650898090470e-01
4.242219295254107125e-01
4.385340733605937458e-01
1.796174880493102699e-01
5.992150445433889194e-01
4.807328895434218596e-01
4.331921218982537347e-01
2.387454401510073765e-01
3.043459156466862825e-01
4.647191473342481283e-01
4.784924042861742333e-01
4.117212853620970670e-01
2.273841867730444222e-01
4.502338823307944771e-01
5.545289770852914607e-02
3.003497015533720949e-01
2.099325545078666588e-01
1.274637420040828084e-01
5.874006557490013547e-01
1.878785373599432262e-01
5.104380571093382057e-01
2.961766398516113563e-01
2.962747739469575037e-01
2.818533990160114744e-01
2.757733821727679779e-01
3.109147474380981602e-01
6.103305510824315050e-01
4.937695992552792457e-01
3.977517691582785897e-01
3.936118906724714317e-01
2.060688826532613982e-01
5.118335112520646657e-01
5.630903813510494960e-01
4.659933348068019954e-01
1.685692283100286015e-01
4.958306787442673391e-01
1.983279738993972696e-01
5.566350952893999171e-01
2.566958165001653192e-01
4.617174740994658966e-01
1.259604222192526601e-01
3.753276465080023772e-01
2.777228752961508063e-01
3.128382221054907819e-01
3.280337992830339444e-01
4.094403275054311342e-01
4.238732305779813192e-01
4.870092914053939515e-01
4.814935252902119434e-01
5.141780792720730409e-01
3.565166678627222918e-01
4.015489987051167886e-01
4.297681090758421196e-01
5.506412689535806759e-01
2.811907163018991795e-01
5.800561838114778324e-01
2.695346294967104206e-01
2.564865709389451132e-01
2.475435986670458111e-01
5.467967412020604545e-01
4.309641957588489225e-01
5.641750209474266642e-01
3.387467804357084389e-01
3.030387807969816549e-01
6.299045168985812904e-01
3.008956670307186831e-01
3.738781388184552190e-01
3.059327445068403817e-01
1.608087167679154994e-01
4.807016419934114770e-01
2.247189337967117340e-01
4.117708459146779965e-01
2.467128019677777284e-01
6.847528891805033935e-02
3.272044173047642945e-01
4.054262929789984593e-01
3.783145430749821903e-01
5.664412210532854264e-01
3.874411695396570710e-01
2.490386604558930683e-01
3.859267023437361055e-01
3.920277950063055794e-01
5.132951112670069982e-01
3.316621788488754996e-01
1.231313495196148522e-01
4.123842876902766852e-01
1.563762906931160379e-01
2.521325721277692389e-01
2.544874482471307098e-01
1.874950356107401295e-01
5.431970839752487956e-01
2.230478103901746001e-01
3.068041776142325650e-01
6.468868585294914597e-01
4.023157813320129561e-01
3.870236535779253972e-01
5.288170039093752495e-01
5.132951112670069982e-01
2.243810494459850813e-01
3.062702049921470770e-01
3.253482409911414575e-01
2.911894340190960273e-01
5.051191701414298185e-01
4.982978062343731973e-01
3.673116450429230739e-01
5.389330282004960448e-01
3.871990824117317875e-01
3.004016630052507852e-01
4.494846718254698059e-01
2.900637025515563905e-01
2.791836794460806348e-01
5.987989072356373343e-01
1.569410265069830779e-01
5.635990815951203992e-01
1.821219221406263356e-01
3.861473879058355818e-01
4.205665350352656984e-01
3.704828088380505147e-01
2.749668500537920113e-01
4.797195900935367630e-01
4.503381751553536261e-01
3.986678262100804004e-01
4.424735099637174818e-01
4.291457080242240818e-01
5.664412210532854264e-01
4.324747431870605840e-01
3.962057194152288631e-01
2.822904799320016811e-01
2.113999318978714292e-01
2.555025772406946949e-01
4.213111778138255437e-01
1.957249581491012913e-01
5.325870487986508195e-01
3.044684841595232672e-01
1.668638740809738341e-01
1.947868304726928235e-01
4.314417617470016064e-01
4.231900131537574827e-01
1.673554841710927221e-01
3.828766818425542451e-01
4.812071205276839403e-01
1.281714193109833033e-01
4.117062855361149909e-01
3.865447557085829877e-01
5.269452925851093594e-01
5.110526132206818506e-01
5.614428064853541622e-01
4.199914015261671518e-01
1.810616904571587249e-01
2.520209808770058624e-01
4.955672412927065729e-01
3.215888035470771955e-01
4.620652095274143112e-01
5.431970839752487956e-01
3.494943365546979153e-01
2.591772614532120156e-01
1.631415482475538636e-01
5.277648965556497318e-01
4.252805616833882918e-01
3.888369741664924328e-01
2.696436610285679047e-01
4.171095551911312982e-01
3.499108420162791999e-01
1.618769656194655182e-01
1.960963514622813819e-01
3.497462545955753455e-01
3.783446694292384449e-01
5.357058755044233900e-01
2.567705142054269585e-01
4.245689144059835440e-01
3.017381059971993573e-01
2.987350932936413961e-01
4.009136667439425206e-01
4.561621366445655079e-01
2.799229697543933471e-01
2.116655740108896455e-01
3.930699310247683931e-01
3.905366736691349150e-01
4.112597530864720574e-01
3.001405786408021248e-01
4.489111725576656609e-01
2.571343043416888796e-01
3.343361285499644175e-01
3.912044945301750842e-01
1.173627221122835601e-01
4.559573971739663834e-01
2.872506853917483061e-01
4.882812461528162062e-01
4.297734597791171840e-01
3.749377377180393434e-01
2.779354182351502778e-01
4.346235718607260878e-01
2.704820095586243367e-01
1.713167268727089354e-01
5.122835122678994768e-01
4.734074613033934509e-01
4.982978062343731973e-01
6.097608937316256750e-01
5.702513642557170970e-01
2.275022163503675199e-01
5.579003338798879108e-01
4.031184093781492450e-01
3.921836197006490221e-01
2.668051461498354149e-01
2.094500866273470985e-01
4.870132411076891210e-01
2.278111628954101742e-01
1.759143837539282329e-01
4.516108277528076420e-01
4.201871875413608626e-01
4.269176303409785156e-01
1.639383654500977117e-01
4.575225740779571004e-01
6.129443881854998999e-01
3.462489597243562645e-01
4.322087593208542855e-01
5.296266683501503758e-01
3.631316526530296573e-01
2.706184078501082113e-01
4.547163119484690652e-01
1.480373503429158466e-01
1.262793898865948727e-01
5.503216301486668627e-01
4.927457568026940016e-01
5.695701228259757443e-01
5.794801888515207500e-01
1.856436206632341157e-01
1.304234173267840302e-01
3.981766109862515113e-01
5.267071995416602315e-01
4.879463435155037554e-01
3.879564678653515397e-01
5.300907434025372567e-01
4.089770083013360980e-01
5.630903813510494960e-01
4.928810296369028343e-01
4.299415250166314650e-01
2.951049501857250235e-01
6.202887982790006305e-01
2.551193638197591929e-01
3.350130184471719064e-01
3.758255659357191414e-01
5.487606182057463977e-01
4.517151039470413965e-01
1.443171342741586816e-01
3.059188011222827575e-01
1.528605279494206770e-01
4.105416220609311440e-01
5.957204315200282929e-01
3.496161071237317008e-01
3.783339321635491026e-01
4.013257021819210957e-01
4.619254014995148871e-01
3.993783254753312528e-01
3.387467804357084389e-01
5.590222879768799169e-01
4.094403275054311342e-01
1.934254303513365525e-01
1.728166500175047637e-01
2.802688447686212392e-01
2.405585243810738905e-01
2.921958101605553471e-01
3.966921553953411395e-01
3.047046004809131903e-01
2.911544440222214591e-01
3.566001412867860210e-01
3.495149622119017585e-01
3.168975943291136299e-01
4.782602478531538526e-01
2.714699313397467839e-01
7.900627506473183181e-02
4.273825404435822040e-01
8.362544805314349461e-02
3.309157332390970097e-01
2.649649318304617140e-01
2.618631093206464922e-01
7.565535439359884207e-02
4.680406873133424184e-01
4.077226781649501697e-01
5.388810783898452250e-01
1.316637565782452224e-01
4.290155370620457043e-01
4.520893510240692192e-01
4.616575918314528848e-01
2.713186514015310524e-01
3.993239672817361363e-01
2.278937133364112855e-01
7.509345602507272455e-02
4.540926317130050682e-01
2.658242150299567896e-01
5.474641367425271410e-01
4.900049291832506704e-01
5.987989072356373343e-01
3.737115326841204399e-01
4.345183186348719473e-01
4.359304704558697452e-01
4.561621366445655079e-01
2.593043686936837844e-01
3.203265242190641571e-01
4.908353183356055638e-01
3.902022893782789437e-01
3.259514938860326172e-01
4.146459240190729645e-01
4.397203233100344666e-01
4.390480853306144016e-01
4.473249810547345606e-01
6.176485630288240936e-01
1.773710075597367819e-01
5.026519451560410578e-01
1.977423196306588582e-01
1.580934212713823728e-01
6.858306392488035252e-02
2.493888742180921658e-01
5.068153697920807499e-01
3.223886099466817257e-01
5.961841058855112951e-01
5.122835122678994768e-01
2.926921623879772394e-01
3.819788483013841218e-01
2.970056805963905977e-01
5.146103201397191906e-01
1.539210536778301830e-01
4.423745870712472161e-01
4.743378340511639757e-01
3.035453002856879912e-01
6.700788575104112132e-02
1.843598037125451505e-01
3.074127409877990824e-01
3.083729601806606269e-01
4.223011399280020561e-01
3.385168244026245388e-01
4.792137298932951373e-01
5.695701228259757443e-01
3.734887592885998142e-01
2.828124822537049776e-01
4.620935270219588831e-01
4.206822004039464935e-01
3.541172495993644698e-01
4.732275178559242068e-01
1.825848718396776982e-01
2.425903478015246639e-01
3.417015986639819758e-01
3.492381220692395982e-01
3.989646637994024303e-01
3.298122454554883176e-01
3.291788518626851956e-01
4.607761447735890248e-01
3.253943004444563303e-01
2.715704705959116061e-01
4.219598562348131909e-01
1.762725951435773486e-01
5.683069793446763329e-01
2.786580424628100072e-01
4.396858186068445251e-01
5.980235507405141648e-01
3.709040626733068335e-01
6.201000794245478120e-01
3.172719142677549176e-01
2.539303906545254397e-01
4.374526068303130066e-01
3.255540554044020762e-01
1.659613485013561318e-01
2.510633663049289255e-01
4.922890027313902572e-01
5.662779149991578054e-01
3.242961377949972746e-01
5.571193401201941509e-01
4.777815975677816018e-01
1.934379506997331022e-01
5.367173425003225473e-01
3.616062587096486869e-01
4.566881228646706425e-01
2.426430081428305185e-01
4.455830845958032027e-01
4.009027575622637896e-01
5.599614795783592891e-01
3.946836887472917610e-01
5.925645574382435443e-01
5.028948104792579921e-01
5.664412210532854264e-01
3.172719142677549176e-01
2.634176782597282274e-01
2.806466888811051108e-01
1.513688274611661166e-01
3.019513190343750542e-01
5.367173425003225473e-01
1.333303870944820835e-01
5.140288237641627012e-01
2.465539455651041267e-01
5.611186896534935409e-01
2.675102558384254703e-01
5.187632537428257251e-01
3.771745290681851603e-01
2.045896587548595436e-01
2.263704882992880196e-01
5.925645574382435443e-01
3.328984096823729977e-01
4.020911140542418050e-01
4.848080620313787725e-01
4.211815916154659223e-01
6.356320186544015538e-01
2.398242814804757705e-01
1.743438193520674140e-01
4.482935582334107161e-01
3.015734394785100636e-01
2.900224155858884822e-01
3.531307512701612472e-01
4.801293076799053039e-01
5.582652799277083577e-01
2.685124272099730369e-01
2.233687894953803876e-01
3.738765122686864006e-01
5.105873126172486565e-01
2.619536215299583248e-01
1.340074106579303981e-01
4.480995038508548411e-01
3.973576214022970787e-01
3.737908013382724159e-01
4.661603168904315808e-01
3.893293251376102049e-01
4.268576424703989236e-01
5.624788212967758438e-01
3.585391853688075225e-01
3.261384615672152099e-01
3.208281522093570093e-01
3.833016534910052564e-01
1.526774227652641369e-01
3.069759469449229727e-01
2.894821648080653231e-01
4.385340733605937458e-01
4.613841570597458919e-01
4.203990624609747484e-01
5.033161395667370419e-01
5.208911367294619676e-01
2.566958165001653192e-01
4.580331167542091575e-01
3.245286343181731925e-01
3.536980313159435729e-01
3.291253063723070804e-01
3.806758487899825072e-01
5.658333483579228718e-01
6.021643458690724149e-01
6.422278570549541099e-01
5.525413556667116977e-01
2.257880605215666081e-01
6.263137502437569060e-01
3.256926710379665080e-01
5.027800545815004352e-01
1.800326788836645320e-01
2.508645302880471162e-01
2.767651191584284964e-01
5.102207486466405761e-01
5.164103048703051480e-01
2.803320839717665103e-01
2.966744610564683859e-01
1.653658459617633747e-01
2.248586266596074301e-01
4.149071760379900997e-01
6.038583346218938663e-01
2.674629161618692907e-01
4.199781518340599540e-01
1.156852814687439474e-01
6.468868585294914597e-01
3.125011381931160903e-01
4.439568433194783781e-01
5.664412210532854264e-01
3.888092788539988520e-01
2.319016626188815655e-01
2.664170009019471985e-01
3.521373910607970004e-01
3.321702175178120053e-01
5.068153697920807499e-01
1.896643130365224805e-01
5.743002569836951343e-01
5.525075531790140104e-01
2.820099356961634496e-01
4.670368651741145793e-01
1.305473637660243269e-01
5.628638418104509045e-01
2.754598947173603207e-01
4.368221295729571851e-01
1.622144261047722136e-01
4.956772814538028538e-01
2.324703489665600198e-01
5.148638097463519303e-01
3.172719142677549176e-01
5.582652799277083577e-01
3.940360856847237025e-01
5.122835122678994768e-01
5.603487732496447160e-01
4.390162014627763676e-01
1.866762687692072875e-01
2.852461413177757032e-01
2.383584143319012194e-01
3.713251584165318531e-01
5.718351065274671630e-01
4.145056048165448592e-01
5.547079731758772780e-01
4.445703516163789226e-01
1.321341795297971133e-01
2.894788871787975504e-01
4.424280958709697620e-01
2.807954370601496441e-01
5.593999225472630066e-01
2.649754893846966164e-01
3.812726862250115367e-01
3.594952511378871063e-01
3.790918548806205268e-01
3.387467804357084389e-01
7.402939915887180033e-02
5.170841827037544469e-01
9.266704584650610477e-02
3.525619374926139971e-01
2.647364920673009880e-01
3.062702049921470770e-01
4.015578586149415319e-01
3.788975587347083729e-01
5.024935737352335119e-01
4.023157813320129561e-01
5.430220173707186460e-01
3.829252383392359183e-01
3.141933641314394454e-01
1.630312391948829098e-01
3.056744622482910900e-01
3.354676548544082704e-01
1.838454210941459221e-01
5.392650950555001321e-01
4.801293076799053039e-01
3.384939475190519853e-01
3.573979284530619527e-01
2.918479879430959656e-01
2.979768325652050742e-01
4.264180179461306008e-01
2.806246023537497525e-01
5.583152829508858384e-01
1.260123126804295890e-01
1.867418095054557414e-01
3.387467804357084389e-01
3.478406095079802363e-01
4.589285120817887531e-01
1.768054023956066867e-01
5.633357730285819542e-01
5.809857779481986118e-01
1.751222359310135313e-01
5.118335112520646657e-01
3.387467804357084389e-01
5.296266683501503758e-01
4.279813518982424903e-01
2.348881531980412940e-01
2.988239009985338424e-01
1.763823327366899063e-01
1.939802913897680781e-01
1.363268149167373156e-01
6.208456077679380680e-01
6.038583346218938663e-01
3.442356304730839200e-01
4.886180714636300659e-01
5.658665125529417361e-01
5.664412210532854264e-01
2.593520944016695084e-01
3.936446035620332906e-01
3.280337992830339444e-01
3.200170323032861530e-01
4.082435669824248659e-01
3.670244119862479670e-01
3.912625444481417358e-01
3.283023431799647063e-01
2.836441042328736728e-01
3.855014994298217590e-01
1.824339754383427492e-01
4.731824472833365824e-01
5.319422441001588897e-01
5.024935737352335119e-01
3.636653965042005998e-01
2.475091716066878111e-01
2.979768325652050742e-01
4.770614040700659197e-01
1.709388253856022333e-01
2.412748615141959985e-01
3.725330503439407415e-01
3.329342742264873589e-01
4.445129746029559126e-01
2.788189689252444370e-01
3.703762799622946078e-01
3.417997031365609395e-01
2.296375266482301725e-01
5.381794499480702099e-01
3.536781897785848394e-01
4.176277809738032643e-01
5.482207504451064306e-01
3.144031485152043448e-01
2.953619381891959828e-01
1.106361462790918793e-01
2.701921372692998036e-01
4.514093173717139140e-01
2.600190816676463124e-01
6.101375632754046235e-02
4.315766565531249932e-01
3.238478122844518081e-01
3.767000728469527271e-01
6.198219246546585737e-01
2.242160815026469356e-01
4.247211273054571912e-01
2.211282125634637385e-01
5.130200550385682901e-01
2.118316483905680891e-01
2.495393992434718211e-01
3.029365808988808140e-01
1.349911993874196026e-01
2.744599273836329512e-01
3.686646184744326038e-01
2.976134855231769571e-01
5.152206117159189303e-01
1.620917326566152783e-01
5.923191657607110860e-01
1.849975699376076033e-01
1.317329308327261639e-01
3.962334125449922251e-01
3.078078052825921618e-01
5.955528410783056392e-01
4.571014077597884140e-01
3.167044073219696942e-01
3.172719142677549176e-01
4.417523916120275618e-01
1.481332237533957152e-01
2.898074460745262981e-01
5.341729484393702432e-01
6.056102681058733728e-01
1.686793310427243675e-01
3.026394904246723638e-01
2.937971093787049015e-01
5.395481157546774265e-01
5.302025563563268484e-01
3.295095318524859929e-01
5.254625026252326414e-01
5.051554649952153531e-01
3.223337499330161116e-01
2.144585685706705547e-01
4.645776722201615527e-01
2.937135311835907814e-01
3.267118973279640737e-01
5.386208000764833859e-01
2.969734685914434680e-01
4.768582177679245859e-01
3.590733638951100204e-01
2.237177941289794914e-01
3.751477169884306906e-01
1.840340026444742261e-01
1.471229962364404564e-01
5.031185827337011363e-01
2.760570964604562305e-01
5.641750209474266642e-01
4.197758227212561866e-01
3.883756449887169615e-01
5.443775685026734923e-01
5.897747716997587819e-01
1.276438134011185221e-01
4.359554497243981475e-01
8.014937430871904578e-02
2.467128019677777284e-01
3.083729601806606269e-01
3.960488592752468562e-01
3.426723644974273286e-01
3.632158651911202574e-01
6.357481155800278616e-01
2.240832978124003283e-01
3.817508959106987732e-01
1.815443772343370843e-01
4.877375267048616458e-01
3.753077748281787307e-01
4.313180687123454038e-01
2.192049095002418513e-01
4.061915500853529037e-01
3.946133443415361097e-01
1.551115215975035766e-01
4.190570242999669959e-01
3.102924261081027590e-01
1.425332350179882301e-01
3.514492485656901533e-01
4.340804303165810007e-01
5.637606992554564656e-01
3.728142255966904184e-01
2.942635744167385048e-01
1.789692556328633666e-01
5.243254367593803700e-01
4.316150942243450750e-01
4.552281882728829721e-01
3.740531463853299932e-01
5.810752611561229575e-01
3.083729601806606269e-01
3.555920689560700398e-01
3.389688680381832131e-01
4.186386637255813392e-01
2.896054566361199178e-01
3.797698972593819278e-01
1.610029369340282568e-01
1.749340754397377962e-01
4.219598562348131909e-01
2.920553409732795647e-01
5.234982121500800778e-01
2.389797487560205158e-01
3.789335706650820423e-01
5.549630650104279139e-01
2.731345810802826568e-01
3.660380122956626292e-01
5.532668653597770936e-01
1.748855251794281807e-01
4.440022158364124727e-01
1.327891961835731549e-01
4.957573905630274225e-01
3.816254680212792239e-01
5.319422441001588897e-01
1.730722955379535022e-01
2.610263797527729857e-01
4.219598562348131909e-01
3.194664400615194189e-01
2.429715590352151400e-01
4.648060991467897751e-02
2.937971093787049015e-01
3.591425428268700260e-01
5.205085652390888384e-01
4.048058404818258293e-01
5.300042515744036731e-01
1.579649199938795157e-01
1.222778252978847097e-01
4.268042851105774971e-01
3.441682473046542845e-01
5.367173425003225473e-01
1.598044766878211065e-01
5.508690362279559105e-01
6.205291569964137555e-01
5.551863811781955205e-01
2.884826049173115914e-01
2.353872067100144516e-01
5.314923341353559039e-01
2.195489677553535135e-01
3.451740105146811621e-01
6.332037215190755575e-01
2.334954461772006939e-01
4.320891606723247236e-01
5.098825714982464508e-01
5.549630650104279139e-01
3.062702049921470770e-01
5.110128834771135997e-01
5.321405488820819540e-01
5.633357730285819542e-01
4.612487455701985706e-01
4.650988726483593627e-01
3.328984096823729977e-01
5.347793499745673307e-01
5.223540203976501095e-01
4.936292487669514117e-01
4.690974208078509400e-01
3.632921313439512190e-01
4.227314692956465891e-02
3.966352987032257249e-01
2.861203512737604537e-01
4.038828659422122325e-01
2.800657356935537523e-01
4.544313134878372185e-01
1.205003036675860312e-01
2.586038253806445808e-01
2.639817092596146719e-01
3.357323375015873745e-01
4.523666305191419990e-01
3.328984096823729977e-01
2.248586266596074301e-01
1.824339754383427492e-01
4.455063684887292652e-01
4.205615038421184337e-01
3.199664548063037572e-01
3.634714546881601116e-01
4.295309805912693180e-01
4.228952427138892856e-01
1.950450064010987861e-01
4.625415781321343678e-01
5.563944911187771597e-02
4.572559657430300128e-01
5.022546491755116582e-01
3.203646108864776632e-01
2.855037369517628987e-01
4.879463435155037554e-01
3.293693630504637149e-01
2.896867807984979670e-01
6.294751223111364480e-01
5.350211428496716159e-01
5.350211428496716159e-01
2.743724417896140633e-01
4.083545764836160052e-01
3.761408953555800405e-02
4.015578586149415319e-01
3.172719142677549176e-01
3.215533243068157132e-01
1.962275431106844381e-01
6.088452395494580172e-01
2.458356978154664918e-01
3.861256656865471593e-01
1.688268705089270572e-01
4.557906270230467904e-01
5.708513734056286371e-01
4.363859923239968852e-01
3.941427218260787901e-01
5.587189766176170469e-01
2.861505077704815658e-01
4.708782424144172252e-01
4.127110505108564920e-01
4.276170368673334332e-01
4.749524233192189970e-01
3.999989661030605159e-01
4.048291422702137154e-01
2.087126212893738175e-01
3.982949175624329041e-01
4.400666819549144404e-01
5.082481970573191621e-01
3.726981382335012305e-01
2.841045231082096612e-01
2.538898802211166927e-01
1.921770454523606397e-01
4.647191473342481283e-01
4.325630475127894559e-01
4.971902119037124312e-01
3.250269436230823206e-01
3.304550447446096273e-01
3.315239187924571285e-01
4.143732496689973011e-01
6.077226195118711205e-01
4.728593610119563584e-01
3.280337992830339444e-01
4.060154707979422573e-01
2.045896587548595436e-01
4.872126310183480524e-01
5.319422441001588897e-01
5.897747716997587819e-01
4.066651549378617059e-01
2.371120750668955779e-01
1.815838061768937084e-01
1.750733416308460910e-01
5.403587408046265361e-01
5.794295619832597888e-01
4.313180687123454038e-01
4.366284284808776839e-01
4.031849363966366617e-01
4.738105480671851444e-01
1.877442371918943420e-01
2.264616079312370689e-01
5.051191701414298185e-01
5.367173425003225473e-01
2.377329488309998240e-01
4.191184436258099666e-01
3.881052094962054166e-01
4.868641273733032016e-01
3.226650483630446598e-01
3.789323759840773076e-01
5.002540750720433360e-01
2.835052129516648645e-01
2.865524612815331662e-01
3.541251816409684561e-01
5.285063567056759171e-01
2.765407598534967981e-01
7.435053406943915866e-02
2.980298642824661948e-01
2.031399847620579124e-01
4.727119524056270783e-01
2.755387986476872109e-01
4.015578586149415319e-01
5.599614795783592891e-01
2.625491107652907496e-01
6.511096493217875814e-02
3.996901849258165940e-01
1.747903828796310843e-01
4.003777888062577950e-01
2.729079512162289056e-01
5.462209321899299530e-01
5.987989072356373343e-01
2.937971093787049015e-01
6.309730171798642040e-01
2.699751753410087884e-01
5.391184160007606030e-01
5.115932569938833607e-01
2.903056783602406821e-01
5.354947616300780311e-01
3.951254434083715239e-01
3.990593803628679215e-01
1.503648559608277979e-01
1.213972846966976105e-01
5.319859945367241272e-01
5.330831503239165103e-01
3.911277181381713208e-01
5.027800545815004352e-01
5.068153697920807499e-01
3.714637916158775588e-01
5.218283104488266044e-01
5.169177985842644540e-01
4.154290210991783416e-01
4.800518563045672038e-01
3.759875436426012296e-01
2.928949886435724959e-01
4.368221295729571851e-01
3.776916715930329072e-01
5.132951112670069982e-01
2.163301083947052339e-01
3.404412546900935643e-01
3.186770898751040693e-01
3.322526646429162511e-01
1.726820202571933138e-01
5.105462957904297605e-01
5.925645574382435443e-01
4.384864786164209272e-01
4.541316626710857340e-01
4.771749045861308769e-01
3.387467804357084389e-01
2.420100519275868167e-01
2.926767791290538767e-01
3.328984096823729977e-01
3.943010343131705397e-01
2.885703098237474284e-01
3.963197321453177935e-01
4.145180973091462939e-01
5.438679833174093758e-01
6.129443881854998999e-01
6.014479332758485564e-01
5.843850203166057744e-01
3.444585440830360556e-01
2.522931245118204546e-01
4.874934113008682623e-01
4.411406202486811146e-01
5.708513734056286371e-01
2.737953893488372925e-01
1.043421356048926385e-01
3.690727640792876851e-01
2.610725650768636052e-01
5.302377330286045520e-01
4.477756238971923319e-01
4.015578586149415319e-01
3.313802325726620257e-01
4.613146515499698119e-01
4.366263824311492625e-01
1.659613485013561318e-01
6.243987182728991669e-01
5.223540203976501095e-01
1.849695170731167904e-01
5.140288237641627012e-01
6.082853867109626611e-01
4.126866203548866241e-01
5.466155479856333876e-01
5.792645782411124378e-01
2.091245999763667596e-01
3.035152458575893775e-01
4.069555615803309712e-01
5.324987507092939776e-01
5.086905371058548786e-01
4.197355629900036411e-01
6.376510634367135166e-01
5.570843467972544927e-01
4.520893510240692192e-01
4.881576698422567806e-01
1.524623010864240846e-01
4.410082416107988235e-01
3.092459069594876153e-01
5.630903813510494960e-01
3.083729601806606269e-01
2.661901055763234436e-01
5.341729484393702432e-01
3.896606380152340399e-01
4.344725850319964833e-01
3.088305423382323722e-01
5.502782651198940833e-01
4.107279234897002751e-01
3.184632247212915712e-01
4.824663704340366177e-01
5.044778345288274402e-01
2.045896587548595436e-01
3.516068230820899032e-01
1.840211900181078220e-01
4.050601511068383509e-01
5.367173425003225473e-01
1.354564231795371276e-01
4.269309044588762703e-01
7.499971836413921178e-02
3.297771381108797750e-01
3.804107404064718256e-01
5.431970839752487956e-01
5.350211428496716159e-01
5.123326241135117698e-01
5.635990815951203992e-01
1.593361946827922537e-01
3.198232468123049510e-01
2.909188779567249417e-01
4.684152305141028871e-01
2.557735860636762282e-01
3.564794534558787809e-01
4.805575855409959241e-01
2.858003793426399097e-01
3.431695793190425725e-01
5.585135877328090137e-01
3.100865811366191327e-01
5.114233999427409971e-01
7.502289667236060333e-02
5.662888502696595827e-01
3.527911619992570302e-01
3.017092360640311055e-01
5.730498772771811522e-01
3.006075445634504573e-01
5.664412210532854264e-01
2.401763036866283729e-01
5.579003338798879108e-01
4.100339192206293171e-01
5.321405488820819540e-01
2.673771686447393159e-01
1.964207754354652669e-01
4.358736100219310905e-01
4.370764761610484994e-01
5.105873126172486565e-01
6.209843167911738987e-02
3.085303940668707723e-01
4.878202718246100744e-01
5.158742789227238612e-01
1.380774380350107133e-01
4.179372252852746605e-01
1.995877175185368502e-01
5.635990815951203992e-01
4.566608201317973181e-01
5.132951112670069982e-01
3.043383783674327714e-01
2.994654351356462740e-01
4.453917847148400888e-01
2.698313899628981272e-01
1.522732060747974403e-01
3.287349351553569554e-01
4.953102732456261537e-01
4.361149956619408963e-01
2.444566780721715848e-01
4.928282154650865388e-01
4.168362332977583185e-01
2.861612671752916670e-01
4.830691979044147710e-01
2.156159671921196730e-01
3.429794509405680314e-01
5.957204315200282929e-01
4.642584068699937005e-01
3.706554712172177024e-01
2.600716896234269715e-01
4.023157813320129561e-01
5.488751321322686838e-01
3.838020746393678295e-01
3.783339321635491026e-01
6.081259795326978690e-01
5.865867372709753225e-01
6.306330680702929570e-01
6.468868585294914597e-01
3.817143758199429415e-01
3.000258167145515298e-01
3.726614194103562427e-01
5.404932405365808767e-01
2.352372367217467897e-01
4.983160825462881749e-01
2.127311813431204679e-01
4.167451284252230992e-01
4.684647502184469126e-01
3.277894798457351433e-01
6.387109174039142800e-01
3.586760125148090173e-01
3.946964102186867884e-01
5.395481157546774265e-01
3.551458010325412862e-01
5.082481970573191621e-01
3.604606415304483225e-01
1.623199421937079889e-01
4.225101693989308793e-01
2.203121903492678557e-01
4.367862111881641862e-01
4.533235255178244549e-01
1.869491215834629683e-01
4.013659814538060866e-01
1.781329937928932128e-01
3.131576198746250372e-01
3.328984096823729977e-01
3.259288605327884114e-01
5.367173425003225473e-01
3.615699276849053678e-01
5.648153663280879311e-01
4.406821070007629904e-01
4.117212853620970670e-01
3.725723864684934439e-01
3.126031434124696418e-01
1.933501645125816348e-01
4.350193241312951820e-01
6.208456077679380680e-01
4.193792331138004870e-01
3.068159294337141074e-01
1.805963614782326865e-01
3.208584676296257210e-01
5.554231404695433305e-01
3.387467804357084389e-01
2.190710969125473639e-01
4.284381096074299511e-01
4.667368199068311907e-01
4.905803363651424220e-01
5.551863811781955205e-01
6.135229996153483967e-01
3.062702049921470770e-01
3.858076639292952192e-01
4.848207833988342208e-01
2.946288310358867735e-01
3.413270721974864808e-01
5.367173425003225473e-01
2.094110826935453029e-01
6.333164429043930399e-01
3.969810649967009941e-01
5.524201907533430322e-01
2.990395729332673280e-01
5.708513734056286371e-01
5.177118587906668346e-01
5.431970839752487956e-01
5.549630650104279139e-01
4.015329539749985521e-01
2.386963771569761139e-01
4.266825966537756143e-01
5.539576824269749622e-01
6.127027731509384623e-01
4.363859923239968852e-01
4.831822451401716068e-01
2.595712879117572647e-01
3.346338467150192231e-01
4.750620015730258050e-01
2.486795781568878760e-01
4.043077165011059737e-01
5.254625026252326414e-01
5.122835122678994768e-01
3.782029356096515138e-01
3.231525703034089925e-01
4.794926871803270596e-01
4.593606587802169794e-01
5.757172302478604786e-01
5.214271874146523267e-01
4.118564877253018119e-01
3.091433459754453494e-01
2.718943523165461840e-01
5.205085652390888384e-01
4.190526948026143117e-01
2.875762839856068620e-01
4.150037333706041998e-01
5.590222879768799169e-01
1.647547997845462131e-01
1.435424856072626265e-01
4.858136873136438827e-01
4.679267918270479387e-01
3.327298167438441645e-01
7.949294906637711933e-02
3.306201762887744366e-01
6.404071170545652114e-01
3.657799062146235292e-01
3.582596205551989432e-01
1.767902769067278834e-01
3.707030649219951735e-01
3.790933209477487797e-01
5.350211428496716159e-01
2.249533041418081414e-01
3.466045955962903657e-01
5.549630650104279139e-01
1.947830750333868766e-01
1.659613485013561318e-01
3.901865086545773242e-01
1.201672313015292592e-01
2.919313762406813284e-01
4.397057812337604732e-01
5.257785284919417323e-01
1.849354665856907942e-01
3.046515692833496880e-01
3.283784797201966255e-01
4.221805329620522684e-01
2.937971093787049015e-01
4.316739181800220426e-01
2.716339771315385287e-01
3.536770673355562611e-01
5.512898641190014937e-01
5.304443492314311337e-01
2.615322876612607428e-01
3.589074645496069804e-01
4.261100174587271749e-01
5.664412210532854264e-01
5.538690317747184677e-01
5.247638666026438470e-01
3.871395374275068968e-01
2.941741907828877012e-01
4.316739181800220426e-01
5.135216663985356922e-01
1.908615497065343780e-01
1.993530634185124162e-01
4.625999487035636348e-01
2.244685902318965809e-01
4.117542781608242719e-01
5.068153697920807499e-01
2.389797487560205158e-01
1.495981087773126939e-01
2.821023384616607177e-01
3.849795749588295068e-01
3.750375313119866938e-01
3.864362018828240708e-01
3.672202602612225641e-01
2.463489876136043533e-01
1.243478581383387349e-01
2.522742138569289971e-01
4.701769056269748392e-01
3.770085285895154459e-01
2.552453709642021895e-01
2.577911669615902124e-01
4.721726485169594478e-01
2.717693824886533438e-01
3.340020732277338422e-01
3.200571646046699303e-01
5.662745797873881548e-01
2.562354540639963929e-01
5.330831503239165103e-01
4.047945207389874733e-01
4.227177789518846707e-01
4.018586054740799218e-01
5.843538131990740903e-01
3.348614487255351935e-01
2.202466804830610081e-01
3.197663488561945377e-01
3.416314683736665359e-01
2.906952330282110419e-01
5.051191701414298185e-01
1.708248536076897584e-01
2.151344772786763226e-01
2.987805593561561612e-01
3.663985622208890680e-01
2.796999814119162653e-01
3.000921609033984638e-01
3.718088739872185688e-01
3.337148343504448555e-01
4.469732113177102284e-01
4.008411185082457195e-01
4.933454578758265097e-01
4.205563574839673580e-01
1.680208573600447397e-01
5.554458298461963928e-01
5.599614795783592891e-01
1.416552092338282665e-01
1.574823335183515860e-01
2.469743367022275982e-01
3.685801869357436811e-01
5.791039819945777989e-01
3.519289962446632281e-01
2.835868379150545127e-01
3.298122454554883176e-01
5.282934280470654720e-01
4.055531755021974938e-01
4.348668490963166211e-01
4.887922609224320536e-01
4.830691979044147710e-01
5.719914491525088795e-01
1.664711789839206646e-01
4.837044525345756685e-01
3.794763528902577732e-01
4.098038074861233837e-01
2.508645302880471162e-01
5.051191701414298185e-01
5.238277387228711390e-01
3.155192184912323783e-01
3.215866943021120639e-01
1.953224204978681600e-01
2.558127945504810596e-01
5.583152829508858384e-01
3.551852579348325767e-01
2.933874653815265465e-01
1.383632317370178111e-01
4.103440885103509239e-01
4.234408227834434713e-01
4.684726818442927487e-01
2.541390333664479972e-01
1.568736488473487789e-01
4.129357206989346385e-01
5.365392483450436290e-01
2.508645302880471162e-01
1.565569003929987713e-01
4.027293745117888069e-01
4.111103442677488951e-01
2.889788205681856903e-01
3.052510425210234746e-01
3.150973441369575578e-01
1.687033065671721954e-01
3.481097728845340966e-01
3.790917096251216617e-02
1.907254303887599978e-01
1.306376420074449596e-01
4.014693519189397874e-01
3.913343944180485701e-01
2.045896587548595436e-01
3.328984096823729977e-01
1.780200023726662140e-01
3.076334337217264681e-01
4.475446199457258634e-01
5.068153697920807499e-01
3.825677316596279298e-01
5.599614795783592891e-01
1.500343947637462483e-01
3.523789485128566157e-01
3.862243530520332313e-01
5.587189766176170469e-01
2.951916808669078907e-01
4.086828058910216832e-01
4.558296950875410647e-01
4.205209876920352752e-01
4.970148219432917736e-01
3.009555117765598808e-01
2.138013024574979271e-01
4.042545142190694385e-01
4.125029576390693009e-01
4.792137298932951373e-01
5.484328099613328122e-01
8.051408597289015645e-02
2.095651837585950916e-01
3.024485339599298217e-01
5.330831503239165103e-01
4.108880546068198747e-01
5.032174724694601364e-01
4.136989754101649819e-01
4.851188158770400882e-01
4.020880833853070491e-01
4.709353142613681431e-01
2.817491741679076234e-01
2.586038253806445808e-01
4.961458068852205305e-01
2.971910042659626217e-01
1.390224875646914326e-01
4.113708113353046203e-01
4.124695251761129611e-01
4.170080409821367851e-01
5.766753346869615271e-01
3.996198660891863153e-01
2.589229796194504329e-01
3.358365500848262131e-01
2.937971093787049015e-01
3.385370249991037639e-02
3.165188303517531554e-01
5.634835996797172841e-01
2.634603891970130896e-01
4.129357206989346385e-01
1.951558255890030180e-01
4.423282784748691632e-01
3.672351393094660521e-01
3.996517282336617405e-01
4.100339192206293171e-01
4.928033110330226063e-01
2.626680645729508878e-01
3.847183661787585418e-01
2.548473145620415159e-01
2.881942047236082938e-01
3.660338099163601422e-01
4.630416440151694513e-01
3.835661577779438391e-01
5.202223074470621045e-01
5.330831503239165103e-01
5.642183525076696071e-01
5.187632537428257251e-01
1.368272781606112432e-01
3.877227388271804465e-01
3.295800890224678814e-01
4.320163983211877112e-01
5.487066397032693832e-01
2.855037369517628987e-01
1.550452524530002429e-01
3.605548497256526042e-01
6.140751274597916476e-01
1.270686464234900004e-01
4.207113375656568732e-01
1.792002751752599932e-01
5.635990815951203992e-01
5.691551737549778167e-01
3.903144440852566177e-01
1.573768111930437530e-01
4.796506734012213058e-01
2.498002743776384094e-01
4.978370196209656595e-01
3.434362596840667137e-01
5.973455743633568904e-01
3.083703939135640781e-01
4.706671848752992937e-01
9.440913428175687350e-02
1.485566280976122477e-01
3.962144993955519223e-01
2.475724219313632513e-01
1.376521224506414565e-01
3.741086687017067813e-01
2.927483609349627591e-01
2.584634009913079900e-01
1.921810195804462829e-01
3.696666144999861681e-01
3.059718648529203833e-01
4.688352004882342383e-01
5.350211428496716159e-01
1.782451970396332908e-01
3.132252833679780579e-01
3.717020565753160755e-01
9.487634633322189481e-02
1.756920631190180826e-01
4.395647658442331518e-01
5.783756202006971048e-01
6.170626524451945372e-01
5.114233999427409971e-01
5.113571187412517816e-01
4.290155370620457043e-01
3.557547687308953988e-01
3.799690643236798282e-01
3.708782397275802167e-01
8.408051622520440471e-02
3.841405515493783174e-01
3.044815321049947898e-01
2.676200763752862311e-01
5.458414492628121950e-01
5.649933292077351510e-01
3.602738511701108481e-01
2.207807230564529377e-01
3.012813544204444582e-01
4.298086787547852894e-01
5.955528410783056392e-01
2.334416973810939100e-01
1.957198657355684324e-01
5.027800545815004352e-01
3.915060218712749229e-01
4.005676047424928110e-01
3.790918548806205268e-01
4.214834748455304481e-01
6.356320186544015538e-01
3.387467804357084389e-01
1.849695170731167904e-01
5.046778200130167535e-01
3.630948672046433456e-01
5.996174230631954316e-01
3.761108782937438999e-01
5.549630650104279139e-01
5.766987139103022519e-01
4.584335569056444681e-01
2.878549518010363739e-01
5.321354984601208704e-01
3.812160095561691886e-01
2.892855494593291610e-01
3.629099951523468981e-01
1.936650997417595499e-01
4.354573186757900172e-01
3.827367294426419764e-01
3.461533634166742979e-01
1.980224114177052686e-01
4.359122933022702706e-01
3.649878144151176840e-01
2.313277567396200829e-01
4.399456886457165372e-01
5.027800545815004352e-01
4.717874451736439045e-01
4.955360962270767833e-01
2.844945152576789926e-01
4.645776722201615527e-01
4.309299715884614690e-01
1.751222359310135313e-01
1.719431416533751256e-01
5.691551737549778167e-01
2.338396551446367544e-01
3.444585440830360556e-01
5.026519451560410578e-01
1.818582502014766678e-01
2.973034113381289867e-01
3.337904041083974427e-01
5.632192208477962980e-01
3.280337992830339444e-01
3.083729601806606269e-01
5.471294968643568568e-01
4.126459469442884109e-01
4.306016675524703130e-01
4.417956949007171286e-01
3.814933700201389444e-01
1.704572625066059499e-01
3.413704633150823620e-01
3.647911154989961768e-01
4.875864789675650735e-01
4.559917265311623225e-01
4.164950648735127881e-01
2.821591134573023241e-01
3.819556350694792712e-01
3.790918548806205268e-01
4.472236677608594224e-01
3.881997881319091959e-01
4.029901343770120881e-01
3.951133913075760562e-01
3.767371834182016710e-01
2.429455826747362324e-01
4.770301486206509622e-01
1.905408936454005553e-01
2.151324950478218090e-01
5.691551737549778167e-01
6.052430150161544065e-01
2.792562923321676438e-01
6.018916297353040790e-01
4.312695562860262011e-01
2.784895080422388758e-01
2.626468529046538380e-01
5.923191657607110860e-01
4.982978062343731973e-01
4.234775508572069525e-01
2.979768325652050742e-01
1.785038978626863893e-01
4.229106727456029557e-01
5.321405488820819540e-01
5.381847288291272680e-01
5.765536761647453989e-01
3.665905934204140015e-01
1.784376211305970794e-01
5.987989072356373343e-01
2.522602155922972766e-01
3.163463084988359930e-01
1.770561664997767626e-01
6.026638473604374324e-01
3.172719142677549176e-01
4.103705184629565794e-01
4.448992151588820887e-01
3.182660892591268609e-01
2.264570848984719109e-01
4.292360659872673234e-01
2.800406086230078362e-01
3.722450172646717959e-01
2.600077610932917116e-01
4.104601367922753319e-01
5.386202903570082023e-01
1.380520399940994292e-01
1.572324402195980630e-01
3.083729601806606269e-01
4.266825966537756143e-01
2.045896587548595436e-01
5.596621464008239011e-01
1.772893335368870560e-01
3.932430146708673080e-01
4.158690714637177654e-01
5.405997429077555871e-01
3.931418459568840618e-01
5.549125514362590605e-01
3.717912231834196723e-01
1.501946447876928437e-01
4.264317812034757460e-01
6.819003268737396095e-02
5.695701228259757443e-01
3.479728494905240388e-01
1.158188219427382093e-01
4.295499794908252400e-01
5.123401320818167237e-01
5.522648836778792925e-01
5.587189766176170469e-01
1.984757734223142056e-01
6.030642418824173623e-01
2.602684570357015059e-01
5.290055207053737663e-01
3.898943383660937179e-01
5.675561879190382797e-01
4.037323481925999547e-01
4.366263824311492625e-01
4.431185797080213207e-01
3.518014655545296243e-01
3.615941680472860020e-01
5.350211428496716159e-01
1.971346417179831723e-01
3.125011381931160903e-01
4.344687990344675010e-01
3.756804370351908839e-01
3.138079067599026106e-01
4.596946415526527718e-01
4.684647502184469126e-01
3.700475933248784655e-01
2.960298469830819901e-01
2.957790633382795242e-01
2.739069561738101677e-01
5.852284916105389145e-01
3.328984096823729977e-01
5.068153697920807499e-01
1.667711367341163375e-01
4.447418639046015199e-01
3.413982928135144701e-01
4.330195289506952872e-01
3.151990536483366134e-01
2.866345850507468485e-01
5.489198591846961017e-01
4.591024337923509391e-01
2.706742089323154188e-01
4.249948015538507207e-01
3.504739489937076513e-01
2.632439696252109051e-01
3.590117161101711307e-01
3.460648547458214375e-01
1.846923931755265758e-01
3.564146841588523018e-01
5.068153697920807499e-01
5.702189724353760036e-01
3.398191522567569067e-01
4.422297910890466421e-01
3.988442105600236154e-01
4.199137107780820388e-01
3.996876626251429920e-01
3.508719283766735808e-01
3.739764225867304726e-01
2.688058950796000657e-01
3.600248430204295857e-01
3.008287719623410905e-01
2.523819453130942136e-01
3.950430724709457775e-01
5.554231404695433305e-01
2.784457823432828216e-01
2.546046824791390328e-01
2.409934290110994637e-01
3.861473879058355818e-01
1.586404591968416100e-01
3.754804654788992391e-01
3.875302286742824398e-01
3.100865811366191327e-01
6.037470125745236782e-01
1.320877182462434907e-01
4.499532715736543897e-01
2.977040644616696929e-01
3.874676454335367892e-01
4.051694885327447038e-01
1.356788560691441214e-01
5.198009566362203904e-01
2.446903539972407615e-01
2.769685783018467906e-01
3.137541714759352618e-01
4.254941830989933949e-01
1.960894274262789394e-01
2.938867071279959164e-01
1.257155401572558895e-01
3.951660322121890445e-01
4.882812461528162062e-01
5.046778200130167535e-01
4.243029319949307432e-01
4.660886974584113607e-01
2.229182969494888644e-01
3.420278019780498280e-01
2.327374929019062066e-01
2.598854695793130776e-01
4.784924042861742333e-01
1.732192792394674219e-01
5.234446771575949064e-01
4.112479417096374656e-01
3.176520257172352757e-01
4.107083165438699668e-01
5.072798850283944949e-01
5.083187788609706548e-01
1.225556435115625759e-01
3.480679901272886179e-01
2.839297537707470287e-01
4.801400732171479113e-01
5.923191657607110860e-01
3.653801467631969113e-01
4.385315226844273551e-01
5.181815540615405391e-01
2.503054435878574457e-01
2.508645302880471162e-01
1.965393499677655365e-01
2.865222957420725525e-01
5.187632537428257251e-01
4.257799452033821930e-01
2.358561894753820887e-01
3.702458102778952709e-01
4.537066997535555979e-01
5.033161395667370419e-01
3.754753783662826416e-01
4.015578586149415319e-01
2.505826905498559909e-01
1.271537212439553810e-01
3.851020539797276321e-01
2.811994464951854122e-01
1.971420512555493443e-01
3.612417957727825923e-01
4.015752201550170652e-01
4.014201165931610138e-01
6.066294470514131676e-02
2.882453887077719989e-01
4.111733347435890806e-01
4.043577486273530197e-01
3.823133257220626691e-01
3.786798091526281107e-01
3.792468656244726288e-01
3.614094793443277109e-01
3.771214518254081272e-01
3.809806633227872941e-01
2.600270893772311243e-01
4.567261680602100471e-01
6.201714796480907177e-01
3.904338929569176053e-01
3.847183661787585418e-01
4.254941830989933949e-01
2.615622620559181488e-01
6.062230316760122140e-01
2.119992302053093358e-01
5.831132655488471261e-01
3.593214627817471474e-01
3.969690503141377613e-01
4.418200720475246590e-01
2.698238638051747018e-01
2.937971093787049015e-01
3.917408698185304017e-01
3.585419264622003999e-01
4.148505197412964418e-01
5.223540203976501095e-01
5.428511256015144948e-01
5.664412210532854264e-01
3.248718533654866847e-01
2.116655740108896455e-01
2.409355737718801571e-01
4.102626006432067429e-01
3.639207863333954740e-01
2.750589189655058275e-01
3.941001620168764763e-01
4.814935252902119434e-01
5.132951112670069982e-01
3.950430724709457775e-01
5.132951112670069982e-01
5.367173425003225473e-01
3.853773002096346212e-01
3.062702049921470770e-01
2.394189928615940710e-01
3.062702049921470770e-01
4.316739181800220426e-01
3.051713975018185976e-01
3.250624142363625069e-01
5.633357730285819542e-01
3.654735932894954686e-01
3.790918548806205268e-01
4.083595385569731007e-01
5.304443492314311337e-01
3.126533023449482585e-01
3.622077682267346721e-01
4.875202960928750606e-01
5.607694719438495179e-01
3.101177357646860422e-01
3.977977223853896294e-01
2.592883777003046619e-01
2.737953893488372925e-01
3.281274325886752719e-01
1.670661815743544887e-01
3.444654067947133802e-01
3.803705553038047582e-01
3.959386022962825269e-01
2.737953893488372925e-01
1.644708660805015155e-01
5.296266683501503758e-01
5.579003338798879108e-01
1.776257590962528887e-01
5.319422441001588897e-01
5.345800768919447554e-01
3.932523690210556477e-01
7.149115426469535017e-02
3.741534713181755567e-01
3.072166259000405075e-01
2.585792023128994366e-01
3.195619452142300365e-01
1.686157031057216316e-01
5.051191701414298185e-01
3.969810649967009941e-01
3.927759657005312488e-01
4.100202031518326851e-01
8.603866221086012289e-02
4.012146083857678347e-01
1.799678354777502209e-01
3.354858544589470748e-01
4.327902961288895844e-01
2.334193526679358699e-01
1.654302561476996281e-01
4.221764960544880374e-01
4.242473927364098230e-01
2.707082851967458903e-01
5.092546136312572358e-01
2.904993911974875775e-01
4.765066203626477925e-01
5.664412210532854264e-01
4.250698733374954630e-01
4.248019956929782182e-01
5.254625026252326414e-01
2.329685062079307756e-01
4.262106874708259108e-01
4.739483183605188721e-01
3.840333942551993895e-01
3.672317912091941916e-01
1.273342708667874190e-01
3.906319970316003976e-01
5.105873126172486565e-01
5.553846859601186958e-01
1.701262916939887959e-01
5.123326241135117698e-01
5.254625026252326414e-01
5.662745797873881548e-01
1.115677475921552919e-01
3.437304282100930308e-01
4.457782928111269638e-01
2.498117456643174639e-01
4.229343220038532802e-01
5.496264291198005303e-01
2.300091435353480707e-01
3.671566626745638162e-01
3.007379985529801125e-01
2.618519188785884966e-01
5.092546136312572358e-01
3.563123753321196796e-01
4.745270867390638525e-01
2.522742138569289971e-01
5.773311148805548854e-01
2.612809370262998421e-01
2.228031801736689022e-01
1.700702405332625566e-01
5.197824897511697101e-02
5.068153697920807499e-01
5.727164269869784441e-01
3.804670530790658090e-01
5.660779688041124302e-01
3.745009218478610458e-01
5.080294074042911168e-02
5.708513734056286371e-01
6.408619065647351842e-01
4.725035854452884765e-01
2.337530428505832092e-01
2.726802698998484487e-01
3.248801535609203706e-01
4.037791297138580981e-01
5.618644274350449441e-01
1.001426143277589914e-01
3.753077748281787307e-01
3.066583215527238782e-01
1.811802397321522207e-01
4.171628002962559090e-01
3.278017562480451952e-01
5.553846859601186958e-01
1.498615088106412252e-01
5.421456890230897940e-01
1.289971430334113933e-01
3.480696799762337257e-01
4.486323838605580372e-01
4.210841677389561277e-01
5.132951112670069982e-01
5.431970839752487956e-01
3.808593047700665757e-01
4.289368158574197176e-01
5.118023661864349316e-01
3.519339200682717883e-01
3.796789661737477450e-01
3.581185593283370272e-01
5.923191657607110860e-01
1.686151708313675945e-01
3.661197600116420370e-01
5.987989072356373343e-01
4.095074930244763656e-01
2.981846962503196807e-01
4.117212853620970670e-01
3.815398131142740956e-01
5.985060538565357691e-01
5.409533601699981764e-01
3.171252592230477396e-01
6.445067968735961050e-02
2.855037369517628987e-01
3.047988186543127420e-01
6.132012211111860234e-01
4.830222371913999169e-01
2.602684570357015059e-01
4.805575855409959241e-01
3.501551340135410362e-01
5.088188596073591752e-01
5.431970839752487956e-01
2.356650421776549653e-01
5.379035311254382057e-01
6.056189988708270133e-02
4.398591329987091014e-01
4.780981955176862308e-01
4.014693519189397874e-01
5.554231404695433305e-01
6.137213043972715720e-01
6.193782281952030511e-01
1.609977982674027364e-01
3.758722697102057642e-01
3.845599973564393093e-01
3.921218746283062218e-01
3.846033506400448054e-01
4.027765820811971542e-01
3.387467804357084389e-01
3.168892411245175511e-01
2.687490551217496804e-01
1.383853761586937015e-01
3.631875785666173195e-01
4.539074665512225493e-01
4.221813733131853374e-01
2.873683634455671543e-01
3.546700715520162972e-01
3.007379985529801125e-01
5.512486346318959951e-01
1.470721594103205632e-01
4.015578586149415319e-01
5.360149812848322703e-01
2.333798160440219149e-01
4.447397677560176454e-01
5.400538165116738343e-01
4.152267875068064162e-01
5.051191701414298185e-01
3.931769437390554844e-01
7.208038862674570613e-02
5.138434359638981430e-01
1.206723009376746564e-01
5.818165656047271650e-01
4.586513244692641544e-01
2.915713958001621142e-01
3.243161987487124809e-01
5.019789275261757888e-01
3.870748361069356602e-01
1.779332084962466087e-01
2.547622132369949388e-01
4.141473986238724536e-01
3.113286215664345935e-01
3.460744580311939100e-01
2.571339448148404760e-01
4.318091987057564030e-01
3.925337230790629794e-01
4.166715693775573937e-01
5.635990815951203992e-01
5.180380148122466499e-01
4.042263010798170519e-01
4.102626006432067429e-01
4.093713143572280111e-01
3.738781388184552190e-01
3.962532717520717562e-01
1.744460242392659177e-01
2.816781970822080372e-01
1.058959755120823382e-01
5.103455197421443712e-01
3.442610408827997404e-01
5.321405488820819540e-01
4.206232566059867617e-01
4.359745598392555932e-01
3.895876003282712774e-01
6.343821650898090470e-01
3.598735904183113510e-01
5.411653508782531263e-01
6.174502582469009182e-01
5.386202903570082023e-01
5.027800545815004352e-01
1.008057402400446279e-01
2.463645682537028980e-01
3.175139736438246096e-01
1.923798043551378234e-01
2.951049501857250235e-01
2.906697125465286247e-01
3.606093477179210249e-01
3.984792593152264306e-01
5.017337596304602965e-01
3.740206532239431225e-01
5.366822978312529857e-01
3.391269556001231811e-01
1.030748775731970268e-01
2.619705448609581655e-01
4.746295846318089318e-01
5.863498610476517436e-01
2.284817395053174716e-01
6.140258757115665267e-01
3.667987812929354163e-01
4.407759208493750025e-01
5.185261077964111731e-01
1.139229911377697829e-01
1.537380696871704089e-01
3.816098475723391226e-01
1.832104405525364355e-01
1.960676756881628013e-01
3.588286197608749895e-01
4.099313594838614461e-01
1.257345705504906430e-01
4.236602543150642664e-01
4.159847102238778960e-01
5.364851860673021111e-01
3.126643001870495486e-01
2.535846252965060499e-01
5.125121420325284838e-01
2.883050150766521269e-01
5.691551737549778167e-01
4.086824047883596545e-01
3.853773002096346212e-01
4.181520356652101422e-01
3.380615696590999475e-01
2.214392338455462295e-01
1.409741390964390495e-01
2.188125022117585750e-01
3.251938361108335229e-01
3.908341043374384260e-01
5.532668653597770936e-01
5.321405488820819540e-01
2.834506613265967978e-01
5.431970839752487956e-01
4.061522274729396642e-01
5.068153697920807499e-01
3.521067733843631364e-01
3.655932464023409212e-01
3.658428868162080239e-01
5.500286659700219793e-01
5.101969766358005476e-01
7.989768337572356049e-02
1.599566489469369246e-01
4.117212853620970670e-01
3.354676548544082704e-01
4.263377781849116976e-01
3.747653943293022261e-01
4.625695502356071964e-01
2.467512488896163592e-01
4.170797512573097832e-01
1.106622373888164201e-01
5.185261077964111731e-01
3.573609827299140673e-01
4.081632344032020132e-01
4.104333424276631614e-01
2.725424818328543441e-01
2.497802710064251086e-01
3.145167233480361535e-01
3.990817236208725194e-01
3.906153833364726102e-01
1.493271579525912163e-01
3.790918548806205268e-01
4.689247244404560755e-01
4.220199417046153201e-01
3.827218898914214185e-01
3.322618988390032002e-01
5.484241312181159511e-01
3.767584869690467908e-01
4.271441064784613495e-01
2.861046197134584079e-01
4.368240886252955923e-01
3.100865811366191327e-01
5.205839080970385835e-01
3.306781013753606335e-01
5.420734612329766167e-01
1.721960051282545867e-01
1.257689219428678173e-01
3.806086127999331881e-01
5.756597180091035382e-01
5.361935141688844997e-01
3.055070329128463102e-01
4.757485405929403055e-01
4.695754899672880955e-01
5.829143806803842587e-01
4.325029835584708882e-01
2.819535615953048246e-01
5.489970145402411905e-01
4.939066267967024415e-01
5.234416503344229143e-01
4.621256480798137112e-01
2.844117079820891458e-01
3.708544785264517030e-01
5.132951112670069982e-01
4.611637323858769344e-01
2.045896587548595436e-01
2.860322138749232801e-01
3.618490096993781657e-01
9.301883689113490949e-02
4.071368389877806360e-01
1.541589991271408999e-01
6.306330680702929570e-01
2.071939604450711847e-01
4.571014077597884140e-01
4.107794455891684016e-01
4.948758048498251294e-01
1.424620810272016203e-01
5.318253975626127117e-01
2.015282339040586346e-01
4.408289002850505067e-01
3.743563373826123697e-01
5.431970839752487956e-01
4.526941622843949076e-01
5.365392483450436290e-01
1.329241153115474916e-01
5.431970839752487956e-01
4.476807986129741623e-01
2.943827775753408704e-01
3.218251812763953112e-01
3.787269442761811988e-01
3.259090261672575317e-01
2.249533041418081414e-01
1.670174609571485058e-01
4.013726534364383536e-01
4.949476706185411690e-01
4.329217958540716449e-01
1.537380696871704089e-01
2.259904405647420733e-01
1.359151929502253608e-01
3.384845363139384888e-01
4.152267875068064162e-01
5.092546136312572358e-01
4.693632061495471297e-01
4.438129387227221501e-01
3.312594498449601410e-01
5.431970839752487956e-01
5.695701228259757443e-01
2.502697745540067298e-01
2.698710065163137939e-01
5.695701228259757443e-01
3.675895606479444022e-01
3.002385644144331400e-01
4.546451620113243219e-01
2.822904799320016811e-01
3.388068861737197346e-01
3.073051968306743098e-01
9.580313150403405031e-02
2.782561394663720100e-01
5.364749002110092979e-01
2.292268371232784596e-01
5.549630650104279139e-01
3.929064843404511120e-01
2.557321853881580065e-01
3.852146465839623724e-01
2.201795886571454308e-01
3.639077837055608167e-01
4.878202718246100744e-01
4.803253342111808433e-01
4.303327747305236706e-01
3.694882391882676198e-01
3.812726862250115367e-01
4.292360659872673234e-01
3.974191139015720853e-01
4.145803701864431701e-01
4.700527910135683940e-01
5.300595068701174917e-01
3.150441975665112526e-01
4.097832928363419058e-01
1.658086614297280270e-01
2.833347051350996182e-01
5.600350224114576392e-01
1.433419420717148840e-01
6.159952435290194650e-01
3.306700814009108091e-01
5.530124079721424613e-01
5.685227727847251833e-01
3.819404794381355828e-01
6.358303234363246181e-01
4.405658848279980777e-01
1.513712310628917701e-01
2.668051461498354149e-01
5.523442417200304932e-01
4.327515472627044280e-01
3.735433795137603208e-01
1.473052755170591865e-01
4.430561700462976038e-01
3.604458297310833559e-01
1.162320668211353492e-01
4.477756238971923319e-01
5.500657989922103086e-01
5.057894036469351429e-01
5.087418574586873854e-01
4.198035811250469540e-01
4.919764746378821885e-01
4.295499794908252400e-01
1.416342120967296059e-01
5.051191701414298185e-01
2.890025144164961590e-01
4.705668165996680363e-01
1.838745893337769832e-01
3.673229931612542187e-01
4.814935252902119434e-01
5.975800924065312048e-01
5.350211428496716159e-01
3.222901918885284767e-01
3.418782977428344028e-01
4.801293076799053039e-01
2.924708960117612389e-01
3.172900005782016142e-01
5.132951112670069982e-01
6.438124959091250377e-01
6.298053714715684537e-01
3.401349853156302450e-01
2.854970679833770952e-01
3.614232407307612083e-01
3.910504447073155920e-01
2.363508858420864944e-01
4.363345563904025282e-01
3.143429157630824311e-01
1.837851928114239697e-01
4.641985220034923754e-01
3.981604788429851105e-01
2.884838990684504556e-01
5.702189724353760036e-01
4.210050979211328315e-01
5.593669746504146278e-01
4.522368938163370267e-01
3.647715875472117286e-01
3.668240342342570792e-01
5.068153697920807499e-01
4.380535378199523211e-01
3.387467804357084389e-01
2.396638748196513180e-01
2.952726485166839998e-01
3.083729601806606269e-01
1.816532526490144128e-01
3.155192184912323783e-01
7.882680038456128802e-02
4.195810751659475035e-01
3.492737338324070628e-01
2.004741210370229454e-01
5.022808269708076701e-01
4.765066203626477925e-01
5.474641367425271410e-01
4.976838227259228753e-01
5.981308328660736029e-01
4.615414573836547074e-01
2.661563044398397304e-01
2.577018996360780911e-01
5.919710207070588703e-01
3.789723760743737291e-01
3.906690209172778983e-01
6.274560775288243741e-01
3.737115326841204399e-01
3.927466443579664679e-01
2.374668911677243477e-01
2.049157158260029310e-01
5.223540203976501095e-01
3.620467338750638642e-01
4.248019956929782182e-01
3.730302042569890175e-01
4.297614554905073159e-01
3.406503846705518646e-01
6.170695742984668719e-01
5.223540203976501095e-01
5.302278997250431392e-01
3.416904185119378767e-01
3.568973280090030342e-01
4.494846718254698059e-01
3.764992142706771738e-01
3.909913945792124479e-01
5.068153697920807499e-01
6.129443881854998999e-01
4.375558845813823372e-01
2.566958165001653192e-01
5.630903813510494960e-01
4.213111778138255437e-01
3.932067198170818290e-01
5.909328765903419933e-01
4.361063745012259130e-01
5.766987139103022519e-01
4.015578586149415319e-01
3.230388833198198917e-01
5.351635210943699317e-01
3.089961748709514344e-01
5.633668584329191154e-01
6.260562744520524747e-01
4.002427142886800238e-01
5.296266683501503758e-01
3.031842171506516914e-01
4.138633252250939476e-01
8.455714208027130530e-02
3.062702049921470770e-01
5.879877638200029510e-01
3.685800532695028275e-01
3.083729601806606269e-01
6.287050981219908241e-01
3.900743177766418102e-01
3.740531463853299932e-01
5.633357730285819542e-01
6.274560775288243741e-01
5.258807602994794994e-01
3.553672459768767999e-01
3.530239636889050403e-01
4.503527815701992010e-01
5.641750209474266642e-01
5.840151087654235074e-01
2.946339829028331581e-01
2.965655718178330513e-01
3.668615901864095696e-01
5.305239802187988740e-01
1.207170539749856247e-01
4.364828688549202140e-01
2.852024186330661126e-01
1.684169574122949264e-01
5.897239098242111899e-01
2.736214709643401966e-01
2.822601196098542542e-01
3.027515365148368831e-01
4.143545087473649580e-01
1.669905035114074010e-01
4.276496837552912211e-01
2.949083974085884297e-01
4.130710038231573122e-01
5.457851422029530442e-01
5.792236556874510445e-01
3.809249866562023357e-01
3.778415052126318230e-01
2.965009987586468831e-01
4.681341686593848972e-01
5.164103048703051480e-01
3.404412546900935643e-01
7.111156157742959394e-02
3.089264482817863922e-01
1.730194807425000092e-01
4.814935252902119434e-01
1.008505616695690305e-01
2.796129266472661135e-01
4.839118913148748868e-01
2.487799740804352011e-01
4.327993002028480696e-01
3.110455660475133777e-01
2.240832978124003283e-01
3.865915731929199239e-01
2.169614752705332772e-01
3.646128128410119351e-01
5.759578131628484421e-01
3.947083698132969332e-01
2.705756563764050715e-01
3.842227261450241738e-01
1.593222283275975426e-01
5.538690317747184677e-01
4.137769604110710375e-01
2.886603689606301870e-01
4.236883603965965195e-01
4.015578586149415319e-01
1.966656502216946600e-01
3.504221264050464968e-01
3.079667845417950467e-01
4.150037333706041998e-01
2.971601264288749600e-01
3.440053232283143414e-01
3.172719142677549176e-01
5.138129638028120505e-01
3.967554956277135059e-01
1.777262931554410008e-01
5.536884863094678755e-01
3.406240717538616125e-01
1.720011905319464296e-01
4.255599184100496979e-01
2.859172907384553430e-01
3.845784720889248720e-01
2.668695206845114742e-01
5.386202903570082023e-01
4.334165257932455773e-01
5.740548653061627871e-01
4.023157813320129561e-01
5.443116550392558262e-01
2.955323549547293482e-01
2.744599273836329512e-01
2.861612671752916670e-01
2.865511614137198904e-01
2.965146337546069044e-01
3.083729601806606269e-01
3.768166817787239609e-01
4.255599184100496979e-01
3.465574466487792438e-01
5.708513734056286371e-01
1.848783353892659020e-01
3.141445862435501835e-01
3.720067143673033705e-01
5.392650950555001321e-01
3.719365768012206086e-01
5.599614795783592891e-01
4.555516314726232308e-01
3.280337992830339444e-01
3.404775768799764291e-01
2.822904799320016811e-01
4.253508364496561001e-01
2.998812219592889572e-01
3.027123663817201105e-01
5.478723908602557424e-01
4.326720928686050294e-01
4.531120448408633150e-01
4.067018069278862669e-01
2.910580675443966148e-01
3.157525484015926143e-01
2.955812048727157193e-01
3.993783254753312528e-01
3.831933320740445459e-01
1.067432434053769835e-01
7.279329502766636317e-02
4.020751231648022617e-01
6.064684233535445612e-01
2.107160891734105312e-01
1.717648219493072836e-01
6.143658662930118197e-01
1.931302586009272793e-01
5.386202903570082023e-01
3.762872628515661622e-01
3.769411186046860429e-01
4.613021486634150126e-01
3.623281706396813129e-01
5.773311148805548854e-01
3.357243414332303777e-01
3.328984096823729977e-01
3.053446763463624758e-01
2.456805055931878812e-01
1.138969632232819662e-01
3.855659812300969991e-01
5.205085652390888384e-01
2.029290394776368245e-01
3.830671195450822131e-01
5.687489332578429257e-01
2.979768325652050742e-01
1.751222359310135313e-01
5.026519451560410578e-01
1.512180093263003344e-01
4.218592279024676595e-01
2.098110899368212101e-01
4.449334844390273047e-01
2.466285900533242981e-01
5.460394400434028794e-01
5.577869353285058729e-01
5.933840547668218779e-01
4.402606138966991822e-01
4.929223940375236368e-01
4.015578586149415319e-01
2.696416666367879578e-01
2.497802710064251086e-01
2.735861526224774853e-01
5.899370945898335661e-01
5.389108489590762607e-01
5.925645574382435443e-01
1.528301511008872959e-01
4.068147310992347165e-01
4.280102148674619911e-01
2.796970873195292473e-01
3.563668009824724203e-01
1.420068099651701776e-01
2.240832978124003283e-01
3.559925778115373696e-01
3.838020746393678295e-01
5.282738581037093040e-01
5.132951112670069982e-01
5.886214758315687356e-02
2.802913194061968927e-01
5.337405468812044251e-01
1.513712310628917701e-01
4.765066203626477925e-01
2.192861272285369645e-01
5.431970839752487956e-01
4.091946713017844961e-01
4.261279762873353139e-02
2.341472983918615747e-01
1.642030490327326120e-01
3.987504951421503852e-01
2.059993423237414245e-01
2.553500427523026084e-01
3.363328264363882325e-01
3.761146193893941669e-01
3.792369597711163776e-01
4.015578586149415319e-01
2.883342067026783417e-01
2.742089273367205315e-01
6.198219246546585737e-01
5.201973118600268231e-01
2.617974100766085610e-01
5.222753664419027553e-01
2.040882281457419289e-01
4.318091987057564030e-01
4.427812755477739115e-01
3.266079360705186341e-01
5.866202929022795720e-01
5.554458298461963928e-01
4.255599184100496979e-01
3.242996975161605566e-01
4.373505556696853924e-01
2.702258102483379720e-01
2.819290863295771388e-01
1.467887276302859423e-01
6.193180323416157540e-01
5.487066397032693832e-01
1.039893126485694624e-01
5.068153697920807499e-01
5.152258263623438195e-01
4.104971446712645800e-01
3.210409694447869389e-01
5.140288237641627012e-01
4.377475362976683271e-01
1.759177049338607746e-01
2.547622132369949388e-01
5.304443492314311337e-01
3.516068230820899032e-01
4.085043791292337634e-01
2.378912673465845284e-01
4.241964853353463183e-01
3.635720093273759890e-01
2.287849591899112633e-01
3.307114397730386290e-01
1.490767903777436565e-01
4.125062135449744094e-01
5.935632196552111106e-02
4.106694787054436246e-01
4.227177789518846707e-01
9.069085741288709923e-02
1.618717559621382363e-01
4.144989148523731681e-01
4.374287950106313660e-01
3.803344814254687734e-01
4.792137298932951373e-01
4.630968401692883707e-01
5.630903813510494960e-01
4.162518689186379128e-01
5.748906480888202886e-01
2.737953893488372925e-01
1.782977495956422909e-01
1.064727117687964408e-01
3.689440595999956551e-01
3.783339321635491026e-01
2.070130198017119394e-01
1.798360255969984334e-01
5.109264960042723125e-01
4.444885265693861442e-01
3.370758907891834855e-01
2.788045645688531082e-01
2.233687894953803876e-01
3.123868133326063168e-01
3.144932782270307703e-01
2.590719373405956927e-01
5.435288720644223526e-01
3.881052094962054166e-01
4.736308311039606478e-01
3.839089696941023200e-01
2.007238804616565675e-01
2.493185553814619149e-01
5.205085652390888384e-01
3.549405737737086897e-01
3.408545791861737895e-01
4.051490725215810551e-01
4.007158717854341079e-01
5.308627653095279175e-01
4.190273759636279904e-01
5.431970839752487956e-01
3.819956748646777256e-01
2.853886538523520144e-01
2.360533792979231105e-01
4.145401150285301095e-01
4.060154707979422573e-01
5.300907434025372567e-01
3.005808602708048838e-01
3.704656066372807310e-01
5.460278572296036748e-01
1.586760168075118105e-01
4.122345395089747622e-01
5.982689424180465121e-01
2.601901264358446042e-01
6.168748054355536192e-01
3.776916715930329072e-01
4.111799814689146015e-01
4.158011073772321375e-01
2.971576755346612697e-01
2.409355737718801571e-01
1.592460295275846816e-01
4.157660646830138029e-01
5.066983730619077919e-01
5.123326241135117698e-01
4.601262237035016328e-02
5.187632537428257251e-01
4.088004189826316970e-01
4.737410683344135398e-01
2.508645302880471162e-01
3.881507640112636937e-01
1.730194807425000092e-01
3.073954838030157899e-01
4.121428674384020607e-01
1.727275482676704221e-01
5.427560180175218241e-01
3.408582989742195424e-01
2.288797374934600226e-01
5.706547624223529125e-01
6.422278570549541099e-01
3.874211193956534349e-01
2.573848536028420231e-01
4.146490430366117086e-01
3.540381808209365211e-01
2.866665338807937169e-01
3.472410848202370781e-01
3.083729601806606269e-01
4.264751462322485809e-01
4.334106459338024631e-01
3.127873703120779836e-01
3.867091414865907462e-01
1.771019242166241570e-01
5.664412210532854264e-01
3.465362010961940964e-01
5.431970839752487956e-01
2.530607633925984756e-01
3.289011967301362915e-01
3.951133913075760562e-01
5.022546491755116582e-01
1.455651289841236595e-01
5.539576824269749622e-01
5.475029077998028182e-02
1.615345904572292879e-01
2.797167998679261913e-01
5.346675370207777389e-01
3.755256685743927902e-01
1.270619444023323441e-01
5.105873126172486565e-01
3.328984096823729977e-01
3.083729601806606269e-01
2.481204314835870617e-01
4.231900131537574827e-01
6.060636620199193469e-01
2.301458016756671443e-01
4.783004230815651736e-01
6.205291569964137555e-01
2.597616768666436982e-01
5.664412210532854264e-01
3.176702338448159080e-01
3.263353431050981523e-01
4.595426467183216790e-01
3.583358586443556870e-01
3.030387807969816549e-01
4.733504858083906197e-01
1.950696904813504495e-01
3.120045488796169830e-01
1.641535585353976756e-01
4.824663704340366177e-01
5.025691214580048083e-01
4.222698393688292806e-01
4.071393769833238641e-01
4.779836335710992423e-01
5.160797709155497959e-01
4.235944561205898795e-01
4.121872089790976079e-01
2.683675093066990036e-01
4.457475273326756415e-01
5.319422441001588897e-01
4.562889131494398121e-01
6.260562744520524747e-01
4.240482066511772063e-01
1.766761446461747875e-01
3.897347579206257295e-01
2.551455604281108180e-01
3.287390910736877059e-01
2.662472527794366162e-01
4.780619777870350751e-01
5.759578131628484421e-01
3.809796455468695275e-01
1.587749880318654605e-01
5.587900648146786331e-01
3.328984096823729977e-01
5.367173425003225473e-01
4.490971351435536496e-01
5.370491305894962153e-01
4.780451458188857417e-01
4.015578586149415319e-01
3.501047403855944151e-01
4.792610784047117156e-01
4.952360581316213040e-01
2.322592944416886351e-01
5.957204315200282929e-01
3.764274095144676813e-01
4.483387009400349732e-01
1.904930979861083618e-01
2.886880667676726131e-01
3.701791257910137523e-01
5.708513734056286371e-01
1.013519951889936127e-01
4.426744695692201859e-01
1.776257590962528887e-01
4.561778890967139177e-01
5.662745797873881548e-01
3.794922562626096840e-01
3.946098733847349660e-01
4.372076568958004894e-01
4.973389825336962944e-01
3.835431676002791224e-01
5.599614795783592891e-01
5.223540203976501095e-01
2.860937885903697686e-01
4.460767880281385489e-01
3.838020746393678295e-01
5.706547624223529125e-01
4.217582217499157293e-01
5.132951112670069982e-01
3.131516259935130386e-01
5.244151124633219530e-01
4.051590367889554845e-01
4.023157813320129561e-01
6.176485630288240936e-01
3.560304562880641233e-01
2.979768325652050742e-01
4.442459831469062204e-01
4.214757190853762325e-01
2.853886538523520144e-01
3.642503376437956630e-01
5.645783801367372234e-01
3.095888462015753406e-01
3.021758268689009319e-01
4.657628910894242025e-01
3.740890445019138255e-01
3.491234006794072808e-01
4.271101379993277325e-01
5.158742789227238612e-01
5.013126065126124464e-01
3.480484852500807524e-01
3.925337230790629794e-01
3.251938361108335229e-01
3.541172495993644698e-01
3.554441992739675871e-01
4.014070052445736780e-01
3.097491545356005349e-01
5.836243845698156907e-01
4.185109469836817420e-01
2.863861943018980449e-01
4.062130229536990988e-01
4.018272826718468638e-01
5.554231404695433305e-01
5.367173425003225473e-01
4.009567134059224824e-01
4.678477309480245649e-01
3.822687833701872706e-01
3.337904041083974427e-01
2.690018530107831651e-01
3.090237779890783187e-01
5.733326872909229044e-01
2.388332431763633690e-01
5.501879666102642563e-01
4.850527803886093836e-01
4.739870414496996087e-01
1.998419247237129270e-01
5.611736870752231932e-01
3.081078185364989896e-01
4.796506734012213058e-01
6.357481155800278616e-01
2.013154707171864455e-01
6.422278570549541099e-01
4.094347470957857560e-01
3.700764399755910872e-01
4.012146083857678347e-01
1.799678354777502209e-01
3.354858544589470748e-01
4.327902961288895844e-01
2.334193526679358699e-01
