5.583152829508858384e-01
4.172928990204580746e-01
2.702555787387783681e-01
1.489083892076552285e-01
4.325355008338296336e-01
2.004379304345901835e-01
1.433419420717148840e-01
3.563179285096071403e-01
4.042545142190694385e-01
3.354676548544082704e-01
3.815311381128804746e-01
5.319422441001588897e-01
2.154561267938769065e-01
3.267841811414861630e-01
6.239120820013047686e-01
4.938329938480279235e-01
2.122969196830526983e-01
3.977450589258977320e-01
4.692617689597473607e-01
3.083729601806606269e-01
2.431919494090378497e-01
4.886423438393872609e-01
2.177014688337335913e-01
5.387208323156009726e-01
4.470779438064985678e-01
2.883531167339326018e-01
3.176520257172352757e-01
5.987989072356373343e-01
1.831985932126230787e-01
4.109368028719418975e-01
5.223540203976501095e-01
4.186132195355169450e-01
1.313114595559644882e-01
5.064972871698713019e-01
3.817261629788660793e-01
5.637606992554564656e-01
8.383220010494106533e-02
3.674873051421927994e-01
2.210243269739990968e-01
5.348727215604618390e-01
1.430646357602423646e-01
6.422278570549541099e-01
5.140288237641627012e-01
3.662669795519588045e-01
5.630903813510494960e-01
2.791609559772604277e-01
3.865915731929199239e-01
4.732946901310391419e-01
2.943898292490911839e-01
1.756653343402519440e-01
2.125030620255433655e-01
5.122835122678994768e-01
3.393266793645656199e-01
2.980663638971338125e-01
3.700990927655281593e-01
2.045896587548595436e-01
2.059993423237414245e-01
3.696174277139698261e-01
4.590042761027305351e-01
6.404071170545652114e-01
3.574592097472036878e-01
8.380371266925824847e-02
2.698710065163137939e-01
3.997802742051642655e-01
2.716745207216587077e-01
5.433960552174644798e-01
2.755746691163549755e-01
9.244176054426529732e-02
5.365392483450436290e-01
4.038402459520197274e-01
4.159847102238778960e-01
2.610263797527729857e-01
5.619396085630795623e-01
3.700729503096737427e-01
1.462361966043899675e-01
2.161918404388822879e-01
5.792236556874510445e-01
1.684832491116771414e-01
5.431970839752487956e-01
4.639081092285906038e-01
4.313697626238633953e-01
3.911652222244962895e-01
5.525075531790140104e-01
5.068153697920807499e-01
3.207129466691749364e-01
4.248601557868509904e-01
4.523666305191419990e-01
5.247430096799766686e-01
2.405177014014861225e-01
3.240888140757622327e-01
4.017555290538881163e-01
3.507550606354624678e-01
2.742089273367205315e-01
4.837200743347296883e-01
4.248201484207871914e-01
4.095109509888357757e-01
3.418685492539327297e-01
3.352954913850046403e-01
2.909095803575221795e-01
3.524915114943241168e-01
5.695701228259757443e-01
2.832518693800774590e-01
5.287175205749371498e-01
3.144325571669777664e-01
4.023157813320129561e-01
4.381724702160684215e-01
3.551852579348325767e-01
5.250256726192776835e-01
4.438129387227221501e-01
3.866470037306881102e-01
5.205085652390888384e-01
2.555201359540663630e-01
2.911350956779519272e-01
2.396863185871853374e-01
2.569265893940475554e-01
3.925159702066415846e-01
3.286091975261258291e-01
2.631144879900225719e-01
4.303555812470316044e-01
5.227528039607912680e-01
6.287050981219908241e-01
4.117212853620970670e-01
4.015578586149415319e-01
2.231834487797247912e-01
3.968756950467501321e-01
3.009555117765598808e-01
4.894044539684683226e-01
5.187632537428257251e-01
2.229521402854234280e-01
4.555514590369361683e-01
2.796984532928861733e-01
2.012351061245870876e-01
2.789155898688533974e-01
4.065495333277246992e-01
4.329600703402232131e-01
2.641355373794479489e-01
5.291438550785589889e-01
2.881359010892389216e-01
2.208041722311001598e-01
7.985678233754570088e-02
2.544597817258881234e-01
3.790464413075704808e-01
3.619659189644330866e-02
2.893773041618314390e-01
5.152987312145820287e-01
3.661653002869841300e-01
3.865029726395188825e-01
1.114778036202762612e-01
3.377745426105814297e-01
3.764662584744241647e-01
5.484241312181159511e-01
5.113571187412517816e-01
3.554751543381290402e-01
3.339710871895912314e-01
5.476848377916172517e-01
3.328984096823729977e-01
4.535791011909062753e-01
2.110243109480820500e-01
1.863347687778480199e-01
1.280535766169424994e-01
1.606703811474558818e-01
6.208751177607572114e-01
3.805771245259618740e-01
3.194654165689272962e-01
5.132951112670069982e-01
3.934631018530690971e-01
2.892855494593291610e-01
1.519818409019448868e-01
3.306234444595446131e-01
2.566958165001653192e-01
3.624111225991026308e-01
2.759774898988789360e-01
4.151293099974970313e-01
3.978559235353783530e-01
3.062702049921470770e-01
3.127873703120779836e-01
3.449955821938002209e-01
4.635053057000292909e-01
3.224204103510739383e-01
3.592749024438175454e-01
4.198857335815720515e-01
4.052355884636865135e-01
4.015578586149415319e-01
5.641750209474266642e-01
3.702121405209826133e-01
3.769401656870375872e-01
5.365392483450436290e-01
6.993898508157650462e-02
5.040740622838084661e-01
3.747744776051857296e-01
1.923422865487943445e-01
1.769844755573570794e-01
3.790514058754764215e-01
4.622116142857233823e-01
2.136195496306193264e-01
4.176162878598220218e-01
5.008651397504976233e-01
5.953114522161703226e-01
2.946410475690252051e-01
4.851162126074694547e-01
2.809549273900416311e-01
2.939685114910213781e-01
3.448857741296835755e-01
2.991113558621746327e-01
5.582652799277083577e-01
4.145416500075694288e-01
3.248865849235312853e-01
4.063063521322636817e-01
3.647657333608335661e-01
5.406313180751773917e-01
4.014291704541563810e-01
2.076555191213379226e-01
5.024935737352335119e-01
5.114233999427409971e-01
5.132951112670069982e-01
6.289900515248346424e-02
2.499759655548287884e-01
2.717629858418467714e-01
3.280129831046641464e-01
2.223048328268903140e-01
4.225964614552799037e-01
2.546541329597533099e-01
4.959192945767798566e-01
4.196451819523837612e-01
4.119947763650920192e-01
2.884679836391126351e-01
5.791067022480940463e-02
5.325768485885340464e-01
2.087569637655251609e-01
5.431970839752487956e-01
4.185346608923222744e-01
4.552281882728829721e-01
4.792794454558399475e-01
5.383881339239877661e-01
4.625355912149711757e-01
5.296266683501503758e-01
4.009621342683830081e-01
3.078544639473209665e-01
5.987989072356373343e-01
2.872867138485079019e-01
2.113999318978714292e-01
5.318253975626127117e-01
2.130547450087807437e-01
5.374222163501097826e-01
4.065224272484498913e-01
2.118705470336218477e-01
3.584828958747296457e-01
5.188297663137179105e-01
4.277162705390106789e-01
5.512898641190014937e-01
3.138053602413175547e-01
3.463848515184905774e-01
4.217811025831905702e-01
3.871555902649087555e-01
3.940637827641893520e-01
2.905196987997171187e-01
5.582652799277083577e-01
5.726453282920239696e-01
3.878402969347769513e-01
3.990950985601182666e-01
2.937162118881143091e-01
1.385108482224152449e-01
2.413742314506024111e-01
2.384956849878946405e-01
5.742582059585121801e-01
3.823572326915661845e-01
2.199860294425299290e-01
4.396135766809546874e-01
4.970148219432917736e-01
2.927483609349627591e-01
4.193805539773995950e-01
2.389797487560205158e-01
3.226224117425267046e-01
3.847024701861135876e-01
1.103029229928316202e-01
5.256434014848991865e-01
4.309101927266417720e-01
1.469363370477950459e-01
6.026226178733319339e-01
1.986704935375858960e-01
1.335046825716088292e-01
