3.380888353894991316e-01
4.344187960112900204e-01
2.916139746302991442e-01
3.726878250411109206e-01
3.391565024914768856e-01
2.522742138569289971e-01
3.387467804357084389e-01
2.531071488002921699e-01
3.699731348884243154e-01
3.831301233251827587e-01
3.570755192438067604e-01
5.397935074322098847e-01
3.683901188421989659e-01
4.822432288846862369e-01
2.973034113381289867e-01
4.887069792622938391e-01
3.721370670157873595e-01
3.414957122206242479e-01
5.211688818736472939e-01
3.053828947051656639e-01
4.486028485064926241e-01
3.633331296695329615e-01
1.508503236402405079e-01
4.183040734265688343e-01
3.800569512282397922e-01
5.549630650104279139e-01
2.004379304345901835e-01
1.271419537296042124e-01
3.444490656290439268e-01
4.293383086045167163e-01
4.546644903992032583e-01
5.228650815242982253e-01
3.930868544597077574e-01
1.835387827343366307e-01
2.676011453482460278e-01
3.294626400513822051e-01
4.485015520508219833e-01
5.060580686334230638e-01
4.316739181800220426e-01
4.920545941365453424e-01
3.563733814983147119e-01
4.367062251433479481e-01
3.096924720461443070e-01
4.573628364759135256e-01
4.676381748154765372e-01
5.635990815951203992e-01
2.319016626188815655e-01
1.234194384144135931e-01
2.550743872085103892e-01
4.130710038231573122e-01
3.660134653116564052e-01
5.612272287198385445e-01
3.321396270735360590e-01
2.538035931538653034e-01
5.118335112520646657e-01
7.368996340665941169e-02
2.911350956779519272e-01
4.887893802382449748e-01
4.417896934320191815e-01
1.147961885148134492e-01
4.015578586149415319e-01
5.405997429077555871e-01
2.612077766906868437e-01
2.413865160641356644e-01
1.992094708482374521e-01
4.083571853659214712e-01
5.007273318310525578e-01
3.957332770224692986e-01
2.545544608711213241e-01
4.725035854452884765e-01
6.387109174039142800e-01
2.737953893488372925e-01
2.887085121937243426e-01
1.391181226418196359e-01
5.635990815951203992e-01
4.820512658694956487e-01
2.014654138890543122e-01
3.387467804357084389e-01
6.114184499107789827e-01
1.599566489469369246e-01
4.451310862778814492e-01
4.838093778311997051e-01
5.254625026252326414e-01
2.524682373694432380e-01
5.569365593313235774e-01
5.396544419483418897e-01
5.695701228259757443e-01
4.872049831474302706e-01
2.522106968234090751e-01
4.312418585829233542e-01
5.571193401201941509e-01
2.161918404388822879e-01
3.469227770649967457e-01
2.883716784638081787e-01
4.119623112673794219e-01
2.604706778435107450e-01
5.139362863969687556e-01
3.731484398424686488e-01
4.632122436103432994e-01
3.630799255848002893e-01
3.435029468733761249e-01
2.979768325652050742e-01
1.835573204541798564e-01
2.780114586313132130e-01
3.711135733842785278e-01
2.328283857377918820e-01
2.783319722952853348e-01
3.416092244818565438e-01
1.152868636688232640e-01
2.618156255838960944e-01
2.989399740180673226e-01
5.104380571093382057e-01
3.291027776861736864e-01
5.002540750720433360e-01
3.100530093946871069e-01
2.563289037084809374e-01
1.856397510983197330e-01
1.569791147334895776e-01
3.309061425304081205e-01
2.181392841864716325e-01
3.095730801333479998e-01
5.857337903294174142e-01
3.655098372129091944e-01
3.991888736392840697e-01
4.079174985818722621e-01
3.901865086545773242e-01
5.069485896126123547e-01
3.024963400131753799e-01
3.753077748281787307e-01
5.446395241922363795e-01
1.245099625475128979e-01
4.709320798709465405e-01
3.140991323419609071e-01
3.879601918109786829e-01
3.806781668494716442e-01
4.796506734012213058e-01
4.099394558538688171e-01
4.096279644532736519e-01
2.402431126930717198e-01
4.177044019762035654e-01
3.837677994346691546e-01
5.766987139103022519e-01
5.319422441001588897e-01
9.474139145004784046e-02
5.718879773463294569e-01
4.814935252902119434e-01
4.324985391039934957e-01
3.387467804357084389e-01
8.898126182720454691e-02
6.356320186544015538e-01
2.694362889774495340e-01
3.436872415415607174e-01
3.280337992830339444e-01
1.371575901005218368e-01
4.814935252902119434e-01
3.909906447594135859e-01
4.807328895434218596e-01
1.790451451088228008e-01
3.123749943681857766e-01
1.238015034074370357e-01
5.635990815951203992e-01
4.591535578034035003e-01
4.047613839840056293e-01
3.266387967575831164e-01
4.556824459244571135e-01
3.664758102904984716e-01
3.846949839411712424e-01
2.511667199318581289e-01
3.708985847480421039e-01
2.038199847380042229e-01
4.672162239617045909e-01
4.139528377439670170e-01
1.507826447638364320e-01
3.533174475652203217e-01
4.020200015353292966e-01
3.381958511180326865e-01
4.527355871778245833e-01
5.235348510437233260e-01
2.772041735743523416e-01
3.028684174563688325e-01
5.554458298461963928e-01
3.190725768919822625e-01
3.430190515912350246e-01
4.176501068739056355e-01
2.195636248926917389e-01
5.583152829508858384e-01
4.891746935495875359e-01
5.064027418987578910e-01
3.717938695878969524e-01
4.425947371368670891e-01
1.840211900181078220e-01
5.818629698254765836e-01
1.989444558024283660e-01
3.791796751599391668e-01
5.271117295058826979e-01
3.357345439300168932e-01
3.108822436748788220e-01
4.149850068965671435e-01
3.838184822223995596e-01
3.355349243129875925e-01
3.695875194248561257e-01
4.249534849654155733e-01
6.151131744969836612e-01
4.936179953375357532e-01
5.330831503239165103e-01
2.800563582687887743e-01
2.230489491517100298e-01
2.521216938161321419e-01
4.552281882728829721e-01
4.968371211991494674e-01
5.122835122678994768e-01
2.685511660979628679e-01
1.619193464447901132e-01
2.732972136062294943e-01
3.417513599238031774e-01
2.905306734633023025e-01
3.556546730886620544e-01
5.878411271725932918e-01
2.601234465223025705e-01
5.336971088868786017e-01
3.433427341637222407e-01
4.210050979211328315e-01
4.229343220038532802e-01
4.226856585176670400e-01
4.718143580293249206e-01
5.562528232488246349e-01
6.105363808787431790e-01
1.982855292551987392e-01
4.367928462722618921e-01
2.150665039415721735e-01
2.673257000741312561e-01
2.122498300850155506e-01
4.152792729178764186e-01
1.973136670675478821e-01
4.842972088877384174e-01
5.987989072356373343e-01
2.080375661328219550e-01
3.387467804357084389e-01
4.374097130633877173e-01
2.608314983233444018e-01
3.333444740922940075e-01
4.787365680220510011e-01
4.505189090629795889e-01
4.223960608365915359e-01
2.894484284259113416e-01
4.975711389667167306e-01
3.852700521762423835e-01
2.666778782188439778e-01
3.094500608347517390e-01
4.102626006432067429e-01
5.254625026252326414e-01
3.796840005890205760e-01
3.655248279961518243e-01
5.810773653080509860e-01
2.888321899492690137e-01
3.686674678728199539e-01
3.026696986832814740e-01
1.335412634669920495e-01
3.265483783017310015e-01
4.969811249542211984e-01
3.098317628709221228e-01
3.408404029770597532e-01
4.884115500536586607e-01
4.860013947324905437e-01
1.688556030340312430e-01
4.084947636829357465e-01
5.561276015754407220e-01
3.743652442731065233e-01
3.257848343267772950e-01
5.164103048703051480e-01
5.987989072356373343e-01
4.592153286527507761e-01
6.006801040817836279e-01
2.396709413567550129e-01
2.312691515766623629e-01
1.940678821705954515e-01
4.015578586149415319e-01
4.403299389674441011e-01
3.083729601806606269e-01
3.469227770649967457e-01
3.885650523386435240e-01
4.534059931190169146e-01
7.387980023474081948e-02
5.506412689535806759e-01
5.051191701414298185e-01
3.148829703030652238e-01
4.190054495031551030e-01
5.959620465545897305e-01
3.144256724201191511e-01
3.530233184322774664e-01
4.582913637772564330e-01
3.781236091651185571e-01
5.562528232488246349e-01
5.528117814928464879e-01
3.869039858096056106e-01
4.107794455891684016e-01
4.015578586149415319e-01
4.353736076459513438e-01
2.656484611772273463e-01
4.025425200207588539e-01
5.350211428496716159e-01
3.758255659357191414e-01
4.102929980717678893e-01
1.518422149761091411e-01
3.768434771827314234e-01
3.731938557021884373e-01
2.567705142054269585e-01
4.462495410425794673e-01
6.263137502437569060e-01
4.399332801362586531e-01
5.254625026252326414e-01
3.785691389100762083e-01
4.756085589860189478e-01
1.618952620956501109e-01
5.805346067810890354e-01
3.832200863179965333e-01
3.631521499449089085e-01
4.191716130629537518e-01
3.668851422611955071e-01
1.383728264993485391e-01
4.869016168041538917e-01
3.638965384873683595e-01
2.281085571848767424e-01
6.143658662930118197e-01
2.021735797117650002e-01
3.307828093344189480e-01
6.468868585294914597e-01
2.220721178228137471e-01
4.598315007120307718e-01
4.909998093004218078e-01
4.291458918932598565e-01
2.013475663098553969e-01
3.083729601806606269e-01
3.741086687017067813e-01
4.324017655771484892e-01
5.350211428496716159e-01
4.347055792176616196e-01
4.343300715619643482e-01
4.316644033471930264e-01
8.773582829129890348e-02
5.662745797873881548e-01
2.867815487958702558e-01
2.979768325652050742e-01
2.921382263074595032e-01
5.027800545815004352e-01
4.094773911999501914e-01
2.911350956779519272e-01
4.186581615349008745e-01
2.456524212350182645e-01
4.830222371913999169e-01
3.199543340014762705e-01
1.768358568869720093e-01
3.009411355877822936e-01
4.395494678157277346e-01
4.567906065176995933e-01
5.923191657607110860e-01
3.354676548544082704e-01
5.285063567056759171e-01
5.834742512925399360e-01
2.578190794037705236e-01
5.304443492314311337e-01
3.669553087224688426e-01
2.930919555158129075e-01
5.662745797873881548e-01
1.815213205353705395e-01
3.640149589812791686e-01
5.319422441001588897e-01
5.068153697920807499e-01
3.103415970953098957e-01
5.471484267480621888e-01
3.698113363732989378e-01
8.786771352821289016e-02
4.850815207091786485e-01
5.386202903570082023e-01
3.427621207545077930e-01
2.591062888369123907e-01
3.692376411794729973e-01
2.909188779567249417e-01
5.641750209474266642e-01
6.718408404921831500e-02
1.797027998519133696e-01
3.925337230790629794e-01
5.549903372890178099e-01
3.878744870129972044e-01
4.776774367464307058e-01
1.773056625416309928e-01
4.395894842245310352e-01
7.975955480281582410e-02
5.132951112670069982e-01
5.635990815951203992e-01
6.356130149736269885e-01
3.232873533745332373e-01
5.350211428496716159e-01
1.309823699449746970e-01
3.906340803956215857e-01
6.109705167719746699e-01
3.447921133840052277e-01
5.068153697920807499e-01
2.468123288528805970e-01
5.541421829993765646e-01
2.498002743776384094e-01
3.034768052760623003e-01
3.168424926560312604e-01
2.622731415319846660e-01
3.884131232980374548e-01
5.254625026252326414e-01
4.434281689112032354e-01
2.161569485609279029e-01
3.019513190343750542e-01
5.582652799277083577e-01
3.512301283329739565e-01
5.164103048703051480e-01
5.164103048703051480e-01
5.987989072356373343e-01
5.327254008415568398e-01
1.866808127977583054e-01
5.068153697920807499e-01
5.283996020732519838e-01
2.531738631178199750e-01
2.191244904433266583e-01
5.350211428496716159e-01
5.397411907150037047e-01
3.101815444525385379e-01
6.113505251134372376e-01
5.605247189747540881e-01
4.170227878192929172e-01
1.103093957233770989e-01
2.864685455947518222e-01
4.214834748455304481e-01
2.895276758763983271e-01
5.352366583034365993e-02
2.949453991551451715e-01
4.041056111701191167e-01
2.478622818518832205e-01
2.193368866197039913e-01
3.518919156080000943e-01
5.623336337743504165e-01
3.802335368051210085e-01
4.482561603732895805e-01
1.016298219257132790e-01
2.958363907725447550e-01
2.581571155062169498e-01
3.083729601806606269e-01
3.935673692124423972e-01
3.596442193569252543e-01
2.119481414297588184e-01
4.258818248637785131e-01
3.994580284927961578e-01
3.707715776013416620e-01
1.672603009191191703e-01
1.892504024254095252e-01
5.987989072356373343e-01
4.095074930244763656e-01
3.530684678949714272e-01
4.527697246626405936e-01
2.310223218956759250e-01
4.295456589322724783e-01
2.029979781011939932e-01
2.613819336164146523e-01
3.762535117099983228e-01
3.851237050004351903e-01
3.406924010838699446e-01
3.281752042379350587e-01
2.332799923076097071e-01
2.119018633916038008e-01
5.350211428496716159e-01
5.916559685459050755e-01
4.397525976787020618e-01
4.131085373243704173e-01
5.692124666813177525e-01
2.880928075505291286e-01
2.508645302880471162e-01
4.554688077745870367e-01
6.012786337563670314e-01
2.903771729608804475e-01
3.287263775016973089e-01
5.792236556874510445e-01
4.807328895434218596e-01
2.475091716066878111e-01
2.240832978124003283e-01
1.602861067117564431e-01
5.367173425003225473e-01
4.811200898770057188e-01
4.765066203626477925e-01
3.424923640910934042e-01
3.783145430749821903e-01
5.633357730285819542e-01
4.735725300680796446e-01
5.546705118087008612e-01
3.285994398905451863e-01
5.306303064124633373e-01
4.713153646983419542e-01
1.773710075597367819e-01
5.412590914494935790e-01
4.370400664540778912e-01
4.051605640764692762e-01
2.139461426140004396e-01
5.426979328640531008e-01
4.447012612768260209e-01
6.243987182728991669e-01
4.301629849282598839e-01
6.941287403009090140e-02
4.198578449415450997e-01
3.908603601913244741e-01
4.469675909952837700e-01
2.970056805963905977e-01
4.854982866432323574e-01
4.037863701418022977e-01
5.884977002169526905e-01
5.862222910683742017e-01
1.798369393294425578e-01
4.123829425048265995e-01
2.774996774115729981e-01
2.396709413567550129e-01
5.992992377487261768e-01
3.952062970364787486e-01
3.642738404512424477e-01
5.367173425003225473e-01
4.455833706374009995e-01
3.546189577270381088e-01
4.669399460279823333e-01
5.300595068701174917e-01
4.023157813320129561e-01
4.348631377273731169e-01
4.402005499423806145e-01
4.454550781744221477e-01
3.520455254548118251e-01
4.116531882330078385e-01
2.454551297596128945e-01
2.874011570961469975e-01
1.788985840254544435e-01
5.110858588003559522e-01
2.405361971297575452e-01
1.011261703366313769e-01
3.020213943406769297e-01
3.315679839579315780e-01
5.499461860000249835e-01
5.702189724353760036e-01
2.683637787089416804e-01
3.673377839648332976e-01
2.883977625056444172e-01
3.301376088341811954e-01
3.105674182058488775e-01
5.773311148805548854e-01
2.631971993294224821e-01
3.656583895698715114e-01
5.829143806803842587e-01
2.278111628954101742e-01
1.742002019402438262e-01
3.606929409842676293e-01
3.381298885951549149e-01
5.975560870514371459e-01
1.453957260448057454e-01
5.957204315200282929e-01
9.625425153289282609e-02
3.717104692333256244e-01
3.790514058754764215e-01
3.671566626745638162e-01
4.601999164693780231e-01
3.011159836074722151e-01
3.455951939828729169e-01
5.164103048703051480e-01
3.847183661787585418e-01
3.827704418147636067e-01
3.559594926105644208e-01
4.477994357168739725e-01
2.334143015183980374e-01
3.387230663191888591e-01
3.408273793534392082e-01
4.708289769461735386e-01
1.359922555917059683e-01
3.951660322121890445e-01
5.431970839752487956e-01
4.261005801647905766e-01
3.992659369044018747e-01
2.281791183045609461e-01
2.088306867258361565e-01
2.842148839227685575e-01
3.206787130402898867e-01
4.009231976873993131e-01
4.183975285798486876e-01
4.425947371368670891e-01
2.812335678693736463e-01
5.064681905445791443e-01
5.223503297126739220e-01
3.925569702991954513e-01
3.152630143997274814e-01
4.763538369390715732e-01
4.230258737124454882e-01
2.821591134573023241e-01
5.367173425003225473e-01
3.650532676342784777e-01
3.675562517171242910e-02
2.836375112442872659e-01
3.854881144084412181e-01
1.305653640145367778e-01
1.809414613114153914e-01
2.196289268798304051e-01
4.868035150340028205e-01
5.773311148805548854e-01
3.528428894832444929e-01
8.014937430871904578e-02
3.525107071514180790e-01
3.360835988703504973e-01
5.104380571093382057e-01
4.357532080247425998e-01
4.520159425847883883e-01
1.967351213274849409e-01
4.489078373458960103e-01
2.639402896671012577e-01
5.268992847897429055e-01
6.126696666423609994e-01
3.468322187065317475e-01
3.706371700637540734e-01
4.561621366445655079e-01
2.835569763987311198e-01
3.964639312027741225e-01
3.931753987818208396e-01
6.041621097593576906e-01
2.386066522896349296e-01
1.489147160070948550e-01
5.446705927583690432e-01
4.145118752807570028e-01
1.690985835222519607e-01
4.671981723670622921e-01
5.122835122678994768e-01
1.717450753087431670e-01
1.931904330429705940e-01
4.273893838225062414e-01
3.534389162938471607e-01
5.291621920911618870e-01
4.421926204407470307e-01
5.301196487790865719e-01
5.321405488820819540e-01
1.385813205777373380e-01
3.969810649967009941e-01
3.947113518385297892e-01
3.062702049921470770e-01
3.440094111701898494e-01
2.649201086339652012e-01
5.593999225472630066e-01
4.177142180258023307e-01
2.757448329970019207e-01
6.193846603373605320e-02
5.369490800570205780e-01
2.490112208346533240e-01
2.838209688874038794e-01
4.033432532491888489e-01
4.593590996872057297e-01
3.494593254580978803e-01
5.685534650897444697e-01
2.565184795443922749e-01
2.989245141557073659e-01
2.718573968230820759e-01
5.553846859601186958e-01
4.639023169901747568e-01
3.894486273505886054e-01
6.287396492861524466e-01
1.354333041168501728e-01
5.547877901110715992e-01
1.645991953380754602e-01
5.522392351426907986e-01
6.142743343329311045e-01
1.967112906947476314e-01
3.553960682017989203e-01
5.421456890230897940e-01
4.026169048680229290e-01
4.811137142259850896e-01
5.427560180175218241e-01
3.117031042743862446e-01
4.158622512633098345e-01
4.470499275287237451e-01
1.979649493817433881e-01
3.689558118352353477e-01
5.291862030589908894e-01
4.725035854452884765e-01
3.969556697621571262e-01
3.944822520593276316e-01
4.354615313451064007e-01
5.599614795783592891e-01
5.896276699229341389e-01
3.631696595988204712e-01
3.922061770740938313e-01
6.021643458690724149e-01
3.153082024239886039e-01
3.996198660891863153e-01
6.251169619688949908e-01
4.061522274729396642e-01
3.387467804357084389e-01
4.229874078736116649e-01
3.175486303066133997e-01
3.087882451842327014e-01
2.346529817909557281e-01
1.936650997417595499e-01
2.316251026972032945e-01
5.064972871698713019e-01
4.267573265802928062e-01
5.189522757888994642e-01
5.350211428496716159e-01
3.083729601806606269e-01
5.330831503239165103e-01
5.170314427447655348e-01
3.654715851776970115e-01
3.865746733522547607e-01
5.268216619141735668e-01
2.847047428396172197e-01
2.612809370262998421e-01
5.489970145402411905e-01
3.086622925041055954e-01
6.109705167719746699e-01
4.673702458248294445e-01
4.145497992827996692e-01
5.268992847897429055e-01
4.415738516600870023e-01
3.963715428848720856e-01
2.311142821905766420e-01
2.739464366703757148e-01
5.132951112670069982e-01
3.312954686353430378e-01
2.892855494593291610e-01
4.767387596456451049e-01
4.380404121277092777e-01
3.154560546442493063e-01
1.132080671665530308e-01
2.570166633942837509e-01
5.115524828658766232e-01
2.168652532468560989e-01
2.928479778317021887e-01
3.577195943907089393e-01
3.290291850660384543e-01
3.763348721472737357e-01
4.143467812587640076e-01
6.195765329771262264e-01
1.159427745144110122e-01
4.157778601570996657e-01
3.789044856810178108e-01
4.139528377439670170e-01
5.114233999427409971e-01
1.947830750333868766e-01
3.958009951880172572e-01
1.330054592224369781e-01
3.335732994711261279e-01
4.688669010067341714e-01
5.215419433124098836e-01
2.348014060944120518e-01
2.096825942720531855e-01
3.469227770649967457e-01
5.243067653732963462e-01
4.418836811714717538e-01
3.738781388184552190e-01
3.598611805576395484e-01
5.276262385147553191e-01
4.774091716153304188e-01
5.691551737549778167e-01
3.236455049989502286e-01
2.951049501857250235e-01
5.431970839752487956e-01
4.715241366071054041e-01
3.005779006965114131e-01
4.023828766918727262e-01
2.152402442776473745e-01
4.027052685432257473e-01
2.876174396756432383e-01
4.252280289798303081e-01
3.845674961780652379e-01
3.328984096823729977e-01
5.187632537428257251e-01
3.354676548544082704e-01
3.614068384486457397e-01
5.296266683501503758e-01
5.276886758243951592e-01
4.098420234543172502e-01
1.416898199553429660e-01
1.659613485013561318e-01
2.886425188008049925e-01
1.698026564139895334e-01
5.727543212623142921e-01
5.397935074322098847e-01
3.704656066372807310e-01
2.674696401142686586e-01
2.666908568366463395e-01
4.552281882728829721e-01
2.914553199742611622e-01
4.201892596799123303e-01
5.210470166156979666e-01
2.929655875972471124e-01
5.400538165116738343e-01
5.613941817003986756e-01
5.708513734056286371e-01
1.984490567005340322e-01
5.635990815951203992e-01
1.845103720807105274e-01
4.312870932760352605e-01
6.341341237856737978e-01
1.701681168585641724e-01
2.405177014014861225e-01
2.059993423237414245e-01
5.347793499745673307e-01
3.051718069196433514e-01
4.708759602140673572e-01
4.021793899005383643e-01
1.968309205251374538e-01
3.946302108176107937e-01
4.186640808913668632e-01
2.844945152576789926e-01
4.444885265693861442e-01
4.029330568133868140e-01
2.436597564623657272e-02
3.873928412941922694e-01
4.362049625005174347e-01
5.925645574382435443e-01
1.784964543368925682e-01
3.707030649219951735e-01
3.765235340428618738e-01
4.706139604541419996e-01
6.134831359976602450e-01
4.023478228761241948e-01
8.883982610620136389e-02
2.831445055580442682e-01
3.635508041033301274e-01
2.712137055248792783e-01
4.070376070830755144e-01
4.580936703676727895e-01
6.468868585294914597e-01
2.902448914025230198e-01
3.294717469215399097e-01
5.250498747319097825e-01
3.934803809690940457e-01
5.347793499745673307e-01
4.912538851260268014e-01
4.320782365233530875e-01
4.087588189510871217e-01
4.910017024550956122e-01
2.606728113421113435e-01
2.427263002963468419e-01
5.132951112670069982e-01
5.677593719345098711e-01
1.810134614739489778e-01
4.298786325557718557e-01
2.074565058875504631e-01
6.468868585294914597e-01
3.944162851709894224e-01
3.624378949285335105e-01
4.864251764811553524e-01
4.113719584120028028e-01
3.941001620168764763e-01
1.799388032949692795e-01
4.379772459940564633e-01
3.298122454554883176e-01
9.481684261299203054e-02
1.307413695048782465e-01
1.885439412110578028e-01
1.579649199938795157e-01
1.274857817586478592e-01
4.125345506840909504e-01
1.731339629674643610e-01
5.068153697920807499e-01
7.142875769935289054e-02
4.338659156446200149e-01
3.768582661153988544e-01
1.479165019254284341e-01
5.731944484381694682e-01
2.925679352080554074e-01
3.919812409047480073e-01
6.064684233535445612e-01
5.190038026695861229e-01
2.138081354424685165e-01
3.400513086897773429e-01
5.564204136905471776e-01
3.925337230790629794e-01
1.550653625701150506e-01
5.132951112670069982e-01
5.547515646369251263e-02
3.363471027392735402e-01
2.004379304345901835e-01
4.208781897248689008e-01
5.132951112670069982e-01
2.088306867258361565e-01
3.154958090214871613e-01
5.987989072356373343e-01
5.766753346869615271e-01
4.675882861257865120e-01
4.358182645067017469e-01
5.877423721424706038e-01
3.936118906724714317e-01
4.225710697546802286e-01
2.863532241619892726e-01
2.742041436236039020e-01
3.431029502319327129e-01
2.754946438863343783e-01
3.613284169016965364e-01
3.604862256231256001e-01
3.646514606779699408e-01
3.764884633889088450e-01
4.564857323236022890e-01
6.291522771794753055e-01
3.504396063322513521e-01
2.033676343768804906e-01
4.781083545677474733e-01
3.694882391882676198e-01
5.002176760708447745e-01
5.761534941991127701e-01
5.372995770544500838e-01
3.639587299800101095e-01
3.643682458197429197e-01
2.902145780610449477e-01
4.228952427138892856e-01
4.102626006432067429e-01
3.126070834483881122e-01
3.944285246747649132e-01
2.524159404007485508e-01
4.217789221396445742e-01
2.634485604622763266e-01
4.334196456423005661e-01
3.478184662296391894e-01
2.921679894969836933e-01
2.861442065401673118e-01
3.285974100553840649e-01
5.879877638200029510e-01
6.306330680702929570e-01
4.920545941365453424e-01
2.475091716066878111e-01
5.718879773463294569e-01
3.364203928953646283e-01
3.977450589258977320e-01
3.077253694868971046e-01
5.682253489764309551e-01
3.075391031896905214e-01
4.737410309161812494e-01
5.256506539698293512e-01
2.934344645521690387e-01
3.214601455287569576e-01
6.220428234941338674e-02
4.086682194325666484e-01
2.163469587601521416e-01
3.915495168244653712e-01
3.064927156285255361e-01
5.123326241135117698e-01
4.077909884740238411e-01
2.684187577333738695e-01
3.262736848222662633e-01
1.926575368187000703e-01
2.399118800567682230e-01
3.386136786904875295e-01
3.088329679751392609e-01
4.969991238515197307e-01
4.743378340511639757e-01
1.308617109053183958e-01
4.125345506840909504e-01
6.356320186544015538e-01
2.877412091058569876e-01
2.342728453959871948e-01
2.846007094481351474e-01
2.425539244784750970e-01
3.328984096823729977e-01
4.882392413807258857e-01
2.903771729608804475e-01
5.810643258856211801e-01
3.503689010484333788e-01
1.421349489094572149e-01
5.666195522946415597e-01
1.600388012995224984e-01
3.855146818730504354e-01
3.508764465242806274e-01
3.839234526287814142e-01
5.001685600676512022e-01
3.573296202227790319e-01
4.243232960363272910e-01
5.052455400348467851e-01
5.412590914494935790e-01
6.291522771794753055e-01
5.925645574382435443e-01
5.582652799277083577e-01
5.540840369373408736e-01
4.176621152161573147e-01
4.640885672806931428e-01
2.180061545854556082e-01
5.204196574404251763e-01
3.155607036695917689e-01
5.164103048703051480e-01
2.029979781011939932e-01
1.834769210418365770e-01
6.243987182728991669e-01
2.323325493622776516e-01
4.742728798457063744e-01
3.817124279930742548e-01
2.318338042389021247e-01
3.739309989315456328e-01
3.575346139294784953e-01
2.872506853917483061e-01
3.320868438757009211e-01
2.963687803955261657e-01
2.015562443612195498e-01
3.823618638214467680e-01
3.328984096823729977e-01
4.919606155437717954e-01
3.354676548544082704e-01
3.865743884539918351e-01
4.415738516600870023e-01
5.122835122678994768e-01
5.553846859601186958e-01
3.066103284083169789e-01
2.389517210448969531e-01
8.836931470210594719e-02
2.163986546465212490e-01
4.157778601570996657e-01
6.113505251134372376e-01
4.018912268968518053e-01
4.108714227222736159e-01
4.613841570597458919e-01
6.423100649112508664e-01
2.699751753410087884e-01
6.404071170545652114e-01
4.365003273705810316e-01
3.764662584744241647e-01
1.486106159546473904e-01
5.357819471863860539e-01
4.191515462886246657e-01
4.055622750965878209e-01
3.280337992830339444e-01
3.343100105199005578e-01
4.119351732786675768e-01
4.027686528459605841e-01
3.058913810416754031e-01
4.524130444062680612e-01
4.385340733605937458e-01
2.337271115998620918e-01
4.545369659454417399e-01
2.056486402536112090e-01
5.644661574533043069e-01
3.192052351791809656e-02
2.541803096263439143e-01
4.535681931525624155e-01
4.789536976048104355e-01
3.567312964524126384e-01
4.534316365611681388e-01
2.903576221423985748e-01
4.248019956929782182e-01
2.841936371229090152e-01
3.901865086545773242e-01
5.238277387228711390e-01
2.853886538523520144e-01
4.071993310735549376e-01
5.068153697920807499e-01
3.892866246982183420e-01
4.061606715206885210e-01
3.249424022203058482e-01
6.468868585294914597e-01
1.845264762642422618e-01
3.752326865181480064e-01
3.878253751673849670e-01
2.239971956535800612e-01
1.553761110109205812e-01
4.428559005993012443e-01
4.513679208537770826e-01
1.692320217197446908e-01
2.758114388016561502e-01
4.373087341429937047e-01
3.720045694710780726e-01
2.849972943783118384e-01
3.328984096823729977e-01
1.770540129765700854e-01
4.020836248989925754e-01
4.765066203626477925e-01
3.316839868182795414e-01
4.093349505915314657e-01
3.641822067343578606e-01
3.786494630701968123e-01
2.569026957739526384e-01
2.240540234505049577e-01
3.757366581370553682e-01
2.389490281794479365e-01
3.803647987166490774e-01
5.234126971456878330e-01
3.127873703120779836e-01
4.094403275054311342e-01
3.830671195450822131e-01
4.178335260593946110e-01
3.286112343252357015e-01
3.570837935582965028e-01
3.388594327012357521e-01
4.572227459403604422e-01
5.773311148805548854e-01
5.229135090320180534e-01
1.876847189201296950e-01
5.132951112670069982e-01
4.070736425037838613e-01
3.925337230790629794e-01
4.254263337617534280e-01
3.143688118822410282e-01
5.184017713760390444e-01
3.702338758366523486e-01
3.496255899431842118e-01
4.029392338359578107e-01
3.224398388327242015e-01
2.508645302880471162e-01
4.255469069473545862e-01
3.757655017735214709e-01
4.031849363966366617e-01
5.571193401201941509e-01
5.742567522601885743e-01
5.068153697920807499e-01
3.969655972349364625e-01
1.690772871432346669e-01
4.994150608092711718e-01
4.343085097213770229e-01
3.965025559651555453e-01
1.832373829270451115e-01
1.078041445633836082e-01
2.273694806801856427e-01
2.887550014370126594e-01
2.872506853917483061e-01
5.386202903570082023e-01
2.352493387135186353e-01
5.365392483450436290e-01
3.984768235961847482e-01
1.657634050132534842e-01
1.490526839934224468e-01
3.377517460722687104e-01
4.326944387250979407e-01
5.221435370205185222e-01
3.875784828108594926e-01
2.723763887440597831e-01
6.208456077679380680e-01
3.470640653997406067e-01
3.079627147893380101e-01
1.646927535993731595e-01
2.207787966411282332e-01
2.957706680381720910e-01
5.099935085535822754e-01
5.368123024901768625e-01
2.691282055462979050e-01
2.875603383098646049e-01
3.727490455306252115e-01
4.299036307412955060e-01
2.795214114214503720e-01
4.806209152754753466e-01
4.886837744494912372e-01
3.988031699310514711e-01
4.267266329240596012e-01
4.234176195297338907e-01
2.657636343922142874e-01
3.881315473583838993e-01
2.967898743717790611e-01
1.924876983727343560e-01
2.374249687157450328e-01
4.176730531890869846e-01
3.427711377169685436e-01
3.087435460915399221e-01
2.168590774715595249e-01
3.840702135878737988e-01
3.822692179413792468e-01
2.476974202386884316e-01
6.404071170545652114e-01
3.869093604189735025e-01
3.605548497256526042e-01
4.865700626828714515e-01
4.784924042861742333e-01
4.160896004928789638e-01
5.319422441001588897e-01
3.208547773604076836e-01
1.751222359310135313e-01
5.711847313455552938e-02
5.386202903570082023e-01
5.619052835713440608e-01
5.442297363427428536e-01
2.088306867258361565e-01
5.113571187412517816e-01
2.959570972086286167e-01
3.770085285895154459e-01
1.643100131033176925e-01
5.718877751839357426e-01
5.541421829993765646e-01
3.049122981745918115e-01
2.937971093787049015e-01
2.729325143108629059e-01
4.700635547838389328e-01
3.411221970857953867e-01
2.368348767485989603e-01
3.062702049921470770e-01
5.512239814216859379e-01
4.404425948708550753e-01
1.304933836005146841e-01
1.184111777583581882e-01
4.144066066718518626e-01
3.387467804357084389e-01
3.242022245801906566e-01
3.809806633227872941e-01
3.952633950761922921e-01
2.973275235430641317e-01
4.086101344869770280e-01
5.202223074470621045e-01
4.255599184100496979e-01
3.648433413730495234e-01
4.793317649794135438e-01
5.262617614713716030e-01
2.517146306375850351e-01
5.068153697920807499e-01
8.815713991693621687e-02
4.023157813320129561e-01
5.350211428496716159e-01
2.844945152576789926e-01
2.897628768023116086e-01
4.040244330427865127e-01
1.982846203039732025e-01
3.091940941411426835e-01
2.444938847874895405e-01
6.200725268210346419e-01
4.856270700126307238e-01
4.717673973163100110e-01
5.468967734411780413e-01
4.153606673433794527e-01
4.334947617041868817e-01
3.851368990848916818e-01
1.513288140666093351e-01
3.768795918053647886e-01
5.051191701414298185e-01
4.499460783342586478e-01
4.580331167542091575e-01
2.799541735458598857e-01
1.141248279929401033e-01
2.150597795734146833e-01
3.106718347184536100e-01
3.312581621380724095e-01
1.334351397475400380e-01
3.416320028307507917e-01
5.272173674119524645e-01
4.173259333949989047e-01
3.171512449380847198e-01
3.310773755331026247e-01
4.164155885481716779e-01
4.702238203987156306e-01
4.887095825318644726e-01
3.269859876463125370e-01
3.575915317380399250e-01
4.368289928043322390e-01
2.732241721774434362e-01
3.838020746393678295e-01
1.744539705205860880e-01
4.060399385800235184e-01
4.188008202084620990e-01
1.935429821186214761e-01
3.869546517591315182e-01
4.248607580125114969e-01
5.671496043175013879e-01
3.623063299293240447e-01
3.337482819885731478e-01
2.239135813914475970e-01
4.263088698980553870e-01
1.245525322309709304e-01
5.296266683501503758e-01
3.280337992830339444e-01
3.903045633852676444e-01
4.235866617988685578e-01
3.062702049921470770e-01
4.324576327648994023e-01
4.281309605926896800e-01
3.904502371368335223e-01
1.964302998307314030e-01
4.429862727884175677e-01
2.573552371759399993e-01
3.475233257650297003e-01
4.015578586149415319e-01
3.053031632082683910e-01
3.184908442618648028e-01
3.457361772550842649e-01
2.994985236626843683e-01
3.577399369166219811e-01
4.156084424583679215e-01
4.882896227438074388e-01
1.569145843934519335e-01
3.061441404730812499e-01
4.172651604691183236e-01
2.964559745430914717e-01
4.505035199834423465e-01
4.755694458117668555e-01
2.919904382178913349e-01
3.669243457589027591e-01
3.746566207753682654e-01
3.083729601806606269e-01
4.226067323442798673e-01
3.993129229786631096e-01
2.173165451917042634e-01
2.978437030681285735e-01
5.539576824269749622e-01
1.514119123728945859e-01
5.122835122678994768e-01
4.412751553200769949e-01
3.454619445395741284e-01
3.520079225219899244e-01
3.819344009502428916e-01
1.204450077315144391e-01
1.653695054648793850e-01
4.669473429888648663e-01
3.220408282656406218e-01
1.709094566466099474e-01
5.614428064853541622e-01
1.610568219948642077e-01
5.300042515744036731e-01
3.861340247117571733e-01
2.697430189079883522e-01
2.881494032504744451e-01
5.250498747319097825e-01
5.582155209545568431e-01
7.742801383643264923e-02
4.165705480498334556e-01
4.202252020747376804e-01
3.180882547448041220e-01
3.599740111834073275e-01
4.233252355772922915e-01
1.582336073273672983e-01
6.243987182728991669e-01
4.819747628384665750e-01
4.358649837681790040e-01
1.904722818077385360e-01
4.647660188671428050e-01
5.367173425003225473e-01
5.132951112670069982e-01
6.184149706418813341e-01
3.672267401635959105e-01
3.040850735652915748e-01
5.791039819945777989e-01
5.051191701414298185e-01
4.150209070919416710e-01
1.944685150259269912e-01
2.432496674480721932e-01
4.260765320905479658e-01
5.156282577873730899e-01
1.301006505655315781e-01
4.613146515499698119e-01
3.310757239339060520e-01
3.556513992012175218e-01
2.743830041250675533e-01
4.290624606686468945e-01
3.483047870447476546e-01
1.561497230888432564e-01
2.522742138569289971e-01
4.023157813320129561e-01
9.216752855633186803e-02
4.015578586149415319e-01
5.350776483301014075e-01
2.887774291978584262e-01
5.367122920783614637e-01
1.974852179173376410e-01
4.473536149412208895e-01
3.905811234108854113e-01
3.636281381309341976e-01
3.667014580298946225e-01
4.580331167542091575e-01
7.504457055976568314e-02
4.142819258998033383e-01
2.754463941152178186e-01
2.954979621944175960e-01
1.167540541755457406e-01
5.350211428496716159e-01
2.618226805837114979e-01
1.749155796075268499e-01
3.799697995919439353e-01
2.717975706824174997e-01
3.467598333440848890e-01
4.649802224480782953e-01
2.895854532649066448e-01
4.770301486206509622e-01
3.977877716301546629e-01
4.622116142857233823e-01
4.623583258735370904e-01
4.612487455701985706e-01
2.304423688143215077e-01
2.096499606883558131e-01
4.108575433644689467e-01
2.175198296127657804e-01
1.386710009589579295e-01
2.588361376190265739e-01
1.787738737345781759e-01
2.397376714730919678e-01
5.579020276785352506e-01
3.191779861310770072e-01
3.083729601806606269e-01
3.921040717609689530e-01
2.861046197134584079e-01
4.094773911999501914e-01
1.397626947236342843e-01
5.370352987320585747e-01
5.068153697920807499e-01
3.242824737999072116e-01
1.808341753400932450e-01
5.313503638533288997e-01
5.319422441001588897e-01
2.088306867258361565e-01
2.697474970388747950e-01
1.618241263982215239e-01
6.404071170545652114e-01
6.241533265953668197e-01
5.144113952545357193e-01
4.309809782517800558e-01
3.031380555247748521e-01
5.500286659700219793e-01
2.616839692218361213e-01
3.080068009505983473e-01
3.734703179207046753e-01
1.982855292551987392e-01
2.979768325652050742e-01
3.919944233479766837e-01
2.041873153666156071e-01
1.936650997417595499e-01
5.159249105722035766e-01
2.039845947135869864e-01
4.609494294387468383e-01
2.902243077368909518e-01
4.711183216384230987e-01
5.202223074470621045e-01
4.487237284176588403e-01
6.408619065647351842e-01
4.312723710725487325e-01
5.350211428496716159e-01
4.267573265802928062e-01
4.740450623685362186e-01
8.380903520491955749e-02
4.823765477595938767e-01
6.127027731509384623e-01
5.779901568006673429e-01
3.478184662296391894e-01
5.368123024901768625e-01
3.647657333608335661e-01
6.134831359976602450e-01
8.139418784530388917e-02
5.737892602995582347e-01
3.210911428248607868e-01
5.587589794103413610e-01
1.726503937436416614e-01
2.924263568820114068e-01
4.805424927930703194e-01
2.380347444400371104e-01
2.911137063769911326e-01
2.714080562390467910e-01
4.006918630003353798e-01
3.741086687017067813e-01
5.431970839752487956e-01
4.193346615549159995e-01
2.460594305728867059e-01
3.970315404250608915e-01
2.904559794998639033e-01
5.357819471863860539e-01
2.207693994678518179e-01
2.435456919184190716e-01
5.099935085535822754e-01
4.233252355772922915e-01
3.726799355107763834e-01
1.579577949388181468e-01
7.996558073302828529e-02
2.124201186931033991e-01
5.840151087654235074e-01
2.087825075296632082e-01
2.963371338216443940e-01
2.561507307670352618e-01
5.993670560080455179e-01
3.607633176112788331e-01
2.566958165001653192e-01
4.979997737561673854e-01
5.002540750720433360e-01
4.919764746378821885e-01
5.185261077964111731e-01
2.821591134573023241e-01
4.207297011867804915e-01
2.129510133537660943e-01
4.684960076946827895e-02
3.203243639397878040e-01
4.356264232047055707e-01
4.811845576454438222e-01
3.365054525406580566e-01
2.929969285888985864e-01
3.297421287812518642e-01
5.688808462466125038e-01
5.404170319662517930e-01
1.819840746202187609e-01
4.178735186660446077e-01
5.235348510437233260e-01
3.506858122720937221e-01
5.329132403675512775e-01
4.810585881271121633e-01
2.196875065776022762e-01
4.837128291255669010e-01
2.919785258118296478e-01
3.140004013218705148e-01
4.873433994249683487e-01
2.328634135686568629e-01
3.673583436204330144e-01
2.508645302880471162e-01
1.011407132444216428e-01
3.309217765954272084e-01
1.923023150418697869e-01
4.661543317402405129e-01
5.555612183199584164e-01
4.219598562348131909e-01
2.352493387135186353e-01
5.367173425003225473e-01
5.177594084250818351e-01
2.150597795734146833e-01
4.404890869205108084e-01
2.504779478749933341e-01
2.789147966023292624e-01
5.437793185293763321e-01
2.753483979476333832e-01
1.847923658572911132e-01
3.328984096823729977e-01
1.489251223293076853e-01
1.574391222161496684e-01
1.946284917928384761e-01
3.348579165483484554e-01
3.278742529297331010e-01
3.218178917889910617e-01
4.610591690067105120e-01
3.190264603758631856e-01
3.765283040359599931e-01
5.132951112670069982e-01
4.184980543238741024e-01
3.817537936409694521e-01
5.649933292077351510e-01
2.559874536080980478e-01
4.265186617654667667e-01
5.392881956169500723e-01
1.647261083155580064e-01
5.431970839752487956e-01
3.944785692737560190e-01
4.585687740282630154e-01
4.035085636732917980e-01
2.751544398130860714e-01
5.000442201133348252e-01
3.800181761692920657e-01
5.472698211599221763e-01
5.374222163501097826e-01
4.330554122039257936e-01
5.404170319662517930e-01
6.333164429043930399e-01
4.306382501108860783e-01
4.335089534002914968e-01
1.596294573757790214e-01
4.783142156498589315e-01
1.811023558644128395e-01
5.167941818412262744e-01
1.628284311287060970e-01
4.566005273026246813e-01
2.995682480691191918e-01
5.204160278718950039e-01
4.889126749766065094e-01
5.188113783707433146e-01
3.927281358451323312e-01
5.669230138465310986e-01
4.590363356283811980e-01
3.954638146118758524e-01
6.243987182728991669e-01
6.082996848411501567e-01
3.062702049921470770e-01
4.843204192093363281e-01
2.258731703696549853e-01
5.238277387228711390e-01
3.357918673106403129e-01
5.051191701414298185e-01
2.144405537706233211e-01
4.015578586149415319e-01
3.477561499056170402e-01
4.548854235452729489e-01
2.060875142305038654e-01
3.783339321635491026e-01
5.664412210532854264e-01
6.181378091181797263e-01
3.970416524944527237e-01
5.605459872900971918e-01
3.648510632489156413e-01
2.225281170852209667e-01
3.228384723071781592e-01
4.149690938578385890e-01
9.952230557896203644e-02
2.787581207471411804e-01
3.748608968835244748e-01
5.410859252754046667e-01
2.201789713602525234e-01
2.022077208344646992e-01
3.083729601806606269e-01
3.825202460519658842e-01
5.685227727847251833e-01
3.585419264622003999e-01
4.251756291109968777e-01
1.106236126264349695e-01
4.787549761292951844e-01
5.068153697920807499e-01
5.202252620322579402e-01
5.367173425003225473e-01
3.254970316814554399e-01
1.773710075597367819e-01
4.554053867811966305e-01
2.760791740490117219e-01
4.407197894473284805e-01
3.205946997542861165e-01
5.949681918009223081e-01
2.615287859383574887e-01
3.077491409780395148e-01
2.412748615141959985e-01
5.341729484393702432e-01
3.751264391106504115e-01
2.144236535142000633e-01
2.232325611450347302e-01
4.591904056155102776e-01
2.869329616727500087e-01
4.153187674462790469e-01
5.350211428496716159e-01
5.626886548439403724e-01
5.141780792720730409e-01
1.837144202787274472e-01
3.720045694710780726e-01
2.986891580480697250e-01
1.578538937584234025e-01
5.051191701414298185e-01
5.973422951749961518e-01
6.088631715096964880e-01
1.395659224262016662e-01
4.359064659322918756e-01
9.444562371035011838e-02
3.301746640056584803e-01
2.004414261290004551e-01
5.794383151471830251e-01
7.312536655994944512e-02
5.238277387228711390e-01
3.977389877137724183e-01
4.219196059620582417e-01
4.473420095725428869e-01
4.647191473342481283e-01
5.122835122678994768e-01
5.791039819945777989e-01
3.707991383121386209e-01
4.303103082002316393e-01
3.582778115327564517e-01
1.830768740936586647e-01
3.818352412835139820e-01
3.594693209265613087e-01
4.432898080334368163e-01
2.478506642183401776e-01
3.560135741171198132e-01
3.269040701970739593e-01
5.948822503326217648e-01
2.586358542441326569e-01
2.484806841417460388e-01
4.097620491546684063e-01
5.829143806803842587e-01
4.250551717140366725e-01
1.860391844914279502e-01
5.114233999427409971e-01
5.687558936726823111e-01
6.241283045037502308e-01
9.287949025082725685e-02
5.590222879768799169e-01
4.403566908207867669e-01
4.039762224568742566e-01
2.423615339599808072e-01
5.132951112670069982e-01
4.901310194793209174e-01
5.630903813510494960e-01
3.972406478506402827e-01
2.215692480669071984e-01
4.705254621772425039e-01
3.650617764363570661e-01
2.846516130034359437e-01
3.040551285855223052e-01
6.151131744969836612e-01
3.752874202452797792e-01
3.660338099163601422e-01
1.045961903307722346e-01
2.461235521187367936e-01
2.622283525315948771e-01
3.728709738798717810e-01
3.619340613413274399e-01
4.102626006432067429e-01
9.253206237996017269e-02
5.132951112670069982e-01
3.844017131409008248e-01
3.783339321635491026e-01
5.923191657607110860e-01
3.804801992473970662e-01
3.737136904688480032e-01
2.590641860498414384e-01
5.288250921720989428e-01
3.134292259341693865e-01
2.322269478350448557e-01
1.701714372069804693e-01
2.534839648468444340e-01
2.217269464792315792e-01
3.802057341230887233e-01
5.052188999165032612e-01
5.367512145235685539e-01
3.059732013074495938e-01
5.702931288235441043e-01
2.682633097159018987e-01
2.226493364629055227e-01
3.745192472192361288e-01
4.342765212903677008e-01
5.051191701414298185e-01
4.438129387227221501e-01
3.123614317141414354e-01
1.684832491116771414e-01
3.751264391106504115e-01
4.316739181800220426e-01
6.134831359976602450e-01
1.999096214777168756e-01
4.540528638236278058e-01
4.584523719361646155e-01
4.156852561646643962e-01
4.086930755327471965e-01
4.362587099454102169e-01
6.062230316760122140e-01
6.356320186544015538e-01
6.260562744520524747e-01
2.504690156232528553e-01
4.128658081619431264e-01
5.158742789227238612e-01
2.865290305041834351e-01
3.927466443579664679e-01
5.624788212967758438e-01
2.460566255566803973e-01
3.938353941392794266e-01
6.064684233535445612e-01
4.146959921083987477e-01
1.548222840669136735e-01
5.174480296949415248e-01
2.841546312142561037e-01
2.893545740408809963e-01
1.958775876382275460e-01
6.193782281952030511e-01
2.536292822936875302e-01
1.902424980024626233e-01
5.726121508966842688e-01
4.743378340511639757e-01
3.685401278077918841e-01
3.083729601806606269e-01
5.761534941991127701e-01
1.815433788951122118e-01
3.661984005591895630e-01
6.243987182728991669e-01
4.013826609426589531e-01
4.783580973620556454e-01
4.091326545314995511e-01
3.048663814302572383e-01
3.582596205551989432e-01
2.341038203808152030e-01
2.338396551446367544e-01
4.025212854857643241e-01
5.051191701414298185e-01
4.784924042861742333e-01
3.055405537244066383e-01
6.408619065647351842e-01
5.525425465019536686e-01
4.298872402043474317e-01
2.921530776038473998e-01
5.431970839752487956e-01
5.593999225472630066e-01
1.288958943899264353e-01
4.241619351066404087e-01
2.623704376668070104e-01
2.910131835432727132e-01
2.667848419776104874e-01
2.908182622010630491e-01
2.116130975386195656e-01
4.417785800091559856e-01
3.723725466035914811e-01
4.197496106259139825e-01
1.764976159197039207e-01
6.201000794245478120e-01
4.494005393208204135e-01
2.240832978124003283e-01
2.872506853917483061e-01
1.287457925023900163e-01
5.485820654692431519e-01
3.486714541233734699e-01
4.283787963044265457e-01
2.352493387135186353e-01
2.872802184591440322e-01
3.530093746319616366e-01
2.777315853251674516e-01
5.001685600676512022e-01
1.548637793274078855e-01
3.895068748576095419e-01
4.852882888716039678e-01
6.468868585294914597e-01
5.478991004102080620e-01
3.512467616726736575e-01
2.745786486785553593e-01
4.007810140175088742e-01
8.848700585230606652e-02
4.907266788636706067e-01
4.335199400169231221e-01
4.876077850129590385e-01
3.629347298511516606e-01
4.495562714050390096e-01
2.508645302880471162e-01
5.766804617123592047e-01
5.223540203976501095e-01
3.909972710086508929e-01
5.140288237641627012e-01
4.537537467363838006e-01
3.734864503757897025e-01
4.071033317922992945e-01
1.544093235670817854e-01
3.812913390059189389e-01
4.008213596028166181e-01
1.955494162290818405e-01
2.948824719784812198e-01
5.313636115705849816e-01
4.478468787093270453e-01
4.198480315943742269e-01
1.905904647998139245e-01
3.433807613777222767e-01
1.959668140115632673e-01
4.020792973764910072e-01
4.118761054808436906e-01
3.598609900364735381e-01
2.566958165001653192e-01
5.442880957926419239e-01
6.368970416223260211e-02
2.564583172632744490e-01
4.276470316341395295e-01
4.631193271756685603e-01
4.274533355311576632e-01
3.170091730031934230e-01
3.697613070534193080e-01
5.247430096799766686e-01
6.306330680702929570e-01
4.039618285983758716e-01
3.667535926450370964e-01
1.835377143398657929e-01
3.622932796971827241e-01
3.955697035319203914e-01
5.505430354920399783e-01
2.388265193279035525e-01
1.676872789123965424e-01
1.453807981449812270e-01
4.792137298932951373e-01
4.001834213578252530e-01
2.544810184436128164e-01
4.241197597697747290e-01
2.748607132379586870e-01
6.468868585294914597e-01
3.799655632244137715e-01
1.525049300154165399e-01
5.132951112670069982e-01
2.240832978124003283e-01
5.367173425003225473e-01
6.062230316760122140e-01
3.331721968091005404e-01
5.068153697920807499e-01
5.284985396211966391e-01
2.929834257000863973e-01
3.839336673904329422e-01
1.973802139384862597e-01
4.624600715558740416e-01
3.381062310217418654e-01
4.289256727078497589e-01
2.784474287455026564e-01
6.134831359976602450e-01
4.276787896312018167e-01
2.212660720369177270e-01
1.784429114450028220e-01
2.792055596534608886e-01
2.420976663026884468e-01
2.785776749599037094e-01
4.620480297775839129e-01
3.055258527245849898e-01
2.822601196098542542e-01
4.258479655211557247e-01
2.278111628954101742e-01
3.126643001870495486e-01
3.663950649673857751e-01
4.589657661935342414e-01
5.297414242479079327e-01
3.968540896554980102e-01
1.031867047667027887e-01
7.609606768448665126e-02
5.091625342216504757e-01
4.189159850043467914e-01
5.236276863016219307e-01
3.398617106108057229e-01
5.132365813562719259e-01
1.860907696821932633e-01
2.576170100358624593e-01
2.390983500007810569e-01
3.127842062367511972e-02
4.254233951832458449e-01
1.700215329084983351e-01
3.966277642303396300e-01
3.083729601806606269e-01
5.324311074841501235e-01
4.003821695458008034e-01
1.365795883799802712e-01
3.402183384816530598e-01
5.168721614372766560e-01
2.321609749182136639e-01
3.253817311405391988e-01
5.539576824269749622e-01
5.403482362595539712e-01
5.321405488820819540e-01
2.054306224035934714e-01
5.766987139103022519e-01
4.459803576056955432e-01
4.621531566129645219e-01
5.296266683501503758e-01
3.100865811366191327e-01
4.361149956619408963e-01
4.058226385364281374e-01
4.632798531590781588e-01
4.189492666510391539e-01
5.187632537428257251e-01
6.242923073685144875e-01
5.474641367425271410e-01
3.074844976200042934e-01
1.745353281514940846e-01
2.134001512557099078e-01
2.093296448213170236e-01
3.905957305533077628e-01
1.850182305184949194e-01
4.476942721908377942e-01
2.366551878490486815e-01
3.979818265324082116e-01
4.039952495240439201e-01
2.852231514519296129e-01
6.064684233535445612e-01
5.544521265324301451e-01
3.518014655545296243e-01
5.782605888631742186e-01
4.646803486810262007e-01
4.131015694258846072e-01
4.086824047883596545e-01
4.022776646260741162e-01
4.013744564755361011e-01
5.520809331534920483e-01
1.790238374003962907e-01
2.386631673325017855e-01
4.080241819117758073e-01
3.054906687765398532e-01
2.445400758282545439e-01
2.855037369517628987e-01
5.114233999427409971e-01
4.543723184476871624e-01
2.160404107237979821e-01
5.449732217545906199e-01
4.121334780605906967e-01
2.996301247289121505e-01
4.925706433214340207e-01
2.799594848560515437e-01
4.225257418278062227e-01
2.661563044398397304e-01
5.843650765027454952e-01
4.142818169711716125e-01
4.117212853620970670e-01
2.285682945286877377e-01
4.433328431581284867e-01
4.015578586149415319e-01
2.785708899949978501e-01
4.296461215850007065e-01
2.561181453073421710e-01
3.077148491430153898e-01
3.113078866687804536e-01
3.418266071573815013e-01
5.068153697920807499e-01
5.367512145235685539e-01
3.137282063409260191e-01
3.660338099163601422e-01
4.248019956929782182e-01
2.292601614891193462e-01
5.504589249186322419e-01
5.587189766176170469e-01
3.443030146809089032e-01
2.347819591115246907e-01
3.885425028646032897e-01
6.018916297353040790e-01
3.003648422174228783e-01
3.780231309214602264e-01
4.920545941365453424e-01
4.006227781338537741e-01
3.694882391882676198e-01
5.773311148805548854e-01
1.419135249609075888e-01
5.367173425003225473e-01
4.268576424703989236e-01
1.991352051156794756e-01
5.003384171187934548e-01
2.519012446125331040e-01
5.068153697920807499e-01
4.093713143572280111e-01
3.723151767619963248e-01
4.738105480671851444e-01
2.800439713787540308e-01
2.802203801544877471e-01
3.014566680892470374e-01
2.651155731641799962e-01
4.669452833230574584e-01
4.532935065331069047e-01
2.352873206098817782e-01
4.999785096438272292e-01
4.643470493110269937e-01
3.705039362113853874e-01
5.068153697920807499e-01
1.778755012669238356e-01
3.905471628311564247e-01
5.366539380333180675e-01
3.354858544589470748e-01
4.239035299915617783e-01
5.438466698923084541e-01
2.580197533834335255e-01
5.497687078943647165e-01
1.023411401305531626e-01
2.584120350090201024e-01
4.507923694038119544e-01
3.827164117582775860e-01
4.718078640951144931e-01
7.599153683839443563e-02
2.129510133537660943e-01
2.681986389535536697e-01
2.721442389631695269e-01
3.021816412464375379e-01
4.207061056652692810e-01
2.890046091099265357e-01
3.612697286910511174e-01
3.026837407064569829e-01
5.163791598046754139e-01
5.317994361694267091e-01
5.224629432087549707e-01
3.881507640112636937e-01
5.350211428496716159e-01
3.437172408817062985e-01
4.068569968634950795e-01
1.945029307568757471e-01
2.626064850762858671e-01
3.781116652653780386e-01
1.478779339140326166e-01
6.159523633781731622e-01
3.771591741847546420e-01
3.207037615325480373e-01
4.419171976175715888e-01
1.597059747504638305e-01
4.343282841137967587e-01
4.040773209077324624e-01
4.928282154650865388e-01
2.927960464183488321e-01
3.850872767922275397e-01
5.098955187263094491e-01
1.033801033947381320e-01
5.927020325433004500e-01
4.823936186847320728e-01
3.297278970684265897e-01
2.937971093787049015e-01
5.725316006161072779e-02
3.966352987032257249e-01
5.472698211599221763e-01
5.947080545335081680e-01
3.410963163496878447e-01
4.119762196243140773e-01
4.477756238971923319e-01
5.890925270456344176e-01
5.388723948654098317e-01
2.575070155042216147e-01
5.171146037265899054e-01
2.800271271457396294e-01
2.362221628615574498e-01
3.969810649967009941e-01
3.308737813722295584e-01
4.608905043499031962e-01
1.723172321974646704e-01
4.074829246874441258e-01
4.230696969066845559e-01
2.937971093787049015e-01
4.098357102709566102e-01
2.661960127718639990e-01
4.097777151291244202e-01
1.504073882260535400e-01
2.835244432206236453e-01
6.124858588269540549e-01
2.284117700094612791e-01
3.017296179830275538e-01
5.158742789227238612e-01
4.361149956619408963e-01
4.200187770167143619e-01
1.804442699801348804e-01
3.426887977535239549e-01
4.457707243500131922e-01
1.424865436123061435e-01
4.976017878250107995e-01
4.197355629900036411e-01
2.502983082427822081e-01
3.056327471556822828e-01
4.154717930489696953e-01
4.333639026103231623e-02
3.220277474752763491e-01
3.185007280800397633e-01
3.368019343449549230e-01
1.614972282483683186e-01
2.567246903830358584e-01
2.903878658443887484e-01
3.961815730141870495e-01
5.528708054281870066e-01
4.561778890967139177e-01
4.143328275841924868e-01
6.009254957593160862e-01
4.251591320360262882e-01
4.611072934267489987e-01
4.015578586149415319e-01
2.958998645672184513e-01
2.937971093787049015e-01
2.186739804355934125e-01
5.329265694694624855e-01
1.025987552012332243e-01
3.118809174811044693e-01
4.366983617018364572e-01
3.328984096823729977e-01
5.187632537428257251e-01
3.245500344288455019e-01
3.739000779595513246e-01
5.297414242479079327e-01
4.589283271733576308e-01
5.431139229934244250e-01
4.362083248405054792e-01
3.647657333608335661e-01
5.142657560108950809e-01
5.433287705837130943e-01
2.138013024574979271e-01
1.877484205502621128e-01
1.334096111585739430e-01
5.959050056816199703e-01
4.385315226844273551e-01
3.320287617364787169e-01
3.171057607900910069e-01
3.031913012535366603e-01
3.737500025765960743e-01
1.668638740809738341e-01
3.907103092341597805e-01
5.319422441001588897e-01
3.239037703153555547e-01
4.830411319435427009e-01
4.155153889274477153e-01
3.040682481453328423e-01
4.206672220934479789e-01
3.013853396879222490e-01
3.157563044645357309e-01
4.026245506601500157e-01
3.932916457961344037e-01
2.987805593561561612e-01
4.012876427466655072e-01
5.040740622838084661e-01
3.129483830443256509e-01
3.110891435286938789e-01
5.132951112670069982e-01
2.756698081940265332e-01
4.590337323588105645e-01
3.328984096823729977e-01
1.357849065112246290e-01
3.872355218454091030e-01
3.024232204218597619e-01
3.614936584138884190e-01
2.937825441239148017e-01
3.570488745521236962e-01
3.655841682194945763e-01
1.934254303513365525e-01
4.647191473342481283e-01
3.369230417797612342e-01
2.834923834870939352e-01
4.318344234794643244e-01
4.573779513629598337e-01
2.471828499054906647e-01
3.536781897785848394e-01
2.590719373405956927e-01
5.714631214865194542e-01
3.958009951880172572e-01
5.341729484393702432e-01
5.695701228259757443e-01
5.438679833174093758e-01
5.431970839752487956e-01
1.881659801665980791e-01
5.718578455872175281e-01
3.062702049921470770e-01
5.219201678435885228e-01
4.385340733605937458e-01
4.375476977839802828e-01
4.800840046985194731e-01
3.843091936513067797e-01
3.917588096781735585e-01
5.635990815951203992e-01
4.688352004882342383e-01
5.068153697920807499e-01
3.955784256179229463e-01
6.031177377936376427e-01
2.861385971313919474e-01
6.387109174039142800e-01
4.650573197014237770e-01
1.987627163837497046e-01
3.023503713851513064e-01
3.439382307787615667e-01
2.509324681817701186e-01
3.981587409739752448e-01
1.536564790238270084e-01
1.887265215005672070e-01
3.615723988473281691e-01
5.696379512713694027e-01
3.661789710381438967e-01
3.703210221720319995e-01
1.451950580936357260e-01
1.863696341512212085e-01
5.460278572296036748e-01
2.065151997401897532e-01
6.306330680702929570e-01
3.328984096823729977e-01
5.097070277073153521e-01
5.254625026252326414e-01
3.052736743151746590e-01
3.949140270699820210e-01
4.330627881690224390e-01
1.406927007727285794e-01
3.969810649967009941e-01
3.669446091868303061e-01
2.645267127765732473e-01
2.517146306375850351e-01
4.603379151178681461e-01
3.083729601806606269e-01
3.401799469595861436e-01
3.987920821812531713e-01
3.661984005591895630e-01
4.734074613033934509e-01
4.568551891393228814e-01
1.628104009456078360e-01
5.132951112670069982e-01
3.790918548806205268e-01
3.383810066134385064e-01
4.975819711292007175e-01
3.950430724709457775e-01
3.516773083259142618e-01
4.954057923262343288e-01
3.083729601806606269e-01
5.255211677613015331e-01
2.421228909724568723e-01
5.605459872900971918e-01
5.237663029745817100e-01
4.057118389930958746e-01
4.901310194793209174e-01
3.969810649967009941e-01
1.838559499610694647e-01
5.582652799277083577e-01
1.842076918422986542e-01
4.851837512694420207e-01
6.127027731509384623e-01
4.415069999344951590e-01
1.675795817562775458e-01
2.796703472113539202e-01
5.321405488820819540e-01
5.706547624223529125e-01
5.138244734431791638e-01
3.786980513723759434e-01
3.614273802266456115e-01
2.293099662996053445e-01
4.482694349069454298e-01
3.459031463462721168e-01
3.861473879058355818e-01
3.559010327550753416e-01
2.696416666367879578e-01
4.106828139397873945e-01
4.341016009287620436e-01
3.111820050832946327e-01
1.312129211358307457e-01
2.810023136315090708e-01
4.398341690092921197e-01
4.916890367163854192e-01
5.165558110713421858e-01
5.087418574586873854e-01
3.374082714376409053e-01
3.946009913357894638e-01
3.221673249652891591e-01
3.963617823389845030e-01
2.580822454692077716e-01
1.685692283100286015e-01
5.404170319662517930e-01
3.034886101047062357e-01
4.757485405929403055e-01
4.732548759885691902e-01
5.957245446152710233e-01
2.702062464374143103e-01
3.633976590741148094e-01
3.804479657269663750e-01
2.105394583828320287e-01
5.773311148805548854e-01
2.718625062826985350e-01
2.790367210018734889e-01
1.375101406313261887e-01
5.431970839752487956e-01
4.955305801560030421e-01
4.824663704340366177e-01
5.500657989922103086e-01
8.448314316049732042e-02
4.145019972831959221e-01
4.765066203626477925e-01
4.435766246043988392e-01
6.062230316760122140e-01
4.428066255686204378e-01
5.431970839752487956e-01
3.243407783697323521e-01
4.078615041721316281e-01
1.887817329337976024e-01
3.345209880255772261e-01
1.691149545185676728e-01
5.132951112670069982e-01
2.362387070211369455e-01
1.790851999752536838e-01
2.780509336190834513e-01
2.104138710501671783e-01
3.553310172286350266e-01
2.668051461498354149e-01
3.528017646632497506e-01
2.923861706360094681e-01
5.525877811950655749e-01
4.905803363651424220e-01
5.503216301486668627e-01
2.213102773128840794e-01
3.975446915678602644e-01
4.307777487627623136e-02
6.219254905715380088e-01
3.541945985942614450e-01
1.762844971556856433e-01
3.119709273506481306e-01
2.560766332086434338e-01
2.467051984790409602e-01
2.506488511814857212e-01
6.468868585294914597e-01
3.735260291991544523e-01
2.630040299919992886e-01
3.280337992830339444e-01
4.237832798500325571e-01
3.491735254157792290e-01
3.250850695208483687e-01
3.732456832799472268e-01
1.945418441593433634e-01
1.898549055050166579e-01
5.554231404695433305e-01
3.834535299382070273e-01
5.125378101083493121e-01
2.389797487560205158e-01
1.433890691919238458e-01
4.516426987321434661e-01
5.223540203976501095e-01
2.802571706959112174e-01
3.966620813226705566e-01
4.268576424703989236e-01
3.938759858534038871e-01
5.382494409594099638e-01
5.431970839752487956e-01
5.603487732496447160e-01
3.580238186508996057e-01
5.655053501120409498e-01
2.252988158873643898e-01
5.367512145235685539e-01
1.591125497542783263e-01
4.268576424703989236e-01
4.769676333563605541e-01
5.925645574382435443e-01
3.633124525622597467e-01
4.073681115190032065e-01
6.077583752312932797e-01
5.337193060058983418e-01
3.927281358451323312e-01
5.367512145235685539e-01
4.896698288529444110e-01
3.800163190816366332e-01
4.203356893837095765e-01
2.997818796707986122e-01
1.303102368405445188e-01
2.925641220823080313e-01
5.614657585172099230e-01
4.027632003858816478e-01
2.086804323590032428e-01
3.544498185862576811e-01
4.602592395426976513e-01
4.341760774506951415e-01
2.005041606017682054e-01
1.581217728580941451e-01
1.721461387855644232e-01
5.293448229992244736e-01
3.607118448830893831e-01
4.277967798154414525e-01
4.374200371694290657e-01
5.498989966200351631e-01
4.345221203272706112e-01
4.478362507880275234e-01
2.780427659465556922e-01
2.150850827175313507e-01
3.996198660891863153e-01
3.881507640112636937e-01
3.497009467290314588e-01
3.021160910516914599e-01
2.498002743776384094e-01
5.879524718787818571e-01
2.560203746885466591e-01
5.098825714982464508e-01
1.653912320496282451e-01
2.161918404388822879e-01
5.467967412020604545e-01
5.795400064171737919e-02
1.519450676144840362e-01
3.031983182114825759e-01
5.618644274350449441e-01
4.369908049355365476e-01
5.254574522032715578e-01
4.130710038231573122e-01
3.717334562928043540e-01
2.045896587548595436e-01
2.501980958764520868e-01
2.395584169368546179e-01
1.767902769067278834e-01
5.051191701414298185e-01
5.554231404695433305e-01
3.420420933521676199e-01
1.726432466533990573e-01
6.468868585294914597e-01
3.704198402934519851e-01
3.787810536385317062e-01
3.940576852553619447e-01
5.328816523116272075e-01
8.471685068318486611e-02
3.031913012535366603e-01
4.622261343268161959e-01
1.271352165768840359e-01
5.199453769809447845e-01
5.325768485885340464e-01
3.813508138309583129e-01
3.847183661787585418e-01
3.892866246982183420e-01
5.431970839752487956e-01
6.018916297353040790e-01
2.866665338807937169e-01
4.468009398551306965e-01
4.651036903497036690e-01
4.497333760559534266e-01
4.192031512279014716e-01
3.965663945875939067e-01
5.656421788171355214e-01
2.815927941246335053e-01
4.633546859857340938e-01
5.766987139103022519e-01
3.236890927701446263e-01
5.399989171049247583e-01
5.279219570910533843e-01
4.251591320360262882e-01
5.350211428496716159e-01
4.538816936004118618e-01
4.604515172867974515e-01
2.820223830790070663e-01
4.675944654350273066e-01
6.089063423794196517e-01
2.986591592276218177e-01
5.845260914177233813e-01
6.108021297376629022e-01
2.963665543225246779e-01
4.590123329757149762e-01
4.345997600410444472e-01
2.121332614817835471e-01
2.949083974085884297e-01
2.801288892505229278e-01
4.479604887776609257e-01
1.148119873239940442e-01
3.957332770224692986e-01
4.519396752886225554e-01
5.689408024156342725e-01
4.357115644425332279e-01
4.128988587510512009e-01
4.465229640691191215e-01
4.830684576470530289e-01
6.291522771794753055e-01
4.882513254948979142e-01
1.789610796451728825e-01
4.171974708869422566e-01
4.383870217865640240e-01
5.698273750437423679e-01
4.305749468809877967e-01
3.642346185562377325e-01
1.096992160900555763e-01
2.794761236152365491e-01
1.370944210565620824e-01
5.691551737549778167e-01
5.132951112670069982e-01
3.595237200723328530e-01
5.669230138465310986e-01
3.858676127186099758e-01
3.627767612999782121e-01
4.309341031849412973e-01
4.034871473480521331e-01
2.881414441845915886e-01
2.898074460745262981e-01
2.045896587548595436e-01
3.649654957907826902e-01
2.192934261744388658e-01
2.698256750554956507e-01
6.333164429043930399e-01
2.587906221852331323e-01
2.096602649419461728e-01
2.208227929986310845e-01
4.369651714715805380e-01
3.066103284083169789e-01
3.638869380083633032e-01
3.508719283766735808e-01
2.819130290227752633e-01
4.671227377305040562e-01
1.383632317370178111e-01
3.480561734495377646e-01
2.088306867258361565e-01
4.492810811985408770e-01
1.927319891227217419e-01
3.165282015401460480e-01
2.362221628615574498e-01
3.083729601806606269e-01
3.164846239550260232e-01
4.909998093004218078e-01
2.566958165001653192e-01
5.988453114563867530e-01
5.695701228259757443e-01
4.521020674024270880e-01
4.385340733605937458e-01
4.707046133975830160e-01
4.324747431870605840e-01
5.046778200130167535e-01
1.823224519561555679e-01
2.463793079190311763e-01
5.132951112670069982e-01
2.104987277015505365e-01
2.503362213311737805e-01
3.293484595628852762e-01
5.554231404695433305e-01
5.156282577873730899e-01
2.125123643020251640e-01
3.805666378584891540e-01
1.776257590962528887e-01
3.463280583334304996e-01
2.891666409693058881e-01
3.477050274536575003e-01
3.340621287629501612e-01
3.037913649717035591e-01
3.530093746319616366e-01
2.396709413567550129e-01
1.438761157128592705e-01
4.764796830811762751e-01
3.737547355672201088e-01
1.604463168229219305e-01
1.230256262791876443e-01
4.778666796640143599e-01
4.425947371368670891e-01
1.447670068207294047e-01
5.321405488820819540e-01
1.776257590962528887e-01
4.147476646083727014e-01
3.369361810880832642e-01
4.157429296136385677e-01
5.007529210167669387e-01
4.989050413646337057e-01
4.549066666033093065e-01
5.613941817003986756e-01
1.932773646392728362e-01
5.665233066766901526e-01
1.634254710379474951e-01
3.219010434162573042e-01
3.321396270735360590e-01
5.386202903570082023e-01
3.100865811366191327e-01
5.132951112670069982e-01
3.894486273505886054e-01
5.400538165116738343e-01
4.147560816318427435e-01
4.418836811714717538e-01
3.287349351553569554e-01
4.254475211081995001e-01
1.599566489469369246e-01
5.367173425003225473e-01
5.431970839752487956e-01
4.298715346289289085e-01
1.741303486487867369e-01
4.402886142717252760e-01
3.790918548806205268e-01
5.059562991489328088e-01
4.219598562348131909e-01
6.134831359976602450e-01
5.132951112670069982e-01
4.040773209077324624e-01
3.248061111944211543e-01
1.275242229638121338e-01
5.367173425003225473e-01
4.058743942919688652e-01
4.572709559026354453e-01
4.192099082330726367e-01
3.186013770963526115e-01
4.471395215361915199e-01
3.856524427078866224e-01
1.947830750333868766e-01
3.319142902172863563e-01
5.027800545815004352e-01
2.909188779567249417e-01
1.642501379031930109e-01
5.614428064853541622e-01
1.916756161944569437e-01
5.641750209474266642e-01
4.209831247918091601e-01
4.112627682684162345e-01
2.685482913383292480e-01
4.855494569073776079e-01
2.984770146526393164e-01
3.775006041208679441e-01
3.682856528543759778e-01
4.614392839901350629e-01
2.187256392155488283e-01
7.244204997741009178e-02
5.318253975626127117e-01
2.637068504123512014e-01
5.235348510437233260e-01
3.894486273505886054e-01
3.100173807933151449e-01
4.231639561362001145e-01
4.125373648469762289e-01
6.263137502437569060e-01
3.194228553045715402e-01
4.814623802245821538e-01
1.378754104507953215e-01
1.656375961854415213e-01
6.101870617241139660e-01
3.880220170207022701e-01
4.438129387227221501e-01
2.440005786120534870e-01
3.328984096823729977e-01
4.447012612768260209e-01
2.860278420741802496e-01
3.114204378011410923e-01
4.590838381781872646e-01
4.198839448861300117e-01
4.271289500156013608e-01
2.607813815903166077e-01
3.845599973564393093e-01
1.355605432565906709e-01
4.049565650711109410e-01
2.911894340190960273e-01
7.403653304879358188e-02
2.522742138569289971e-01
5.631373064647739873e-02
6.404071170545652114e-01
4.740450623685362186e-01
2.814708744023683429e-01
2.761063206647048629e-01
3.006271505738249417e-01
1.811920041283174021e-01
3.655898440456322729e-01
3.467904564253744826e-01
5.996174230631954316e-01
1.303169593377903890e-01
1.703367470074461931e-01
4.681498431568827390e-01
3.180358092465152553e-01
6.010588648889883534e-02
1.500303343658473121e-01
4.132608803561407251e-01
5.367122920783614637e-01
2.899798389384816710e-01
3.730302042569890175e-01
4.089615769184085092e-01
4.226077097916583480e-01
4.145911054772813964e-01
4.091760121805654848e-01
2.669113767191285125e-01
3.001405786408021248e-01
3.944362093402777880e-01
5.158742789227238612e-01
5.290055207053737663e-01
3.209808262885433527e-01
5.001685600676512022e-01
1.636911049397425100e-01
3.348015266486806252e-01
3.280337992830339444e-01
4.117212853620970670e-01
2.710256801549978389e-01
2.737953893488372925e-01
4.236334774122938462e-01
4.015578586149415319e-01
3.633128518979497068e-01
4.797195900935367630e-01
3.120395463601379760e-01
3.514625264254110926e-01
3.293019126331555579e-01
3.868742693928718390e-01
5.479645620484711044e-01
2.098339352227754084e-01
1.424865436123061435e-01
3.154232703482275357e-01
2.898074460745262981e-01
3.642373343923237528e-01
3.479748569786852985e-01
3.356145569633879333e-01
5.288678814797925787e-01
5.431970839752487956e-01
2.838958592965616923e-01
2.692328248449336048e-01
5.942221136173968521e-01
5.769711750803935280e-01
6.253580295539304945e-01
4.516250127967820771e-01
5.403587408046265361e-01
3.562385359595305334e-01
1.931735125183381696e-01
4.418836811714717538e-01
4.028695779256759590e-01
6.241533265953668197e-01
4.843876447014927034e-01
3.747653943293022261e-01
3.703085927707278069e-01
2.222817018111569176e-01
1.579649199938795157e-01
5.205085652390888384e-01
1.599078829081545527e-01
5.068153697920807499e-01
2.960933910408807268e-01
4.734074613033934509e-01
4.476942721908377942e-01
5.367173425003225473e-01
3.638018435433259534e-01
5.304017383879175984e-01
4.561621366445655079e-01
5.250498747319097825e-01
5.599614795783592891e-01
5.813703895637465369e-01
4.866906221484540995e-01
2.373685709166726276e-01
1.229606161542606685e-01
6.468868585294914597e-01
3.038648869129556562e-01
4.290155370620457043e-01
5.440889425523021128e-01
5.051243199295855080e-01
5.540475845112217135e-01
2.846425293117942901e-01
1.552846223936255599e-01
4.077836093907411530e-01
3.387467804357084389e-01
3.819788483013841218e-01
4.129388107173433964e-01
2.113313954163716091e-01
4.202998228647440992e-01
2.039734677785843553e-01
3.826826215354449667e-01
4.137343279481344727e-01
4.230702380158989917e-01
2.266047374508876888e-01
3.986164446368623548e-01
2.073455126009266514e-01
5.024935737352335119e-01
3.956427109724787727e-01
3.061639487497890832e-01
1.895789735860033132e-01
3.988538322426936622e-01
3.133429228602297445e-01
4.863601322640611624e-01
4.099313594838614461e-01
4.133369632635731095e-01
3.354920621436806583e-01
1.989393991440952525e-01
4.642223243646764197e-01
3.856605836679540822e-01
2.831157034973917908e-01
2.118705470336218477e-01
5.625823782294336883e-01
3.813945185341285349e-01
4.318899228252041089e-01
3.668581038465573707e-01
1.667540805683919436e-01
3.835598309785042126e-01
1.630461477619540855e-01
5.211407065683854034e-01
2.790367210018734889e-01
5.660762750054649795e-01
3.274673509614033917e-01
5.185479461161591752e-01
3.083729601806606269e-01
2.680371828152536273e-01
1.690657079673192620e-01
5.349976030397507465e-01
3.362914851103439573e-01
2.293362884669141455e-01
2.979768325652050742e-01
3.176520257172352757e-01
2.867549278024009163e-01
3.779295040600700317e-01
4.226274519628225312e-01
5.365392483450436290e-01
1.767232335166351864e-01
3.020558371998441349e-01
4.300839110567947765e-01
4.606357195527361892e-01
5.520809331534920483e-01
5.660762750054649795e-01
3.155421629355020796e-01
2.331971121704064787e-01
3.633357813749265031e-01
3.485533452401858856e-01
2.770987284761183278e-01
4.765066203626477925e-01
1.844148916656090376e-01
3.083729601806606269e-01
4.822423640038231429e-01
3.838020746393678295e-01
3.915415400888617170e-01
4.281749700465738440e-01
5.051554649952153531e-01
4.476812406678126188e-01
3.144029841868009600e-01
3.328984096823729977e-01
3.172719142677549176e-01
1.726545148422285181e-01
4.516275489214137129e-01
5.857033971623771818e-01
2.813419127766690342e-01
1.635659169427675919e-01
5.329132403675512775e-01
4.796506734012213058e-01
4.415069999344951590e-01
4.020949903752258914e-01
1.778972190168122969e-01
2.743790120154425138e-01
3.038894378466641677e-01
4.349144964858633888e-02
5.347730173545137689e-01
4.383149673675936775e-01
2.909188779567249417e-01
2.039828221287727228e-01
5.987989072356373343e-01
4.276496837552912211e-01
4.104518335825951270e-01
4.255599184100496979e-01
4.347397785465004216e-01
4.891463213828480261e-01
3.174719435104880194e-01
7.895065005609533393e-02
2.598171749651090878e-01
3.480696799762337257e-01
3.149512485987623900e-01
3.083729601806606269e-01
5.146516980524793450e-01
3.954320136877860214e-01
2.530607633925984756e-01
4.312375197310125974e-01
4.200921825456882530e-01
2.837615045602574493e-01
2.058922326338690767e-01
2.039005036808116955e-01
5.349976030397507465e-01
4.087343164532015183e-01
8.495438172557318035e-02
1.680870820184274805e-01
3.464163189006155275e-01
4.970663463294296425e-01
4.049403644316916240e-01
2.692185957305967547e-01
5.367173425003225473e-01
5.779762291109793448e-01
3.896877579184669371e-01
1.732300431136775121e-01
3.083729601806606269e-01
6.101870617241139660e-01
1.530452915927830171e-01
3.958009951880172572e-01
6.136507264393827876e-01
5.641750209474266642e-01
1.886538817980804306e-01
5.365392483450436290e-01
2.255006973325948405e-01
6.243987182728991669e-01
5.630903813510494960e-01
2.994387186217452035e-01
6.357481155800278616e-01
5.364851860673021111e-01
2.964699294649374428e-01
5.743002569836951343e-01
2.813530374250018951e-01
5.302025563563268484e-01
2.569833749915216292e-01
5.773311148805548854e-01
2.118705470336218477e-01
2.390983500007810569e-01
4.926794409893399118e-01
2.821591134573023241e-01
5.118389637121435465e-01
5.006038122714787653e-01
5.805346067810890354e-01
3.317090816675699050e-01
3.081081263014593952e-01
5.132951112670069982e-01
3.122688116110783896e-01
1.037438400021400142e-01
5.686520353153756702e-01
1.393955677125701398e-01
3.301376088341811954e-01
1.473316523565628977e-01
5.105873126172486565e-01
4.767658118842412751e-01
4.237229425347393552e-01
4.266881611606723190e-01
4.989926776709770473e-01
2.016480124719217115e-01
3.891373691903079468e-01
4.380168798014347775e-01
4.276042601001063259e-01
9.549671495119048392e-02
2.737953893488372925e-01
3.658970063646328486e-01
6.306330680702929570e-01
3.062702049921470770e-01
2.088306867258361565e-01
5.695701228259757443e-01
3.553916276970238153e-01
3.849714322317899229e-01
3.514098644210726929e-01
4.712638695192131744e-01
5.530124079721424613e-01
5.144723123445500423e-01
2.965146337546069044e-01
3.708184418584689057e-01
2.041873153666156071e-01
4.023157813320129561e-01
3.901865086545773242e-01
5.110128834771135997e-01
5.677999739386481171e-01
5.527975440633469129e-01
4.374526068303130066e-01
2.200981736516146314e-01
5.300595068701174917e-01
1.688556030340312430e-01
5.205085652390888384e-01
2.212051445529500115e-01
4.219598562348131909e-01
4.955672412927065729e-01
5.736812912376181295e-01
4.015578586149415319e-01
2.956098564289228459e-01
3.142667833804318467e-01
1.471246894114506820e-01
5.051191701414298185e-01
5.705688520319730506e-01
1.438521189847465076e-01
4.792137298932951373e-01
2.762846898439909049e-01
3.185977047047344191e-01
5.607887041876594703e-01
2.668051461498354149e-01
4.079789136461943744e-01
2.776610232700274516e-01
3.822191421605279360e-01
3.141945036205515684e-01
3.847024701861135876e-01
2.537355128629805723e-01
2.941255098705837234e-01
3.005204854333398679e-01
5.079617162110522388e-01
3.127483922592201870e-01
2.909687372315268306e-01
2.803427869374096604e-01
3.829789557456034221e-01
1.834620645484719703e-01
2.093724889051450377e-01
5.874285076983727372e-01
5.051191701414298185e-01
4.149850068965671435e-01
2.855037369517628987e-01
6.306330680702929570e-01
1.729376343879027722e-01
3.683299233004302398e-01
4.647191473342481283e-01
2.316905895927731107e-01
4.605332470212374352e-01
3.351608816850232819e-01
2.449298085446467987e-01
3.280337992830339444e-01
2.485303551820516599e-01
1.142966385876255236e-01
3.603562360354342076e-01
2.132802306025037287e-01
4.022266482963788858e-01
3.501096772016447645e-01
3.589166382528851118e-01
4.933454578758265097e-01
4.169398782672015802e-01
1.388979727840787826e-01
3.881941172948691898e-01
3.600649076571766916e-01
5.755822158073333750e-01
5.874285076983727372e-01
1.929915022332336916e-01
4.823765477595938767e-01
5.205085652390888384e-01
6.306330680702929570e-01
2.324512854166138898e-01
4.374562844189079369e-01
5.611736870752231932e-01
4.370797771767114259e-01
4.403285370310083824e-01
2.979575160264330003e-01
5.367122920783614637e-01
2.084036259966896565e-01
1.616198698306977322e-01
3.754991068264579290e-01
4.023157813320129561e-01
5.247640563962331361e-01
3.729998446624182562e-01
3.829688858756624126e-01
1.818759566129262706e-01
4.015780692415857889e-01
3.731675709531119267e-01
2.400680389167137718e-01
3.253443281873809045e-01
2.973261849058047024e-01
3.389472987139494076e-01
4.271852197611678004e-01
3.172719142677549176e-01
1.520136616784857342e-01
2.977838743289756285e-01
3.310769512519244895e-01
2.835724308562352913e-01
5.438830694132047450e-01
5.341440386973603793e-01
3.787628364682116278e-01
2.613459781252079894e-01
4.061747522093707152e-01
2.868677672630291497e-01
4.335199400169231221e-01
6.095096273916269514e-01
1.712888348026773422e-01
3.676865840454293100e-01
3.328984096823729977e-01
1.959712263487246031e-01
5.582652799277083577e-01
4.342765212903677008e-01
5.657084977486755983e-01
2.119018633916038008e-01
4.195998624446120595e-01
5.448994036896059878e-01
3.916340071929305666e-01
3.519268299368938924e-01
1.624805150538474463e-01
4.334165257932455773e-01
2.348014060944120518e-01
2.518493519686260118e-01
3.880513755736202386e-01
1.242340183636345269e-01
5.407527897141111151e-01
5.123326241135117698e-01
6.075655786210393261e-01
3.973546745086267706e-01
3.297130531517456498e-01
1.730194807425000092e-01
4.535681931525624155e-01
2.973359178037762174e-01
3.915414991366852893e-01
1.964874553490072728e-01
4.440022158364124727e-01
4.191278193875423996e-01
1.899214146459041741e-01
4.326174563249376437e-01
4.386087975704365260e-01
4.213270892934610767e-01
4.643146059366769496e-01
4.245689144059835440e-01
5.431970839752487956e-01
3.741209521719051634e-01
1.622144261047722136e-01
1.351039163033370960e-01
3.097805673494701262e-01
2.960418644720126391e-01
2.047020713358212451e-01
5.393906192968678237e-01
1.102646264714988028e-01
5.267020489219883528e-01
3.621721217477628096e-01
5.672684456625857186e-01
4.870623491075386502e-01
4.103244942451437782e-01
3.995502462459227799e-01
3.278062363537828094e-01
5.987989072356373343e-01
5.051191701414298185e-01
4.104333424276631614e-01
4.331460616134226171e-01
4.708986447055623081e-01
3.543005434337753168e-01
2.768921366990823030e-01
3.113685128320388684e-01
3.905957305533077628e-01
2.087766994924382113e-01
2.941741907828877012e-01
5.631282982852038321e-01
3.050492965090059738e-01
3.526768901479096496e-01
4.121255418614053756e-01
3.000258167145515298e-01
4.289240170550113751e-01
3.208764396065849067e-01
1.751222359310135313e-01
5.068153697920807499e-01
3.201136463868858861e-01
4.146490430366117086e-01
4.256292203022784548e-01
4.085806149317207647e-01
5.766987139103022519e-01
4.035303444105378667e-01
4.266825966537756143e-01
4.336648431607832976e-01
2.747902422338505124e-01
1.824237210757287397e-01
3.062702049921470770e-01
5.455981574756868513e-01
1.537380696871704089e-01
4.351176486438678159e-01
2.262054346058342547e-01
5.158742789227238612e-01
4.477651972028308114e-01
1.051492109118737361e-01
2.326157760696115351e-01
4.603479973566136918e-01
1.579649199938795157e-01
4.197518016712924460e-01
3.043383783674327714e-01
2.601121361340222871e-01
1.947622588550170508e-01
5.695701228259757443e-01
3.448407475235188979e-01
3.313970030086071938e-01
3.696174277139698261e-01
4.003040907914349744e-01
5.758091494866451887e-01
4.489691200951912431e-01
1.550033606631835148e-01
5.122835122678994768e-01
5.350211428496716159e-01
4.249278037932134322e-01
4.872126310183480524e-01
4.335865330370146098e-01
3.501771438335202768e-01
3.387467804357084389e-01
1.490679059381888605e-01
1.815915439555084998e-01
6.131438783978092610e-01
2.004379304345901835e-01
1.031297233471464986e-01
1.706229073041900246e-01
5.939332712649154633e-01
4.170797512573097832e-01
2.643906505216030989e-01
6.468868585294914597e-01
2.998280849512798274e-01
6.299045168985812904e-01
5.431970839752487956e-01
2.562921623304570962e-01
2.099325545078666588e-01
4.576693160161147134e-01
5.169177985842644540e-01
4.969811249542211984e-01
2.390983500007810569e-01
5.254625026252326414e-01
2.262446692854017116e-01
2.945110193158271272e-01
4.117212853620970670e-01
5.105873126172486565e-01
3.876151522627257484e-01
5.758241307074506432e-01
9.613109846411620196e-02
3.567335487181766962e-01
4.001610994074251693e-01
4.417785800091559856e-01
4.368221295729571851e-01
6.115050214605350920e-01
2.372186056056840020e-01
1.065116329667290945e-01
2.222444826230948745e-01
4.844778740913323611e-01
6.174502582469009182e-01
5.051554649952153531e-01
2.932980675079595589e-01
3.612697286910511174e-01
4.015780692415857889e-01
5.250498747319097825e-01
3.647657333608335661e-01
1.465832897899572995e-01
6.243987182728991669e-01
1.237955144114831901e-01
4.179372252852746605e-01
2.422429422776574137e-01
1.824636814611231561e-01
